NO_OF_FRAMES	12050
NO_OF_CAMERAS	8
NO_OF_BODIES	2
FREQUENCY	200
NO_OF_ANALOG	0
ANALOG_FREQUENCY	0
DESCRIPTION	--
TIME_STAMP	2013-07-05, 11:17:07	182240.91042693
DATA_INCLUDED	6D
BODY_NAMES	Ice 2 V2	Ice 3
Frame	Time	Ice 2 V2 X	Y	Z	Roll	Pitch	Yaw	Residual	Rot[0]	Rot[1]	Rot[2]	Rot[3]	Rot[4]	Rot[5]	Rot[6]	Rot[7]	Rot[8]	Ice 3 X	Y	Z	Roll	Pitch	Yaw	Residual	Rot[0]	Rot[1]	Rot[2]	Rot[3]	Rot[4]	Rot[5]	Rot[6]	Rot[7]	Rot[8]	
1	0.00500	0.35535	-13.72843	0.65933	0.19207	-0.00513	-0.90207	0.20363	0.99988	0.01574	0.00009	-0.01574	0.99987	0.00335	-0.00004	-0.00335	0.99999		-0.33037	6.94389	0.81166	0.07723	-0.01912	4.05640	1.67833	0.99749	-0.07074	0.00033	0.07074	0.99749	0.00135	-0.00043	-0.00132	1.00000	
2	0.01000	0.33641	-13.73333	0.65718	0.18992	-0.00673	-0.90124	0.19931	0.99988	0.01573	0.00012	-0.01573	0.99987	0.00331	-0.00007	-0.00332	0.99999		-0.33017	6.90705	0.79097	0.07298	-0.02198	4.05259	1.65876	0.99750	-0.07067	0.00038	0.07067	0.99750	0.00127	-0.00047	-0.00124	1.00000	
3	0.01500	0.32554	-13.73375	0.64985	0.18931	-0.00532	-0.90139	0.19211	0.99988	0.01573	0.00009	-0.01573	0.99987	0.00330	-0.00004	-0.00331	0.99999		-0.31632	6.92599	0.78247	0.07321	-0.02714	4.05191	1.66531	0.99750	-0.07066	0.00047	0.07066	0.99750	0.00128	-0.00056	-0.00124	1.00000	
4	0.02000	0.35392	-13.72084	0.65490	0.18709	-0.01211	-0.89957	0.20049	0.99988	0.01570	0.00021	-0.01570	0.99987	0.00327	-0.00016	-0.00327	0.99999		-0.31224	6.91803	0.77996	0.07046	-0.03110	4.05240	1.65375	0.99750	-0.07067	0.00054	0.07067	0.99750	0.00123	-0.00063	-0.00119	1.00000	
5	0.02500	0.33416	-13.71863	0.64104	0.18773	-0.00769	-0.90008	0.20828	0.99988	0.01571	0.00013	-0.01571	0.99987	0.00328	-0.00008	-0.00328	0.99999		-0.30218	6.92331	0.78145	0.06893	-0.03422	4.05045	1.64850	0.99750	-0.07063	0.00060	0.07063	0.99750	0.00120	-0.00068	-0.00116	1.00000	
6	0.03000	0.34148	-13.71865	0.63549	0.18462	-0.01000	-0.89758	0.19036	0.99988	0.01567	0.00017	-0.01567	0.99987	0.00322	-0.00012	-0.00322	0.99999		-0.30197	6.92013	0.78553	0.06610	-0.03568	4.05038	1.66061	0.99750	-0.07063	0.00062	0.07063	0.99750	0.00115	-0.00070	-0.00111	1.00000	
7	0.03500	0.33810	-13.71133	0.64326	0.18241	-0.01312	-0.90116	0.19585	0.99988	0.01573	0.00023	-0.01573	0.99987	0.00318	-0.00018	-0.00319	0.99999		-0.30031	6.91160	0.76855	0.06572	-0.04116	4.05227	1.64476	0.99750	-0.07067	0.00072	0.07067	0.99750	0.00115	-0.00080	-0.00109	1.00000	
8	0.04000	0.32920	-13.70820	0.63039	0.18122	-0.01546	-0.90384	0.20733	0.99988	0.01577	0.00027	-0.01578	0.99987	0.00316	-0.00022	-0.00317	0.99999		-0.29922	6.92599	0.77071	0.06468	-0.04449	4.04868	1.63570	0.99750	-0.07060	0.00078	0.07060	0.99750	0.00113	-0.00085	-0.00107	1.00000	
9	0.04500	0.31002	-13.71060	0.64656	0.17976	-0.01119	-0.89815	0.18656	0.99988	0.01567	0.00020	-0.01568	0.99987	0.00314	-0.00015	-0.00314	1.00000		-0.28689	6.90798	0.74592	0.06206	-0.04652	4.05060	1.65288	0.99750	-0.07064	0.00081	0.07064	0.99750	0.00108	-0.00089	-0.00102	1.00000	
10	0.05000	0.31981	-13.70597	0.63504	0.17780	-0.01522	-0.89976	0.20032	0.99988	0.01570	0.00027	-0.01570	0.99987	0.00310	-0.00022	-0.00311	1.00000		-0.28419	6.91014	0.75423	0.06056	-0.04708	4.04780	1.63408	0.99751	-0.07059	0.00082	0.07059	0.99751	0.00106	-0.00089	-0.00100	1.00000	
11	0.05500	0.31660	-13.68898	0.63179	0.17865	-0.01800	-0.89315	0.21229	0.99988	0.01559	0.00031	-0.01559	0.99987	0.00312	-0.00027	-0.00312	1.00000		-0.28757	6.91482	0.74923	0.06079	-0.05128	4.04950	1.63762	0.99750	-0.07062	0.00089	0.07062	0.99750	0.00106	-0.00097	-0.00100	1.00000	
12	0.06000	0.31989	-13.68888	0.63417	0.17601	-0.01672	-0.89824	0.20852	0.99988	0.01568	0.00029	-0.01568	0.99987	0.00307	-0.00024	-0.00308	1.00000		-0.27083	6.93031	0.74469	0.06268	-0.05550	4.04861	1.64612	0.99750	-0.07060	0.00097	0.07060	0.99750	0.00109	-0.00104	-0.00102	1.00000	
13	0.06500	0.33721	-13.69197	0.61683	0.17764	-0.02096	-0.90007	0.21219	0.99988	0.01571	0.00037	-0.01571	0.99987	0.00310	-0.00032	-0.00311	1.00000		-0.24683	6.90840	0.73303	0.05783	-0.05963	4.04905	1.62868	0.99750	-0.07061	0.00104	0.07061	0.99750	0.00101	-0.00111	-0.00093	1.00000	
14	0.07000	0.36145	-13.70457	0.62979	0.17226	-0.02708	-0.90104	0.20372	0.99988	0.01573	0.00047	-0.01573	0.99987	0.00301	-0.00043	-0.00301	1.00000		-0.28560	6.91603	0.74569	0.05899	-0.05851	4.04507	1.63441	0.99751	-0.07054	0.00102	0.07054	0.99751	0.00103	-0.00109	-0.00095	1.00000	
15	0.07500	0.32046	-13.69815	0.62920	0.17161	-0.02861	-0.89567	0.20497	0.99988	0.01563	0.00050	-0.01563	0.99987	0.00300	-0.00045	-0.00300	1.00000		-0.23498	6.92187	0.72098	0.05846	-0.06491	4.04675	1.61970	0.99751	-0.07057	0.00113	0.07057	0.99751	0.00102	-0.00120	-0.00094	1.00000	
16	0.08000	0.32173	-13.68825	0.62471	0.17196	-0.02474	-0.89816	0.20389	0.99988	0.01568	0.00043	-0.01568	0.99987	0.00300	-0.00038	-0.00301	1.00000		-0.26258	6.92014	0.72302	0.05655	-0.06330	4.04863	1.62741	0.99750	-0.07060	0.00110	0.07060	0.99750	0.00099	-0.00117	-0.00091	1.00000	
17	0.08500	0.34594	-13.70569	0.62179	0.16861	-0.02900	-0.89836	0.19479	0.99988	0.01568	0.00051	-0.01568	0.99987	0.00294	-0.00046	-0.00295	1.00000		-0.24571	6.92306	0.71780	0.05595	-0.06791	4.04389	1.63953	0.99751	-0.07052	0.00119	0.07052	0.99751	0.00098	-0.00125	-0.00089	1.00000	
18	0.09000	0.35244	-13.69815	0.61919	0.16960	-0.03264	-0.90139	0.19677	0.99988	0.01573	0.00057	-0.01573	0.99987	0.00296	-0.00052	-0.00297	1.00000		-0.23203	6.92308	0.71312	0.05598	-0.06697	4.04331	1.62916	0.99751	-0.07051	0.00117	0.07051	0.99751	0.00098	-0.00123	-0.00089	1.00000	
19	0.09500	0.31702	-13.67771	0.61534	0.16938	-0.03242	-0.89732	0.19006	0.99988	0.01566	0.00057	-0.01566	0.99987	0.00296	-0.00052	-0.00296	1.00000		-0.24221	6.93062	0.70762	0.05629	-0.07023	4.04210	1.63555	0.99751	-0.07049	0.00123	0.07049	0.99751	0.00098	-0.00129	-0.00089	1.00000	
20	0.10000	0.34314	-13.67916	0.60984	0.16887	-0.03822	-0.89673	0.18759	0.99988	0.01565	0.00067	-0.01565	0.99987	0.00295	-0.00062	-0.00296	1.00000		-0.25236	6.91326	0.69696	0.05348	-0.06853	4.04390	1.63472	0.99751	-0.07052	0.00120	0.07052	0.99751	0.00093	-0.00126	-0.00085	1.00000	
21	0.10500	0.39090	-13.69710	0.61279	0.16528	-0.04779	-0.89641	0.21099	0.99988	0.01564	0.00083	-0.01565	0.99987	0.00288	-0.00079	-0.00290	1.00000		-0.21129	6.91999	0.70349	0.05378	-0.07168	4.04618	1.62502	0.99751	-0.07056	0.00125	0.07056	0.99751	0.00094	-0.00131	-0.00085	1.00000	
22	0.11000	0.33783	-13.69053	0.62519	0.16736	-0.04695	-0.89473	0.19699	0.99988	0.01562	0.00082	-0.01562	0.99987	0.00292	-0.00077	-0.00293	1.00000		-0.21606	6.92959	0.68049	0.05357	-0.07419	4.04402	1.61597	0.99751	-0.07052	0.00129	0.07052	0.99751	0.00094	-0.00136	-0.00084	1.00000	
23	0.11500	0.36333	-13.69438	0.60590	0.16645	-0.04799	-0.89318	0.20300	0.99988	0.01559	0.00084	-0.01559	0.99987	0.00291	-0.00079	-0.00292	1.00000		-0.21330	6.91148	0.68846	0.05210	-0.07494	4.04403	1.63095	0.99751	-0.07052	0.00131	0.07052	0.99751	0.00091	-0.00137	-0.00081	1.00000	
24	0.12000	0.35025	-13.90372	0.40018	0.11256	-0.05299	-0.88763	0.14654	0.99988	0.01549	0.00092	-0.01549	0.99988	0.00196	-0.00089	-0.00198	1.00000		-0.10604	6.81162	0.74320	0.03535	-0.09622	4.03945	1.62428	0.99751	-0.07044	0.00168	0.07044	0.99752	0.00062	-0.00172	-0.00050	1.00000	
25	0.12500	0.35645	-13.91033	0.39339	0.11251	-0.05519	-0.88501	0.16163	0.99988	0.01545	0.00096	-0.01545	0.99988	0.00196	-0.00093	-0.00198	1.00000		-0.09464	6.80358	0.75095	0.03410	-0.09827	4.03918	1.62425	0.99751	-0.07044	0.00172	0.07044	0.99752	0.00060	-0.00175	-0.00047	1.00000	
26	0.13000	0.36396	-13.92294	0.39427	0.11184	-0.05488	-0.89184	0.16717	0.99988	0.01556	0.00096	-0.01557	0.99988	0.00195	-0.00093	-0.00197	1.00000		-0.10634	6.80286	0.72750	0.03387	-0.09632	4.03929	1.62425	0.99751	-0.07044	0.00168	0.07044	0.99752	0.00059	-0.00172	-0.00047	1.00000	
27	0.13500	0.35008	-13.91454	0.38331	0.11027	-0.06001	-0.88414	0.15308	0.99988	0.01543	0.00105	-0.01543	0.99988	0.00192	-0.00102	-0.00194	1.00000		-0.06516	6.79396	0.73468	0.03213	-0.10149	4.03982	1.62637	0.99751	-0.07045	0.00177	0.07045	0.99752	0.00056	-0.00181	-0.00043	1.00000	
28	0.14000	0.35482	-13.91908	0.38366	0.10970	-0.06032	-0.88403	0.17117	0.99988	0.01543	0.00105	-0.01543	0.99988	0.00191	-0.00102	-0.00193	1.00000		-0.06223	6.79249	0.72320	0.03296	-0.10030	4.04206	1.61580	0.99751	-0.07049	0.00175	0.07049	0.99751	0.00058	-0.00179	-0.00045	1.00000	
29	0.14500	0.33936	-13.91033	0.37874	0.11033	-0.06267	-0.88171	0.16052	0.99988	0.01539	0.00109	-0.01539	0.99988	0.00193	-0.00106	-0.00194	1.00000		-0.05295	6.79351	0.72413	0.03398	-0.10010	4.04207	1.63507	0.99751	-0.07049	0.00175	0.07049	0.99751	0.00059	-0.00178	-0.00047	1.00000	
30	0.15000	0.38801	-13.94781	0.38664	0.10224	-0.07280	-0.88222	0.15004	0.99988	0.01540	0.00127	-0.01540	0.99988	0.00178	-0.00124	-0.00180	1.00000		-0.04302	6.78268	0.72272	0.03004	-0.09997	4.04285	1.62241	0.99751	-0.07050	0.00174	0.07050	0.99751	0.00052	-0.00178	-0.00040	1.00000	
31	0.15500	0.33850	-13.93597	0.38270	0.10933	-0.06392	-0.88775	0.14368	0.99988	0.01549	0.00112	-0.01550	0.99988	0.00191	-0.00109	-0.00193	1.00000		-0.03312	6.79944	0.72392	0.03197	-0.09980	4.04112	1.60836	0.99751	-0.07047	0.00174	0.07047	0.99751	0.00056	-0.00178	-0.00043	1.00000	
32	0.16000	0.37348	-13.92329	0.37316	0.10811	-0.07360	-0.88376	0.15576	0.99988	0.01542	0.00128	-0.01543	0.99988	0.00189	-0.00126	-0.00191	1.00000		-0.04825	6.79704	0.70449	0.03243	-0.09892	4.04312	1.62228	0.99751	-0.07051	0.00173	0.07051	0.99751	0.00057	-0.00176	-0.00044	1.00000	
33	0.16500	0.35353	-13.93421	0.38320	0.10877	-0.07140	-0.88185	0.16251	0.99988	0.01539	0.00125	-0.01539	0.99988	0.00190	-0.00122	-0.00192	1.00000		-0.03708	6.79107	0.71261	0.03253	-0.10131	4.03831	1.62157	0.99752	-0.07042	0.00177	0.07042	0.99752	0.00057	-0.00180	-0.00044	1.00000	
34	0.17000	0.37362	-13.94441	0.37249	0.10706	-0.07487	-0.88224	0.15715	0.99988	0.01540	0.00131	-0.01540	0.99988	0.00187	-0.00128	-0.00189	1.00000		-0.05092	6.79878	0.70009	0.03248	-0.09511	4.04114	1.63406	0.99751	-0.07047	0.00166	0.07047	0.99751	0.00057	-0.00170	-0.00045	1.00000	
35	0.17500	0.33936	-13.93609	0.37910	0.10964	-0.07583	-0.88742	0.15499	0.99988	0.01549	0.00132	-0.01549	0.99988	0.00191	-0.00129	-0.00193	1.00000		-0.03259	6.79876	0.68956	0.03305	-0.09798	4.04457	1.63041	0.99751	-0.07053	0.00171	0.07053	0.99751	0.00058	-0.00175	-0.00045	1.00000	
36	0.18000	0.37078	-13.92557	0.36186	0.11071	-0.07936	-0.88216	0.16549	0.99988	0.01540	0.00139	-0.01540	0.99988	0.00193	-0.00136	-0.00195	1.00000		-0.04552	6.77092	0.68718	0.02973	-0.09296	4.04463	1.62171	0.99751	-0.07053	0.00162	0.07053	0.99751	0.00052	-0.00165	-0.00040	1.00000	
37	0.18500	0.38239	-13.94963	0.34489	0.10986	-0.08281	-0.88533	0.15772	0.99988	0.01545	0.00145	-0.01545	0.99988	0.00192	-0.00142	-0.00194	1.00000		-0.03680	6.79075	0.68313	0.03371	-0.09266	4.04275	1.62909	0.99751	-0.07050	0.00162	0.07050	0.99751	0.00059	-0.00165	-0.00047	1.00000	
38	0.19000	0.38725	-13.95379	0.34133	0.10786	-0.08527	-0.88361	0.15699	0.99988	0.01542	0.00149	-0.01542	0.99988	0.00188	-0.00146	-0.00191	1.00000		-0.02501	6.79848	0.67541	0.03418	-0.09295	4.04085	1.63421	0.99751	-0.07047	0.00162	0.07047	0.99751	0.00060	-0.00166	-0.00048	1.00000	
39	0.19500	0.36692	-13.96764	0.35204	0.10844	-0.08270	-0.88409	0.16897	0.99988	0.01543	0.00144	-0.01543	0.99988	0.00189	-0.00141	-0.00191	1.00000		-0.01994	6.79232	0.67846	0.03418	-0.08861	4.04310	1.64739	0.99751	-0.07051	0.00155	0.07051	0.99751	0.00060	-0.00158	-0.00049	1.00000	
40	0.20000	0.39199	-13.95698	0.34065	0.11124	-0.08754	-0.88472	0.16021	0.99988	0.01544	0.00153	-0.01544	0.99988	0.00194	-0.00150	-0.00196	1.00000		-0.01518	6.77607	0.66684	0.03281	-0.08666	4.04120	1.63958	0.99751	-0.07047	0.00151	0.07047	0.99751	0.00057	-0.00155	-0.00046	1.00000	
41	0.20500	0.38952	-13.93928	0.34461	0.11515	-0.08720	-0.88505	0.16448	0.99988	0.01545	0.00152	-0.01545	0.99988	0.00201	-0.00149	-0.00203	1.00000		-0.02788	6.80485	0.67157	0.03536	-0.08564	4.04259	1.61909	0.99751	-0.07050	0.00149	0.07050	0.99751	0.00062	-0.00153	-0.00051	1.00000	
42	0.21000	0.41627	-13.95964	0.33290	0.11318	-0.09152	-0.88200	0.16554	0.99988	0.01539	0.00160	-0.01540	0.99988	0.00198	-0.00157	-0.00200	1.00000		-0.02024	6.78380	0.66489	0.03430	-0.08225	4.04341	1.63392	0.99751	-0.07051	0.00144	0.07051	0.99751	0.00060	-0.00147	-0.00050	1.00000	
43	0.21500	0.43425	-13.97792	0.33279	0.11077	-0.09715	-0.88419	0.17238	0.99988	0.01543	0.00170	-0.01543	0.99988	0.00193	-0.00167	-0.00196	1.00000		-0.00471	6.79859	0.64998	0.03713	-0.08112	4.04510	1.64196	0.99751	-0.07054	0.00142	0.07054	0.99751	0.00065	-0.00146	-0.00055	1.00000	
44	0.22000	0.40555	-13.98157	0.33363	0.10971	-0.09812	-0.87898	0.18167	0.99988	0.01534	0.00171	-0.01534	0.99988	0.00191	-0.00168	-0.00194	1.00000		-0.00245	6.77697	0.64574	0.03403	-0.07698	4.04317	1.63856	0.99751	-0.07051	0.00134	0.07051	0.99751	0.00059	-0.00138	-0.00050	1.00000	
45	0.22500	0.42850	-13.98151	0.31819	0.11404	-0.09787	-0.88776	0.17313	0.99988	0.01549	0.00171	-0.01550	0.99988	0.00199	-0.00168	-0.00202	1.00000		0.00914	6.78800	0.63143	0.03626	-0.07534	4.04527	1.63310	0.99751	-0.07054	0.00131	0.07054	0.99751	0.00063	-0.00136	-0.00054	1.00000	
46	0.23000	0.44222	-13.99782	0.32181	0.11062	-0.09805	-0.87960	0.16062	0.99988	0.01535	0.00171	-0.01535	0.99988	0.00193	-0.00168	-0.00196	1.00000		0.00248	6.77975	0.63446	0.03635	-0.07427	4.04555	1.64752	0.99751	-0.07055	0.00130	0.07055	0.99751	0.00063	-0.00134	-0.00054	1.00000	
47	0.23500	0.44622	-13.97814	0.30331	0.11621	-0.10166	-0.88202	0.16876	0.99988	0.01539	0.00177	-0.01540	0.99988	0.00203	-0.00174	-0.00206	1.00000		-0.02312	6.78170	0.61868	0.03691	-0.06859	4.04335	1.65628	0.99751	-0.07051	0.00120	0.07051	0.99751	0.00064	-0.00124	-0.00056	1.00000	
48	0.24000	0.45237	-13.99272	0.31358	0.11407	-0.10065	-0.88151	0.15817	0.99988	0.01538	0.00176	-0.01539	0.99988	0.00199	-0.00173	-0.00202	1.00000		-0.00101	6.76762	0.60819	0.03436	-0.06711	4.04634	1.65223	0.99751	-0.07056	0.00117	0.07056	0.99751	0.00060	-0.00121	-0.00052	1.00000	
49	0.24500	0.43898	-13.98529	0.29749	0.11854	-0.10074	-0.88095	0.16828	0.99988	0.01537	0.00176	-0.01538	0.99988	0.00207	-0.00173	-0.00210	1.00000		-0.02498	6.76172	0.60394	0.03392	-0.06150	4.04700	1.65833	0.99751	-0.07057	0.00107	0.07057	0.99751	0.00059	-0.00111	-0.00051	1.00000	
50	0.25000	0.43034	-13.98059	0.29189	0.12017	-0.09893	-0.88459	0.16808	0.99988	0.01544	0.00173	-0.01544	0.99988	0.00210	-0.00169	-0.00212	1.00000		-0.00078	6.76313	0.58585	0.03657	-0.06088	4.04567	1.65633	0.99751	-0.07055	0.00106	0.07055	0.99751	0.00064	-0.00110	-0.00056	1.00000	
51	0.25500	0.44039	-13.99676	0.29227	0.11972	-0.09969	-0.88510	0.16787	0.99988	0.01545	0.00174	-0.01545	0.99988	0.00209	-0.00171	-0.00212	1.00000		-0.02347	6.76273	0.57721	0.03522	-0.05541	4.04336	1.66226	0.99751	-0.07051	0.00097	0.07051	0.99751	0.00061	-0.00101	-0.00054	1.00000	
52	0.26000	0.48179	-13.99349	0.27373	0.12220	-0.10469	-0.88256	0.16948	0.99988	0.01540	0.00183	-0.01541	0.99988	0.00213	-0.00179	-0.00216	1.00000		-0.01915	6.78187	0.56919	0.03793	-0.05066	4.04567	1.66094	0.99751	-0.07055	0.00088	0.07055	0.99751	0.00066	-0.00093	-0.00060	1.00000	
53	0.26500	0.47432	-13.99964	0.26236	0.12224	-0.10196	-0.88718	0.17191	0.99988	0.01548	0.00178	-0.01549	0.99988	0.00213	-0.00175	-0.00216	1.00000		0.02378	6.77579	0.55697	0.03916	-0.05114	4.04815	1.65797	0.99750	-0.07059	0.00089	0.07059	0.99750	0.00068	-0.00094	-0.00062	1.00000	
54	0.27000	0.45903	-14.00613	0.25141	0.12261	-0.10249	-0.88383	0.15828	0.99988	0.01543	0.00179	-0.01543	0.99988	0.00214	-0.00176	-0.00217	1.00000		-0.00149	6.75796	0.54122	0.03719	-0.04745	4.04590	1.66197	0.99751	-0.07056	0.00083	0.07056	0.99751	0.00065	-0.00087	-0.00059	1.00000	
55	0.27500	0.44336	-14.01487	0.25890	0.12233	-0.09989	-0.88255	0.16014	0.99988	0.01540	0.00174	-0.01541	0.99988	0.00214	-0.00171	-0.00216	1.00000		0.00687	6.76607	0.54100	0.03721	-0.04507	4.04708	1.66866	0.99751	-0.07058	0.00079	0.07058	0.99751	0.00065	-0.00083	-0.00059	1.00000	
56	0.28000	0.48329	-14.01138	0.25207	0.12542	-0.09988	-0.88098	0.16129	0.99988	0.01538	0.00174	-0.01538	0.99988	0.00219	-0.00171	-0.00222	1.00000		0.01175	6.76264	0.52116	0.03847	-0.04251	4.04933	1.67753	0.99750	-0.07062	0.00074	0.07061	0.99750	0.00067	-0.00079	-0.00062	1.00000	
57	0.28500	0.46237	-14.02126	0.24106	0.12533	-0.10388	-0.88161	0.17569	0.99988	0.01539	0.00181	-0.01539	0.99988	0.00219	-0.00178	-0.00222	1.00000		0.03754	6.75144	0.51837	0.03758	-0.04219	4.04882	1.65805	0.99750	-0.07061	0.00074	0.07061	0.99750	0.00066	-0.00078	-0.00060	1.00000	
58	0.29000	0.46640	-14.02238	0.24179	0.12714	-0.09610	-0.87888	0.16114	0.99988	0.01534	0.00168	-0.01534	0.99988	0.00222	-0.00164	-0.00224	1.00000		-0.00923	6.76089	0.50295	0.03922	-0.03621	4.04701	1.65874	0.99751	-0.07057	0.00063	0.07057	0.99751	0.00068	-0.00068	-0.00064	1.00000	
59	0.29500	0.52452	-14.04350	0.22928	0.12380	-0.10787	-0.88401	0.18893	0.99988	0.01543	0.00188	-0.01543	0.99988	0.00216	-0.00185	-0.00219	1.00000		-0.00890	6.76885	0.48544	0.03936	-0.03550	4.05021	1.68813	0.99750	-0.07063	0.00062	0.07063	0.99750	0.00069	-0.00067	-0.00064	1.00000	
60	0.30000	0.50905	-14.06219	0.21745	0.12414	-0.10051	-0.88437	0.16550	0.99988	0.01543	0.00175	-0.01544	0.99988	0.00217	-0.00172	-0.00219	1.00000		0.00424	6.76373	0.48667	0.04018	-0.03129	4.05041	1.67440	0.99750	-0.07063	0.00055	0.07063	0.99750	0.00070	-0.00059	-0.00066	1.00000	
61	0.30500	0.48955	-14.03024	0.21998	0.12915	-0.09947	-0.88211	0.17730	0.99988	0.01540	0.00174	-0.01540	0.99988	0.00225	-0.00170	-0.00228	1.00000		0.00996	6.77276	0.46313	0.04072	-0.03049	4.04792	1.68004	0.99751	-0.07059	0.00053	0.07059	0.99751	0.00071	-0.00058	-0.00067	1.00000	
62	0.31000	0.50768	-14.04301	0.21598	0.12769	-0.10013	-0.87972	0.16520	0.99988	0.01535	0.00175	-0.01536	0.99988	0.00223	-0.00171	-0.00226	1.00000		-0.00784	6.77438	0.45432	0.04187	-0.02916	4.05072	1.67424	0.99750	-0.07064	0.00051	0.07064	0.99750	0.00073	-0.00056	-0.00069	1.00000	
63	0.31500	0.52657	-14.05048	0.19081	0.13081	-0.10002	-0.88050	0.17595	0.99988	0.01537	0.00175	-0.01537	0.99988	0.00228	-0.00171	-0.00231	1.00000		0.00723	6.76415	0.43986	0.03993	-0.02520	4.04725	1.69645	0.99751	-0.07058	0.00044	0.07058	0.99751	0.00070	-0.00049	-0.00066	1.00000	
64	0.32000	0.47146	-14.06122	0.19536	0.12941	-0.09324	-0.89042	0.15663	0.99988	0.01554	0.00163	-0.01554	0.99988	0.00226	-0.00159	-0.00228	1.00000		-0.01061	6.75944	0.42372	0.04080	-0.02571	4.04987	1.68602	0.99750	-0.07062	0.00045	0.07062	0.99750	0.00071	-0.00050	-0.00068	1.00000	
65	0.32500	0.50359	-14.05573	0.18609	0.13049	-0.09355	-0.88049	0.17693	0.99988	0.01537	0.00163	-0.01537	0.99988	0.00228	-0.00160	-0.00230	1.00000		-0.00373	6.76354	0.41616	0.04168	-0.02008	4.05148	1.67123	0.99750	-0.07065	0.00035	0.07065	0.99750	0.00073	-0.00040	-0.00070	1.00000	
66	0.33000	0.47424	-14.06656	0.18033	0.13173	-0.09022	-0.88553	0.16894	0.99988	0.01545	0.00157	-0.01546	0.99988	0.00230	-0.00154	-0.00232	1.00000		0.00690	6.74797	0.40480	0.03935	-0.02070	4.04589	1.69456	0.99751	-0.07056	0.00036	0.07056	0.99751	0.00069	-0.00041	-0.00066	1.00000	
67	0.33500	0.50130	-14.05022	0.18562	0.13271	-0.08864	-0.88583	0.17067	0.99988	0.01546	0.00155	-0.01546	0.99988	0.00232	-0.00151	-0.00234	1.00000		0.02955	6.76795	0.38698	0.04094	-0.01878	4.04865	1.68966	0.99750	-0.07060	0.00033	0.07060	0.99750	0.00071	-0.00038	-0.00069	1.00000	
68	0.34000	0.50572	-14.09683	0.16853	0.12924	-0.08906	-0.88471	0.16823	0.99988	0.01544	0.00155	-0.01544	0.99988	0.00226	-0.00152	-0.00228	1.00000		0.02353	6.74775	0.37998	0.04176	-0.01989	4.05220	1.68603	0.99750	-0.07067	0.00035	0.07067	0.99750	0.00073	-0.00040	-0.00070	1.00000	
69	0.34500	0.52289	-14.08018	0.16467	0.12861	-0.08769	-0.88261	0.18130	0.99988	0.01540	0.00153	-0.01541	0.99988	0.00224	-0.00150	-0.00227	1.00000		0.01554	6.75406	0.36497	0.04168	-0.01684	4.04980	1.69163	0.99750	-0.07062	0.00029	0.07062	0.99750	0.00073	-0.00034	-0.00070	1.00000	
70	0.35000	0.50651	-14.08519	0.15177	0.13205	-0.08427	-0.88340	0.15969	0.99988	0.01542	0.00147	-0.01542	0.99988	0.00230	-0.00144	-0.00233	1.00000		0.04213	6.74862	0.34540	0.03960	-0.01772	4.05058	1.69874	0.99750	-0.07064	0.00031	0.07064	0.99750	0.00069	-0.00036	-0.00067	1.00000	
71	0.35500	0.52077	-14.06278	0.14677	0.13723	-0.08760	-0.88501	0.18036	0.99988	0.01545	0.00153	-0.01545	0.99988	0.00240	-0.00149	-0.00242	1.00000		0.01590	6.73445	0.33942	0.03931	-0.01547	4.05094	1.69669	0.99750	-0.07064	0.00027	0.07064	0.99750	0.00069	-0.00032	-0.00067	1.00000	
72	0.36000	0.52532	-14.08180	0.12743	0.13239	-0.08141	-0.88468	0.16837	0.99988	0.01544	0.00142	-0.01544	0.99988	0.00231	-0.00138	-0.00233	1.00000		0.02821	6.77258	0.32094	0.04257	-0.01688	4.04921	1.69571	0.99750	-0.07061	0.00029	0.07061	0.99750	0.00074	-0.00035	-0.00072	1.00000	
73	0.36500	0.54504	-14.09339	0.13460	0.13027	-0.08339	-0.88016	0.18197	0.99988	0.01536	0.00146	-0.01536	0.99988	0.00227	-0.00142	-0.00230	1.00000		0.02628	6.74334	0.29465	0.04070	-0.01383	4.04893	1.70819	0.99750	-0.07061	0.00024	0.07061	0.99750	0.00071	-0.00029	-0.00069	1.00000	
74	0.37000	0.51790	-14.07637	0.11914	0.13682	-0.07782	-0.88374	0.19400	0.99988	0.01542	0.00136	-0.01543	0.99988	0.00239	-0.00132	-0.00241	1.00000		0.04369	6.75065	0.28815	0.04073	-0.01652	4.04987	1.69079	0.99750	-0.07062	0.00029	0.07062	0.99750	0.00071	-0.00034	-0.00069	1.00000	
75	0.37500	0.53800	-14.08562	0.11814	0.13395	-0.07894	-0.88183	0.17846	0.99988	0.01539	0.00138	-0.01539	0.99988	0.00234	-0.00134	-0.00236	1.00000		0.04221	6.74883	0.28888	0.04181	-0.01643	4.04881	1.70818	0.99750	-0.07061	0.00029	0.07061	0.99750	0.00073	-0.00034	-0.00071	1.00000	
76	0.38000	0.52759	-14.09370	0.10152	0.13489	-0.07621	-0.88315	0.17727	0.99988	0.01541	0.00133	-0.01542	0.99988	0.00235	-0.00129	-0.00237	1.00000		0.07336	6.76324	0.27253	0.04399	-0.01633	4.05089	1.68475	0.99750	-0.07064	0.00029	0.07064	0.99750	0.00077	-0.00034	-0.00075	1.00000	
77	0.38500	0.52321	-14.08857	0.10886	0.13488	-0.07239	-0.88036	0.17580	0.99988	0.01536	0.00126	-0.01537	0.99988	0.00235	-0.00123	-0.00237	1.00000		0.07519	6.74750	0.26365	0.04147	-0.02011	4.05106	1.69439	0.99750	-0.07065	0.00035	0.07065	0.99750	0.00072	-0.00040	-0.00070	1.00000	
78	0.39000	0.52266	-14.07767	0.09515	0.13709	-0.06856	-0.88017	0.17545	0.99988	0.01536	0.00120	-0.01536	0.99988	0.00239	-0.00116	-0.00241	1.00000		0.04064	6.75990	0.24721	0.04366	-0.01947	4.04848	1.69747	0.99750	-0.07060	0.00034	0.07060	0.99750	0.00076	-0.00039	-0.00074	1.00000	
79	0.39500	0.50089	-14.08659	0.09305	0.13603	-0.06632	-0.88023	0.18055	0.99988	0.01536	0.00116	-0.01537	0.99988	0.00237	-0.00112	-0.00239	1.00000		0.05612	6.73916	0.23096	0.04316	-0.02056	4.05294	1.70054	0.99750	-0.07068	0.00036	0.07068	0.99750	0.00075	-0.00041	-0.00073	1.00000	
80	0.40000	0.53692	-14.08134	0.07537	0.13708	-0.06647	-0.88185	0.15988	0.99988	0.01539	0.00116	-0.01539	0.99988	0.00239	-0.00112	-0.00241	1.00000		0.04335	6.75966	0.22725	0.04302	-0.02144	4.04961	1.69147	0.99750	-0.07062	0.00037	0.07062	0.99750	0.00075	-0.00043	-0.00072	1.00000	
81	0.40500	0.51338	-14.07718	0.06818	0.13972	-0.06274	-0.88261	0.17421	0.99988	0.01540	0.00110	-0.01541	0.99988	0.00244	-0.00106	-0.00246	1.00000		0.04359	6.75711	0.21840	0.04365	-0.02318	4.05212	1.68576	0.99750	-0.07066	0.00040	0.07066	0.99750	0.00076	-0.00046	-0.00073	1.00000	
82	0.41000	0.51169	-14.10038	0.07141	0.13441	-0.06242	-0.88194	0.17294	0.99988	0.01539	0.00109	-0.01539	0.99988	0.00235	-0.00105	-0.00236	1.00000		0.07919	6.74987	0.20574	0.04190	-0.02749	4.05043	1.68841	0.99750	-0.07063	0.00048	0.07063	0.99750	0.00073	-0.00053	-0.00070	1.00000	
83	0.41500	0.53500	-14.07495	0.06226	0.13761	-0.05865	-0.87874	0.17516	0.99988	0.01534	0.00102	-0.01534	0.99988	0.00240	-0.00099	-0.00242	1.00000		0.06306	6.74709	0.19534	0.04215	-0.03003	4.05121	1.67537	0.99750	-0.07065	0.00052	0.07065	0.99750	0.00074	-0.00057	-0.00070	1.00000	
84	0.42000	0.53310	-14.08969	0.05215	0.13749	-0.05903	-0.88661	0.20020	0.99988	0.01547	0.00103	-0.01548	0.99988	0.00240	-0.00099	-0.00242	1.00000		0.04965	6.74722	0.18299	0.04184	-0.02778	4.04985	1.69143	0.99750	-0.07062	0.00048	0.07062	0.99750	0.00073	-0.00054	-0.00069	1.00000	
85	0.42500	0.54969	-14.09221	0.05392	0.13621	-0.05807	-0.88106	0.18749	0.99988	0.01538	0.00101	-0.01538	0.99988	0.00238	-0.00098	-0.00239	1.00000		0.08708	6.75426	0.16981	0.04362	-0.03402	4.05106	1.67528	0.99750	-0.07065	0.00059	0.07064	0.99750	0.00076	-0.00065	-0.00072	1.00000	
86	0.43000	0.53356	-14.09563	0.03786	0.13575	-0.05924	-0.88483	0.17279	0.99988	0.01544	0.00103	-0.01545	0.99988	0.00237	-0.00100	-0.00238	1.00000		0.09504	6.74223	0.16913	0.04305	-0.03913	4.04921	1.68224	0.99750	-0.07061	0.00068	0.07061	0.99750	0.00075	-0.00073	-0.00070	1.00000	
87	0.43500	0.56030	-14.09347	0.04799	0.13678	-0.05568	-0.88449	0.17981	0.99988	0.01544	0.00097	-0.01544	0.99988	0.00239	-0.00093	-0.00240	1.00000		0.10210	6.76491	0.14427	0.04698	-0.04001	4.04947	1.68207	0.99750	-0.07062	0.00070	0.07062	0.99750	0.00082	-0.00075	-0.00077	1.00000	
88	0.44000	0.52386	-14.08226	0.02935	0.13980	-0.05038	-0.88216	0.19229	0.99988	0.01540	0.00088	-0.01540	0.99988	0.00244	-0.00084	-0.00245	1.00000		0.12400	6.75582	0.14245	0.04566	-0.04385	4.04908	1.68205	0.99750	-0.07061	0.00077	0.07061	0.99750	0.00080	-0.00082	-0.00074	1.00000	
89	0.44500	0.53679	-14.08317	0.02953	0.13667	-0.05044	-0.88270	0.18351	0.99988	0.01541	0.00088	-0.01541	0.99988	0.00239	-0.00084	-0.00240	1.00000		0.13498	6.75331	0.12855	0.04615	-0.04753	4.04890	1.67748	0.99750	-0.07061	0.00083	0.07061	0.99750	0.00081	-0.00088	-0.00074	1.00000	
90	0.45000	0.54831	-14.07430	0.02516	0.13731	-0.05214	-0.88589	0.18047	0.99988	0.01546	0.00091	-0.01546	0.99988	0.00240	-0.00087	-0.00241	1.00000		0.08976	6.74564	0.12072	0.04493	-0.04875	4.04681	1.67261	0.99751	-0.07057	0.00085	0.07057	0.99751	0.00078	-0.00090	-0.00072	1.00000	
91	0.45500	0.54046	-14.08325	0.00725	0.13586	-0.05392	-0.88685	0.19095	0.99988	0.01548	0.00094	-0.01548	0.99988	0.00237	-0.00090	-0.00239	1.00000		0.09139	6.76323	0.10647	0.04728	-0.05037	4.04820	1.66665	0.99750	-0.07060	0.00088	0.07059	0.99750	0.00083	-0.00094	-0.00076	1.00000	
92	0.46000	0.56463	-14.08350	0.01268	0.13699	-0.05279	-0.88664	0.17466	0.99988	0.01547	0.00092	-0.01548	0.99988	0.00239	-0.00088	-0.00240	1.00000		0.14299	6.77196	0.09959	0.04832	-0.05837	4.05223	1.66307	0.99750	-0.07067	0.00102	0.07066	0.99750	0.00084	-0.00108	-0.00077	1.00000	
93	0.46500	0.54190	-14.08853	0.01523	0.13594	-0.04781	-0.88689	0.17959	0.99988	0.01548	0.00083	-0.01548	0.99988	0.00237	-0.00080	-0.00239	1.00000		0.13349	6.74592	0.09765	0.04584	-0.06259	4.04925	1.66798	0.99750	-0.07061	0.00109	0.07061	0.99750	0.00080	-0.00115	-0.00072	1.00000	
94	0.47000	0.55770	-14.07699	0.00989	0.13680	-0.04983	-0.88515	0.19635	0.99988	0.01545	0.00087	-0.01545	0.99988	0.00239	-0.00083	-0.00240	1.00000		0.14467	6.76817	0.09648	0.04974	-0.06417	4.04948	1.66781	0.99750	-0.07062	0.00112	0.07062	0.99750	0.00087	-0.00118	-0.00079	1.00000	
95	0.47500	0.57647	-14.08256	0.00414	0.13723	-0.04728	-0.88773	0.16736	0.99988	0.01549	0.00083	-0.01550	0.99988	0.00240	-0.00079	-0.00241	1.00000		0.14209	6.75147	0.09443	0.04904	-0.06954	4.04790	1.65247	0.99750	-0.07059	0.00121	0.07059	0.99751	0.00086	-0.00127	-0.00077	1.00000	
96	0.48000	0.56431	-14.07380	-0.00884	0.13647	-0.05379	-0.88806	0.17923	0.99988	0.01550	0.00094	-0.01550	0.99988	0.00238	-0.00090	-0.00240	1.00000		0.14867	6.74935	0.08644	0.04905	-0.07037	4.05012	1.66891	0.99750	-0.07063	0.00123	0.07063	0.99750	0.00086	-0.00129	-0.00077	1.00000	
97	0.48500	0.59303	-14.09102	-0.01022	0.13175	-0.05602	-0.88280	0.18978	0.99988	0.01541	0.00098	-0.01541	0.99988	0.00230	-0.00094	-0.00231	1.00000		0.15182	6.77448	0.08301	0.05315	-0.07416	4.04855	1.66157	0.99750	-0.07060	0.00129	0.07060	0.99750	0.00093	-0.00136	-0.00083	1.00000	
98	0.49000	0.54126	-14.06844	-0.00986	0.13761	-0.05197	-0.88397	0.16988	0.99988	0.01543	0.00091	-0.01543	0.99988	0.00240	-0.00087	-0.00242	1.00000		0.17954	6.76095	0.07960	0.05348	-0.08082	4.04835	1.67114	0.99750	-0.07060	0.00141	0.07060	0.99750	0.00093	-0.00147	-0.00083	1.00000	
99	0.49500	0.58126	-14.07598	-0.00146	0.13507	-0.05485	-0.88717	0.19094	0.99988	0.01548	0.00096	-0.01549	0.99988	0.00236	-0.00092	-0.00237	1.00000		0.15627	6.74956	0.06973	0.05223	-0.08226	4.04936	1.65749	0.99750	-0.07062	0.00144	0.07061	0.99750	0.00091	-0.00150	-0.00081	1.00000	
100	0.50000	0.58047	-14.08805	-0.00338	0.13299	-0.05563	-0.88016	0.18891	0.99988	0.01536	0.00097	-0.01536	0.99988	0.00232	-0.00094	-0.00234	1.00000		0.17315	6.75672	0.08673	0.05443	-0.08332	4.04981	1.66356	0.99750	-0.07062	0.00145	0.07062	0.99750	0.00095	-0.00152	-0.00084	1.00000	
101	0.50500	0.61133	-14.06732	-0.00442	0.13563	-0.05950	-0.88636	0.18224	0.99988	0.01547	0.00104	-0.01547	0.99988	0.00237	-0.00100	-0.00238	1.00000		0.17901	6.75570	0.08246	0.05569	-0.08795	4.04815	1.67037	0.99750	-0.07059	0.00153	0.07059	0.99750	0.00097	-0.00160	-0.00086	1.00000	
102	0.51000	0.58064	-14.07770	0.00672	0.13197	-0.05883	-0.88452	0.19595	0.99988	0.01544	0.00103	-0.01544	0.99988	0.00230	-0.00099	-0.00232	1.00000		0.16662	6.76349	0.08270	0.05587	-0.09097	4.04597	1.65676	0.99751	-0.07056	0.00159	0.07056	0.99751	0.00098	-0.00165	-0.00086	1.00000	
103	0.51500	0.60513	-14.06341	0.00462	0.13474	-0.06126	-0.88611	0.17097	0.99988	0.01546	0.00107	-0.01547	0.99988	0.00235	-0.00103	-0.00237	1.00000		0.18204	6.73883	0.07939	0.05429	-0.09581	4.04615	1.65316	0.99751	-0.07056	0.00167	0.07056	0.99751	0.00095	-0.00173	-0.00083	1.00000	
104	0.52000	0.60438	-14.06731	0.00406	0.13424	-0.05988	-0.88438	0.18934	0.99988	0.01543	0.00105	-0.01544	0.99988	0.00234	-0.00101	-0.00236	1.00000		0.17187	6.75049	0.09246	0.05858	-0.09916	4.04742	1.65402	0.99750	-0.07058	0.00173	0.07058	0.99751	0.00102	-0.00180	-0.00090	1.00000	
105	0.52500	0.59338	-14.06971	0.00851	0.13254	-0.06349	-0.88358	0.17516	0.99988	0.01542	0.00111	-0.01542	0.99988	0.00231	-0.00107	-0.00233	1.00000		0.19096	6.75728	0.09780	0.05993	-0.10231	4.04733	1.65395	0.99750	-0.07058	0.00179	0.07058	0.99751	0.00105	-0.00185	-0.00092	1.00000	
106	0.53000	0.60099	-14.06014	0.02044	0.13653	-0.06218	-0.88508	0.17343	0.99988	0.01545	0.00109	-0.01545	0.99988	0.00238	-0.00105	-0.00240	1.00000		0.17309	6.75169	0.09814	0.06123	-0.10462	4.04841	1.65480	0.99750	-0.07060	0.00183	0.07060	0.99750	0.00107	-0.00190	-0.00094	1.00000	
107	0.53500	0.60642	-14.07323	0.02291	0.13090	-0.06735	-0.88213	0.17273	0.99988	0.01540	0.00118	-0.01540	0.99988	0.00228	-0.00114	-0.00230	1.00000		0.17619	6.74361	0.10240	0.06057	-0.11035	4.04714	1.67555	0.99750	-0.07058	0.00193	0.07058	0.99751	0.00106	-0.00200	-0.00092	1.00000	
108	0.54000	0.60721	-14.06174	0.01628	0.13478	-0.06545	-0.88290	0.17184	0.99988	0.01541	0.00114	-0.01541	0.99988	0.00235	-0.00111	-0.00237	1.00000		0.16507	6.72795	0.10462	0.05997	-0.10740	4.04595	1.66595	0.99751	-0.07056	0.00187	0.07055	0.99751	0.00105	-0.00194	-0.00091	1.00000	
109	0.54500	0.65864	-14.05416	0.00978	0.13515	-0.07484	-0.88271	0.17814	0.99988	0.01541	0.00131	-0.01541	0.99988	0.00236	-0.00127	-0.00238	1.00000		0.19940	6.74778	0.11861	0.06485	-0.11449	4.04951	1.65743	0.99750	-0.07062	0.00200	0.07062	0.99750	0.00113	-0.00207	-0.00099	1.00000	
110	0.55000	0.63674	-14.06397	0.02122	0.13400	-0.07250	-0.88352	0.16713	0.99988	0.01542	0.00127	-0.01542	0.99988	0.00234	-0.00123	-0.00236	1.00000		0.17898	6.72854	0.11739	0.06328	-0.11348	4.04565	1.67293	0.99751	-0.07055	0.00198	0.07055	0.99751	0.00110	-0.00205	-0.00096	1.00000	
111	0.55500	0.63312	-14.05420	0.02381	0.13354	-0.07657	-0.88383	0.17028	0.99988	0.01543	0.00134	-0.01543	0.99988	0.00233	-0.00130	-0.00235	1.00000		0.18316	6.73265	0.12137	0.06561	-0.11429	4.04612	1.67432	0.99751	-0.07056	0.00199	0.07056	0.99751	0.00115	-0.00207	-0.00100	1.00000	
112	0.56000	0.64973	-14.05268	0.02071	0.13213	-0.08292	-0.88252	0.17286	0.99988	0.01540	0.00145	-0.01541	0.99988	0.00231	-0.00141	-0.00233	1.00000		0.18322	6.74191	0.13414	0.06903	-0.11764	4.04878	1.66356	0.99750	-0.07061	0.00205	0.07060	0.99750	0.00120	-0.00213	-0.00106	1.00000	
113	0.56500	0.64134	-14.07194	0.02694	0.13084	-0.08328	-0.88017	0.17347	0.99988	0.01536	0.00145	-0.01536	0.99988	0.00228	-0.00142	-0.00231	1.00000		0.15818	6.72673	0.14251	0.06888	-0.11752	4.04500	1.67458	0.99751	-0.07054	0.00205	0.07054	0.99751	0.00120	-0.00213	-0.00105	1.00000	
114	0.57000	0.65567	-14.06130	0.03643	0.13405	-0.08636	-0.88555	0.17426	0.99988	0.01546	0.00151	-0.01546	0.99988	0.00234	-0.00147	-0.00236	1.00000		0.18240	6.73371	0.15189	0.07144	-0.11959	4.04836	1.67724	0.99750	-0.07060	0.00209	0.07060	0.99750	0.00125	-0.00217	-0.00110	1.00000	
115	0.57500	0.65642	-14.05912	0.04345	0.13352	-0.09143	-0.88170	0.17862	0.99988	0.01539	0.00160	-0.01539	0.99988	0.00233	-0.00156	-0.00235	1.00000		0.22771	6.75175	0.15887	0.07701	-0.12574	4.04607	1.67796	0.99751	-0.07056	0.00219	0.07056	0.99751	0.00134	-0.00228	-0.00119	1.00000	
116	0.58000	0.64935	-14.05567	0.04505	0.13450	-0.09336	-0.88085	0.18391	0.99988	0.01537	0.00163	-0.01538	0.99988	0.00235	-0.00159	-0.00237	1.00000		0.18697	6.72683	0.15732	0.07469	-0.12452	4.04607	1.68158	0.99751	-0.07056	0.00217	0.07056	0.99751	0.00130	-0.00226	-0.00115	1.00000	
117	0.58500	0.63105	-14.05292	0.05122	0.13411	-0.09485	-0.87970	0.15520	0.99988	0.01535	0.00166	-0.01536	0.99988	0.00234	-0.00162	-0.00237	1.00000		0.19905	6.74306	0.17463	0.08012	-0.12469	4.04852	1.68550	0.99750	-0.07060	0.00218	0.07060	0.99750	0.00140	-0.00227	-0.00124	1.00000	
118	0.59000	0.68303	-14.05868	0.06061	0.13409	-0.10431	-0.88113	0.18215	0.99988	0.01538	0.00182	-0.01538	0.99988	0.00234	-0.00178	-0.00237	1.00000		0.20148	6.74460	0.18971	0.08164	-0.12672	4.05257	1.66380	0.99750	-0.07067	0.00221	0.07067	0.99750	0.00142	-0.00231	-0.00127	1.00000	
119	0.59500	0.63054	-14.05713	0.07459	0.13338	-0.09861	-0.88022	0.16183	0.99988	0.01536	0.00172	-0.01537	0.99988	0.00233	-0.00169	-0.00235	1.00000		0.19925	6.74240	0.20509	0.08264	-0.12649	4.05152	1.68120	0.99750	-0.07065	0.00221	0.07065	0.99750	0.00144	-0.00230	-0.00128	1.00000	
120	0.60000	0.67328	-14.05529	0.08485	0.13465	-0.10744	-0.88363	0.18784	0.99988	0.01542	0.00188	-0.01543	0.99988	0.00235	-0.00184	-0.00238	1.00000		0.20059	6.75933	0.22330	0.08597	-0.12862	4.04872	1.67974	0.99750	-0.07060	0.00224	0.07060	0.99750	0.00150	-0.00235	-0.00134	1.00000	
121	0.60500	0.65634	-14.04936	0.09005	0.13597	-0.10709	-0.88111	0.18333	0.99988	0.01538	0.00187	-0.01538	0.99988	0.00237	-0.00183	-0.00240	1.00000		0.17572	6.73560	0.22958	0.08649	-0.12508	4.05048	1.67796	0.99750	-0.07064	0.00218	0.07063	0.99750	0.00151	-0.00228	-0.00135	1.00000	
122	0.61000	0.62677	-14.02982	0.09383	0.14176	-0.10707	-0.88342	0.17191	0.99988	0.01542	0.00187	-0.01542	0.99988	0.00247	-0.00183	-0.00250	1.00000		0.17619	6.73485	0.24014	0.08860	-0.12379	4.04978	1.68511	0.99750	-0.07062	0.00216	0.07062	0.99750	0.00155	-0.00226	-0.00139	1.00000	
123	0.61500	0.65035	-14.04998	0.10586	0.13733	-0.11184	-0.88286	0.16616	0.99988	0.01541	0.00195	-0.01541	0.99988	0.00240	-0.00191	-0.00243	1.00000		0.17768	6.73957	0.25352	0.08938	-0.12399	4.04982	1.68534	0.99750	-0.07062	0.00216	0.07062	0.99750	0.00156	-0.00227	-0.00140	1.00000	
124	0.62000	0.66815	-14.05611	0.12849	0.13795	-0.11533	-0.88021	0.16075	0.99988	0.01536	0.00201	-0.01537	0.99988	0.00241	-0.00198	-0.00244	1.00000		0.14748	6.72258	0.27268	0.09106	-0.12283	4.05215	1.69267	0.99750	-0.07066	0.00214	0.07066	0.99750	0.00159	-0.00225	-0.00143	1.00000	
125	0.62500	0.64100	-14.03963	0.13176	0.14133	-0.11860	-0.88093	0.17920	0.99988	0.01537	0.00207	-0.01538	0.99988	0.00247	-0.00203	-0.00250	0.99999		0.17220	6.73078	0.28347	0.09350	-0.12179	4.05247	1.70657	0.99750	-0.07067	0.00213	0.07067	0.99750	0.00163	-0.00224	-0.00148	1.00000	
126	0.63000	0.66298	-14.03899	0.12572	0.14053	-0.12864	-0.87937	0.17746	0.99988	0.01535	0.00225	-0.01535	0.99988	0.00245	-0.00221	-0.00249	0.99999		0.18200	6.73788	0.30137	0.09772	-0.12050	4.05133	1.69996	0.99750	-0.07065	0.00210	0.07065	0.99750	0.00171	-0.00222	-0.00155	1.00000	
127	0.63500	0.66428	-14.04753	0.12118	0.14110	-0.12512	-0.88148	0.17365	0.99988	0.01538	0.00218	-0.01539	0.99988	0.00246	-0.00215	-0.00250	0.99999		0.15672	6.72379	0.31145	0.09811	-0.11662	4.05113	1.71812	0.99750	-0.07065	0.00204	0.07064	0.99750	0.00171	-0.00215	-0.00156	1.00000	
128	0.64000	0.61785	-14.03163	0.14625	0.14515	-0.12379	-0.88659	0.17455	0.99988	0.01547	0.00216	-0.01548	0.99988	0.00253	-0.00212	-0.00257	0.99999		0.15403	6.72586	0.32830	0.09843	-0.11617	4.05121	1.71820	0.99750	-0.07065	0.00203	0.07064	0.99750	0.00172	-0.00214	-0.00157	1.00000	
129	0.64500	0.60844	-14.03176	0.16621	0.14549	-0.12780	-0.88120	0.18647	0.99988	0.01538	0.00223	-0.01538	0.99988	0.00254	-0.00219	-0.00257	0.99999		0.14412	6.71066	0.34315	0.10054	-0.11183	4.05299	1.71146	0.99750	-0.07068	0.00195	0.07068	0.99750	0.00175	-0.00207	-0.00161	1.00000	
130	0.65000	0.57965	-14.02904	0.15840	0.14609	-0.12621	-0.88317	0.16916	0.99988	0.01541	0.00220	-0.01542	0.99988	0.00255	-0.00216	-0.00258	0.99999		0.14112	6.73459	0.35924	0.10454	-0.11103	4.05340	1.71145	0.99750	-0.07069	0.00194	0.07068	0.99750	0.00182	-0.00206	-0.00168	1.00000	
131	0.65500	0.60647	-14.03616	0.16986	0.14658	-0.12824	-0.88284	0.18249	0.99988	0.01541	0.00224	-0.01541	0.99988	0.00256	-0.00220	-0.00259	0.99999		0.13788	6.72933	0.38224	0.10507	-0.10734	4.05269	1.72343	0.99750	-0.07067	0.00187	0.07067	0.99750	0.00183	-0.00200	-0.00170	1.00000	
132	0.66000	0.61587	-14.00987	0.18299	0.15241	-0.13000	-0.88188	0.18200	0.99988	0.01539	0.00227	-0.01540	0.99988	0.00266	-0.00223	-0.00269	0.99999		0.15644	6.73330	0.39911	0.10834	-0.10546	4.05379	1.73786	0.99750	-0.07069	0.00184	0.07069	0.99750	0.00189	-0.00197	-0.00176	1.00000	
133	0.66500	0.63639	-14.03417	0.19568	0.14671	-0.13499	-0.88214	0.17495	0.99988	0.01540	0.00236	-0.01540	0.99988	0.00256	-0.00232	-0.00260	0.99999		0.10991	6.74613	0.40279	0.11271	-0.09923	4.05821	1.71316	0.99749	-0.07077	0.00173	0.07077	0.99749	0.00197	-0.00187	-0.00184	1.00000	
134	0.67000	0.58466	-14.02759	0.20021	0.15053	-0.13558	-0.88081	0.17859	0.99988	0.01537	0.00237	-0.01538	0.99988	0.00263	-0.00233	-0.00266	0.99999		0.09754	6.73081	0.43004	0.11164	-0.09619	4.05227	1.74059	0.99750	-0.07067	0.00168	0.07066	0.99750	0.00195	-0.00181	-0.00182	1.00000	
135	0.67500	0.60626	-14.02870	0.21285	0.15108	-0.13600	-0.88550	0.17140	0.99988	0.01545	0.00237	-0.01546	0.99988	0.00264	-0.00233	-0.00267	0.99999		0.11528	6.72465	0.45428	0.11445	-0.09593	4.05729	1.73338	0.99749	-0.07075	0.00167	0.07075	0.99749	0.00200	-0.00181	-0.00187	1.00000	
136	0.68000	0.58416	-14.03032	0.21882	0.15132	-0.14146	-0.88176	0.18846	0.99988	0.01539	0.00247	-0.01540	0.99988	0.00264	-0.00243	-0.00268	0.99999		0.08707	6.73588	0.44670	0.11640	-0.08971	4.05442	1.73861	0.99750	-0.07070	0.00157	0.07070	0.99750	0.00203	-0.00171	-0.00192	1.00000	
137	0.68500	0.60362	-14.04487	0.23801	0.14849	-0.14067	-0.88164	0.17211	0.99988	0.01539	0.00246	-0.01539	0.99988	0.00259	-0.00241	-0.00263	0.99999		0.09965	6.72585	0.46861	0.11666	-0.08517	4.05691	1.74196	0.99749	-0.07075	0.00149	0.07074	0.99749	0.00204	-0.00163	-0.00193	1.00000	
138	0.69000	0.59692	-14.06825	0.22842	0.14717	-0.14343	-0.87800	0.17967	0.99988	0.01532	0.00250	-0.01533	0.99988	0.00257	-0.00246	-0.00261	0.99999		0.10246	6.71421	0.48434	0.11713	-0.08081	4.05792	1.75641	0.99749	-0.07076	0.00141	0.07076	0.99749	0.00204	-0.00155	-0.00194	1.00000	
139	0.69500	0.58415	-14.03245	0.23957	0.15294	-0.14234	-0.88415	0.16816	0.99988	0.01543	0.00248	-0.01544	0.99988	0.00267	-0.00244	-0.00271	0.99999		0.07778	6.71366	0.49963	0.11734	-0.07849	4.05664	1.76799	0.99749	-0.07074	0.00137	0.07074	0.99749	0.00205	-0.00151	-0.00195	1.00000	
140	0.70000	0.57866	-14.05673	0.24365	0.14984	-0.13948	-0.87861	0.18598	0.99988	0.01533	0.00243	-0.01534	0.99988	0.00262	-0.00239	-0.00265	0.99999		0.06107	6.70351	0.52132	0.11849	-0.06954	4.05651	1.75866	0.99749	-0.07074	0.00121	0.07074	0.99749	0.00207	-0.00136	-0.00198	1.00000	
