NO_OF_FRAMES	12051
NO_OF_CAMERAS	8
NO_OF_BODIES	2
FREQUENCY	200
NO_OF_ANALOG	0
ANALOG_FREQUENCY	0
DESCRIPTION	--
TIME_STAMP	2013-07-05, 10:18:22	178717.04496843
DATA_INCLUDED	6D
BODY_NAMES	Ice 2 V2	Ice 3
Frame	Time	Ice 2 V2 X	Y	Z	Roll	Pitch	Yaw	Residual	Rot[0]	Rot[1]	Rot[2]	Rot[3]	Rot[4]	Rot[5]	Rot[6]	Rot[7]	Rot[8]	Ice 3 X	Y	Z	Roll	Pitch	Yaw	Residual	Rot[0]	Rot[1]	Rot[2]	Rot[3]	Rot[4]	Rot[5]	Rot[6]	Rot[7]	Rot[8]	
1	0.00500	0.72857	-13.72002	0.50575	0.35886	-0.14172	-0.91450	0.26125	0.99987	0.01596	0.00247	-0.01598	0.99985	0.00626	-0.00237	-0.00630	0.99998		0.43235	7.42517	0.90756	0.10032	0.06755	3.94584	1.88725	0.99763	-0.06881	-0.00118	0.06882	0.99763	0.00175	0.00106	-0.00183	1.00000	
2	0.01000	0.66992	-13.73204	0.49424	0.35345	-0.13914	-0.90451	0.25766	0.99987	0.01579	0.00243	-0.01580	0.99986	0.00617	-0.00233	-0.00621	0.99998		0.48897	7.41851	0.88400	0.09926	0.06424	3.94108	1.86871	0.99763	-0.06873	-0.00112	0.06873	0.99763	0.00173	0.00100	-0.00181	1.00000	
3	0.01500	0.71924	-13.75768	0.50058	0.34895	-0.14210	-0.90019	0.25135	0.99987	0.01571	0.00248	-0.01573	0.99986	0.00609	-0.00238	-0.00613	0.99998		0.48208	7.41331	0.88844	0.09817	0.06866	3.93997	1.87857	0.99764	-0.06871	-0.00120	0.06871	0.99763	0.00171	0.00108	-0.00179	1.00000	
4	0.02000	0.65517	-13.72732	0.49120	0.35139	-0.13765	-0.90526	0.25633	0.99987	0.01580	0.00240	-0.01581	0.99986	0.00613	-0.00231	-0.00617	0.99998		0.46736	7.43116	0.87014	0.09935	0.07149	3.93898	1.87942	0.99764	-0.06869	-0.00125	0.06870	0.99764	0.00173	0.00113	-0.00182	1.00000	
5	0.02500	0.67129	-13.75206	0.49174	0.34568	-0.14123	-0.90420	0.25275	0.99987	0.01578	0.00246	-0.01580	0.99986	0.00603	-0.00237	-0.00607	0.99998		0.46312	7.42045	0.87475	0.09751	0.07555	3.93941	1.88906	0.99764	-0.06870	-0.00132	0.06870	0.99764	0.00170	0.00120	-0.00179	1.00000	
6	0.03000	0.68675	-13.76088	0.47591	0.34309	-0.14570	-0.90432	0.25787	0.99987	0.01578	0.00254	-0.01580	0.99986	0.00599	-0.00245	-0.00603	0.99998		0.48322	7.42763	0.85605	0.09865	0.07870	3.93666	1.87620	0.99764	-0.06865	-0.00137	0.06866	0.99764	0.00172	0.00125	-0.00181	1.00000	
7	0.03500	0.68469	-13.75792	0.46884	0.33888	-0.14814	-0.89829	0.25921	0.99987	0.01568	0.00259	-0.01569	0.99986	0.00591	-0.00249	-0.00595	0.99998		0.48175	7.42680	0.85165	0.09849	0.07895	3.93667	1.87652	0.99764	-0.06865	-0.00138	0.06866	0.99764	0.00172	0.00126	-0.00181	1.00000	
8	0.04000	0.68905	-13.76526	0.46650	0.34004	-0.14105	-0.90220	0.24845	0.99987	0.01575	0.00246	-0.01576	0.99986	0.00593	-0.00237	-0.00597	0.99998		0.49678	7.41143	0.84152	0.09850	0.08119	3.93750	1.89154	0.99764	-0.06867	-0.00142	0.06867	0.99764	0.00172	0.00130	-0.00181	1.00000	
9	0.04500	0.66352	-13.76878	0.46118	0.33271	-0.14151	-0.89616	0.24188	0.99987	0.01564	0.00247	-0.01565	0.99986	0.00581	-0.00238	-0.00584	0.99998		0.45636	7.42640	0.84759	0.09880	0.08485	3.93594	1.89782	0.99764	-0.06864	-0.00148	0.06864	0.99764	0.00172	0.00136	-0.00182	1.00000	
10	0.05000	0.68036	-13.77090	0.44750	0.32982	-0.14690	-0.90148	0.24740	0.99987	0.01573	0.00256	-0.01575	0.99986	0.00576	-0.00247	-0.00580	0.99998		0.46853	7.41719	0.82196	0.09871	0.08566	3.93406	1.89005	0.99764	-0.06861	-0.00150	0.06861	0.99764	0.00172	0.00137	-0.00182	1.00000	
11	0.05500	0.66607	-13.77058	0.44335	0.32722	-0.14081	-0.90271	0.24131	0.99987	0.01575	0.00246	-0.01577	0.99986	0.00571	-0.00237	-0.00575	0.99998		0.48175	7.42183	0.82375	0.10221	0.08517	3.93633	1.89498	0.99764	-0.06865	-0.00149	0.06865	0.99764	0.00178	0.00136	-0.00188	1.00000	
12	0.06000	0.67448	-13.77339	0.43181	0.32320	-0.14344	-0.89862	0.23664	0.99987	0.01568	0.00250	-0.01570	0.99986	0.00564	-0.00241	-0.00568	0.99998		0.44855	7.41813	0.79123	0.09991	0.08868	3.93109	1.89670	0.99765	-0.06856	-0.00155	0.06856	0.99765	0.00174	0.00142	-0.00185	1.00000	
13	0.06500	0.71000	-13.77601	0.43186	0.31747	-0.14320	-0.89606	0.23844	0.99987	0.01564	0.00250	-0.01565	0.99986	0.00554	-0.00241	-0.00558	0.99998		0.48017	7.43313	0.79270	0.10389	0.08887	3.93447	1.90690	0.99764	-0.06862	-0.00155	0.06862	0.99764	0.00181	0.00142	-0.00192	1.00000	
14	0.07000	0.68151	-13.78404	0.43007	0.31327	-0.14225	-0.89877	0.23699	0.99987	0.01569	0.00248	-0.01570	0.99986	0.00547	-0.00240	-0.00551	0.99998		0.47520	7.42376	0.79744	0.10516	0.08914	3.93259	1.91284	0.99764	-0.06858	-0.00156	0.06859	0.99764	0.00184	0.00143	-0.00194	1.00000	
15	0.07500	0.68698	-13.79051	0.41876	0.30682	-0.14272	-0.89359	0.23228	0.99988	0.01560	0.00249	-0.01561	0.99986	0.00536	-0.00241	-0.00539	0.99998		0.46162	7.42905	0.76624	0.10777	0.08802	3.93534	1.90206	0.99764	-0.06863	-0.00154	0.06863	0.99764	0.00188	0.00140	-0.00198	1.00000	
16	0.08000	0.68226	-13.78071	0.41336	0.30236	-0.14060	-0.89051	0.22695	0.99988	0.01554	0.00245	-0.01555	0.99987	0.00528	-0.00237	-0.00531	0.99998		0.48552	7.42436	0.74973	0.10930	0.08865	3.93349	1.91323	0.99764	-0.06860	-0.00155	0.06860	0.99764	0.00191	0.00141	-0.00201	1.00000	
17	0.08500	0.67241	-13.79857	0.40098	0.29740	-0.14049	-0.89166	0.24149	0.99988	0.01556	0.00245	-0.01557	0.99987	0.00519	-0.00237	-0.00523	0.99998		0.45164	7.42893	0.74041	0.10946	0.09074	3.93095	1.90814	0.99765	-0.06855	-0.00158	0.06856	0.99765	0.00191	0.00145	-0.00201	1.00000	
18	0.09000	0.69196	-13.79477	0.40502	0.29425	-0.13668	-0.89567	0.22976	0.99987	0.01563	0.00239	-0.01564	0.99986	0.00514	-0.00230	-0.00517	0.99998		0.46932	7.43760	0.71994	0.11427	0.08771	3.93169	1.92369	0.99765	-0.06857	-0.00153	0.06857	0.99764	0.00199	0.00139	-0.00209	1.00000	
19	0.09500	0.71012	-13.80084	0.40598	0.28612	-0.13966	-0.89243	0.23941	0.99988	0.01558	0.00244	-0.01559	0.99987	0.00499	-0.00236	-0.00503	0.99998		0.46854	7.43309	0.72195	0.11554	0.08568	3.92959	1.91711	0.99765	-0.06853	-0.00150	0.06853	0.99765	0.00202	0.00135	-0.00211	1.00000	
20	0.10000	0.66603	-13.80646	0.39424	0.28365	-0.13284	-0.89481	0.22417	0.99988	0.01562	0.00232	-0.01563	0.99987	0.00495	-0.00224	-0.00499	0.99999		0.45607	7.42580	0.69049	0.11817	0.08552	3.93038	1.91616	0.99765	-0.06854	-0.00149	0.06855	0.99765	0.00206	0.00135	-0.00216	1.00000	
21	0.10500	0.68788	-13.80726	0.38075	0.27705	-0.13193	-0.89190	0.22604	0.99988	0.01557	0.00230	-0.01558	0.99987	0.00484	-0.00223	-0.00487	0.99999		0.50284	7.43935	0.67293	0.12261	0.07784	3.93149	1.92820	0.99765	-0.06856	-0.00136	0.06857	0.99764	0.00214	0.00121	-0.00223	1.00000	
22	0.11000	0.69660	-13.79534	0.38146	0.27131	-0.13120	-0.88730	0.22457	0.99988	0.01549	0.00229	-0.01550	0.99987	0.00474	-0.00222	-0.00477	0.99999		0.47052	7.42513	0.65046	0.12115	0.07948	3.92898	1.93790	0.99765	-0.06852	-0.00139	0.06852	0.99765	0.00211	0.00124	-0.00220	1.00000	
23	0.11500	0.69261	-13.81301	0.37884	0.26328	-0.12949	-0.88731	0.22469	0.99988	0.01549	0.00226	-0.01550	0.99987	0.00460	-0.00219	-0.00463	0.99999		0.48167	7.41249	0.63282	0.12401	0.07712	3.93158	1.93286	0.99765	-0.06857	-0.00135	0.06857	0.99764	0.00216	0.00119	-0.00225	1.00000	
24	0.12000	0.66656	-13.95186	0.26531	0.22326	-0.12454	-0.87463	0.20958	0.99988	0.01526	0.00217	-0.01527	0.99988	0.00390	-0.00211	-0.00393	0.99999		0.56220	7.32352	0.65598	0.11175	0.06007	3.92570	1.93204	0.99765	-0.06846	-0.00105	0.06846	0.99765	0.00195	0.00091	-0.00202	1.00000	
25	0.12500	0.64695	-13.94246	0.25239	0.21817	-0.12163	-0.87632	0.21746	0.99988	0.01529	0.00212	-0.01530	0.99988	0.00381	-0.00206	-0.00384	0.99999		0.57801	7.31462	0.63828	0.11379	0.05378	3.92825	1.93562	0.99765	-0.06851	-0.00094	0.06851	0.99765	0.00199	0.00080	-0.00205	1.00000	
26	0.13000	0.65362	-13.95307	0.24022	0.21157	-0.11773	-0.87452	0.20682	0.99988	0.01526	0.00205	-0.01527	0.99988	0.00369	-0.00200	-0.00372	0.99999		0.59065	7.30527	0.61930	0.11440	0.04942	3.92593	1.92847	0.99765	-0.06847	-0.00086	0.06847	0.99765	0.00200	0.00072	-0.00205	1.00000	
27	0.13500	0.65147	-13.94327	0.22883	0.20531	-0.11598	-0.87391	0.21081	0.99988	0.01525	0.00202	-0.01526	0.99988	0.00358	-0.00197	-0.00361	0.99999		0.56057	7.29458	0.59325	0.11620	0.04884	3.92648	1.93290	0.99765	-0.06848	-0.00085	0.06848	0.99765	0.00203	0.00071	-0.00208	1.00000	
28	0.14000	0.67971	-13.95952	0.22897	0.19674	-0.11852	-0.87309	0.22466	0.99988	0.01524	0.00207	-0.01524	0.99988	0.00343	-0.00202	-0.00346	0.99999		0.57191	7.30550	0.57515	0.12021	0.04501	3.92382	1.94606	0.99766	-0.06843	-0.00079	0.06843	0.99765	0.00210	0.00064	-0.00215	1.00000	
29	0.14500	0.68329	-13.95217	0.21379	0.19314	-0.11590	-0.87160	0.22082	0.99988	0.01521	0.00202	-0.01522	0.99988	0.00337	-0.00197	-0.00340	0.99999		0.56285	7.29768	0.55017	0.12309	0.04114	3.92784	1.94610	0.99765	-0.06850	-0.00072	0.06850	0.99765	0.00215	0.00057	-0.00219	1.00000	
30	0.15000	0.64952	-13.96725	0.20789	0.18436	-0.11000	-0.87077	0.21064	0.99988	0.01520	0.00192	-0.01520	0.99988	0.00322	-0.00187	-0.00325	0.99999		0.56895	7.29533	0.53168	0.12415	0.03647	3.92619	1.95293	0.99765	-0.06847	-0.00064	0.06847	0.99765	0.00217	0.00049	-0.00221	1.00000	
31	0.15500	0.65976	-13.94530	0.20032	0.18118	-0.10487	-0.86599	0.22284	0.99988	0.01511	0.00183	-0.01512	0.99988	0.00316	-0.00178	-0.00319	0.99999		0.59311	7.28931	0.50576	0.12652	0.03219	3.92663	1.96856	0.99765	-0.06848	-0.00056	0.06848	0.99765	0.00221	0.00041	-0.00224	1.00000	
32	0.16000	0.62140	-13.95156	0.19035	0.17148	-0.10357	-0.86654	0.22180	0.99988	0.01512	0.00181	-0.01513	0.99988	0.00299	-0.00176	-0.00302	0.99999		0.57374	7.27475	0.47422	0.12753	0.02934	3.92454	1.94109	0.99765	-0.06844	-0.00051	0.06844	0.99765	0.00223	0.00036	-0.00226	1.00000	
33	0.16500	0.61934	-13.94776	0.18810	0.16529	-0.09981	-0.86795	0.22142	0.99988	0.01515	0.00174	-0.01515	0.99988	0.00288	-0.00170	-0.00291	0.99999		0.57666	7.27086	0.45163	0.12934	0.02352	3.92543	1.94180	0.99765	-0.06846	-0.00041	0.06846	0.99765	0.00226	0.00025	-0.00228	1.00000	
34	0.17000	0.63564	-13.96081	0.20009	0.16002	-0.09846	-0.86502	0.21458	0.99988	0.01510	0.00172	-0.01510	0.99988	0.00279	-0.00168	-0.00282	0.99999		0.58091	7.27904	0.42913	0.13215	0.01928	3.92392	1.94867	0.99766	-0.06843	-0.00034	0.06843	0.99765	0.00231	0.00018	-0.00232	1.00000	
35	0.17500	0.63133	-13.96892	0.18170	0.15233	-0.09546	-0.86328	0.23410	0.99989	0.01507	0.00167	-0.01507	0.99988	0.00266	-0.00163	-0.00268	1.00000		0.53144	7.25848	0.41249	0.13338	0.01692	3.92918	1.93495	0.99765	-0.06852	-0.00030	0.06852	0.99765	0.00233	0.00014	-0.00234	1.00000	
36	0.18000	0.64557	-13.97780	0.18924	0.14347	-0.09379	-0.86121	0.22395	0.99989	0.01503	0.00164	-0.01503	0.99988	0.00250	-0.00160	-0.00253	1.00000		0.60411	7.24509	0.39096	0.13275	0.00745	3.92287	1.94343	0.99766	-0.06841	-0.00013	0.06841	0.99765	0.00232	-0.00003	-0.00232	1.00000	
37	0.18500	0.63362	-13.97457	0.18803	0.14179	-0.08821	-0.86426	0.22663	0.99989	0.01508	0.00154	-0.01509	0.99988	0.00247	-0.00150	-0.00250	1.00000		0.59258	7.23448	0.36602	0.13581	0.00552	3.92576	1.94960	0.99765	-0.06846	-0.00010	0.06846	0.99765	0.00237	-0.00007	-0.00237	1.00000	
38	0.19000	0.58818	-13.95586	0.16727	0.13195	-0.08557	-0.85820	0.22439	0.99989	0.01498	0.00149	-0.01498	0.99989	0.00230	-0.00146	-0.00233	1.00000		0.56493	7.25112	0.33385	0.13628	-0.00115	3.92759	1.93246	0.99765	-0.06850	0.00002	0.06850	0.99765	0.00238	-0.00018	-0.00237	1.00000	
39	0.19500	0.62445	-13.95300	0.17387	0.12891	-0.08357	-0.85794	0.22709	0.99989	0.01497	0.00146	-0.01498	0.99989	0.00225	-0.00142	-0.00227	1.00000		0.57708	7.24177	0.31505	0.14077	-0.00532	3.93276	1.92184	0.99765	-0.06859	0.00009	0.06859	0.99764	0.00246	-0.00026	-0.00244	1.00000	
40	0.20000	0.59202	-13.94405	0.17182	0.12439	-0.07645	-0.85975	0.21375	0.99989	0.01500	0.00133	-0.01501	0.99989	0.00217	-0.00130	-0.00219	1.00000		0.56890	7.25032	0.27874	0.14105	-0.01240	3.92949	1.93373	0.99765	-0.06853	0.00022	0.06853	0.99765	0.00246	-0.00038	-0.00244	1.00000	
41	0.20500	0.58784	-13.95012	0.16637	0.11584	-0.07527	-0.85613	0.23921	0.99989	0.01494	0.00131	-0.01494	0.99989	0.00202	-0.00128	-0.00204	1.00000		0.59028	7.23382	0.25207	0.14081	-0.01818	3.92958	1.92501	0.99765	-0.06853	0.00032	0.06853	0.99765	0.00246	-0.00048	-0.00243	1.00000	
42	0.21000	0.55631	-13.93236	0.15531	0.11558	-0.06714	-0.85388	0.22377	0.99989	0.01490	0.00117	-0.01490	0.99989	0.00202	-0.00114	-0.00203	1.00000		0.56219	7.22945	0.23036	0.14232	-0.01879	3.93124	1.91247	0.99765	-0.06856	0.00033	0.06856	0.99764	0.00248	-0.00050	-0.00246	1.00000	
43	0.21500	0.54309	-13.91264	0.15524	0.10897	-0.06328	-0.85249	0.22928	0.99989	0.01488	0.00110	-0.01488	0.99989	0.00190	-0.00108	-0.00192	1.00000		0.60171	7.25076	0.20694	0.14556	-0.03008	3.93066	1.92925	0.99765	-0.06855	0.00052	0.06855	0.99764	0.00254	-0.00070	-0.00250	1.00000	
44	0.22000	0.56183	-13.95106	0.15373	0.10015	-0.06291	-0.85001	0.23636	0.99989	0.01483	0.00110	-0.01484	0.99989	0.00175	-0.00107	-0.00176	1.00000		0.63073	7.21188	0.16944	0.14159	-0.03409	3.93004	1.91638	0.99765	-0.06854	0.00059	0.06854	0.99765	0.00247	-0.00076	-0.00242	1.00000	
45	0.22500	0.60250	-13.94787	0.16717	0.09285	-0.06651	-0.85317	0.22243	0.99989	0.01489	0.00116	-0.01489	0.99989	0.00162	-0.00114	-0.00164	1.00000		0.61525	7.22705	0.15712	0.14166	-0.03955	3.92962	1.91068	0.99765	-0.06853	0.00069	0.06853	0.99765	0.00247	-0.00086	-0.00242	1.00000	
46	0.23000	0.53444	-13.93480	0.14663	0.09040	-0.05601	-0.84831	0.22858	0.99989	0.01481	0.00098	-0.01481	0.99989	0.00158	-0.00095	-0.00159	1.00000		0.61436	7.23454	0.13369	0.14311	-0.04591	3.93141	1.90455	0.99765	-0.06856	0.00080	0.06856	0.99764	0.00250	-0.00097	-0.00244	1.00000	
47	0.23500	0.57989	-13.95229	0.17106	0.07865	-0.05519	-0.84775	0.22204	0.99989	0.01480	0.00096	-0.01480	0.99989	0.00137	-0.00094	-0.00139	1.00000		0.65837	7.20736	0.10160	0.13856	-0.05054	3.92681	1.91626	0.99765	-0.06848	0.00088	0.06848	0.99765	0.00242	-0.00105	-0.00235	1.00000	
48	0.24000	0.53050	-13.91700	0.16206	0.07901	-0.04974	-0.84751	0.22341	0.99989	0.01479	0.00087	-0.01479	0.99989	0.00138	-0.00085	-0.00139	1.00000		0.68454	7.20962	0.07942	0.13695	-0.05973	3.92671	1.89847	0.99765	-0.06848	0.00104	0.06848	0.99765	0.00239	-0.00120	-0.00231	1.00000	
49	0.24500	0.56295	-13.92096	0.17200	0.07126	-0.05123	-0.84219	0.21216	0.99989	0.01470	0.00089	-0.01470	0.99989	0.00124	-0.00088	-0.00126	1.00000		0.69676	7.20640	0.04446	0.13630	-0.06536	3.92449	1.90399	0.99765	-0.06844	0.00114	0.06844	0.99765	0.00238	-0.00130	-0.00230	1.00000	
50	0.25000	0.54211	-13.94063	0.16822	0.06296	-0.05052	-0.84528	0.22348	0.99989	0.01475	0.00088	-0.01475	0.99989	0.00110	-0.00087	-0.00111	1.00000		0.69419	7.21828	0.03037	0.13597	-0.07302	3.92388	1.89873	0.99766	-0.06843	0.00127	0.06843	0.99765	0.00237	-0.00143	-0.00228	1.00000	
51	0.25500	0.56171	-13.90065	0.15551	0.06461	-0.04937	-0.83806	0.23129	0.99989	0.01463	0.00086	-0.01463	0.99989	0.00113	-0.00085	-0.00114	1.00000		0.72134	7.21908	0.00069	0.13347	-0.07706	3.92538	1.89345	0.99765	-0.06846	0.00134	0.06845	0.99765	0.00233	-0.00150	-0.00223	1.00000	
52	0.26000	0.54647	-13.92052	0.17414	0.05567	-0.04601	-0.83837	0.21259	0.99989	0.01463	0.00080	-0.01463	0.99989	0.00097	-0.00079	-0.00098	1.00000		0.71430	7.19231	-0.01829	0.12871	-0.07975	3.92343	1.88562	0.99766	-0.06842	0.00139	0.06842	0.99765	0.00225	-0.00154	-0.00215	1.00000	
53	0.26500	0.53467	-13.91219	0.18197	0.04883	-0.04682	-0.83768	0.22430	0.99989	0.01462	0.00082	-0.01462	0.99989	0.00085	-0.00080	-0.00086	1.00000		0.73507	7.22025	-0.04068	0.12725	-0.08571	3.92097	1.89128	0.99766	-0.06838	0.00150	0.06838	0.99766	0.00222	-0.00164	-0.00211	1.00000	
54	0.27000	0.55970	-13.91095	0.17862	0.04438	-0.04253	-0.83240	0.20643	0.99989	0.01453	0.00074	-0.01453	0.99989	0.00077	-0.00073	-0.00079	1.00000		0.75748	7.21057	-0.06154	0.12331	-0.09113	3.91863	1.88557	0.99766	-0.06834	0.00159	0.06834	0.99766	0.00215	-0.00173	-0.00204	1.00000	
55	0.27500	0.52391	-13.86630	0.16183	0.04807	-0.03846	-0.83364	0.22160	0.99989	0.01455	0.00067	-0.01455	0.99989	0.00084	-0.00066	-0.00085	1.00000		0.78281	7.19856	-0.08923	0.11722	-0.09824	3.92034	1.87513	0.99766	-0.06837	0.00171	0.06837	0.99766	0.00205	-0.00185	-0.00192	1.00000	
56	0.28000	0.53119	-13.87541	0.17536	0.03893	-0.04082	-0.83519	0.20413	0.99989	0.01458	0.00071	-0.01458	0.99989	0.00068	-0.00070	-0.00069	1.00000		0.74651	7.20512	-0.10728	0.11461	-0.10201	3.91802	1.87968	0.99766	-0.06833	0.00178	0.06833	0.99766	0.00200	-0.00191	-0.00187	1.00000	
57	0.28500	0.56720	-13.87413	0.18000	0.03334	-0.04117	-0.82922	0.21116	0.99990	0.01447	0.00072	-0.01447	0.99990	0.00058	-0.00071	-0.00059	1.00000		0.80471	7.21333	-0.12953	0.11124	-0.10937	3.91779	1.86301	0.99766	-0.06832	0.00191	0.06832	0.99766	0.00194	-0.00204	-0.00181	1.00000	
58	0.29000	0.51182	-13.83980	0.17655	0.03493	-0.03647	-0.83050	0.21328	0.99989	0.01449	0.00064	-0.01449	0.99989	0.00061	-0.00063	-0.00062	1.00000		0.82425	7.21379	-0.13310	0.10670	-0.11552	3.91566	1.86980	0.99766	-0.06829	0.00202	0.06828	0.99766	0.00186	-0.00214	-0.00172	1.00000	
59	0.29500	0.51509	-13.84546	0.18740	0.02779	-0.03905	-0.82902	0.21721	0.99990	0.01447	0.00068	-0.01447	0.99990	0.00049	-0.00067	-0.00049	1.00000		0.84083	7.20890	-0.14371	0.09757	-0.11795	3.90800	1.87447	0.99767	-0.06815	0.00206	0.06815	0.99767	0.00170	-0.00217	-0.00156	1.00000	
60	0.30000	0.52837	-13.82597	0.17873	0.02705	-0.03372	-0.82544	0.20336	0.99990	0.01441	0.00059	-0.01441	0.99990	0.00047	-0.00058	-0.00048	1.00000		0.85716	7.20390	-0.15706	0.09386	-0.12033	3.90846	1.87189	0.99767	-0.06816	0.00210	0.06816	0.99767	0.00164	-0.00221	-0.00149	1.00000	
61	0.30500	0.49910	-13.79520	0.18223	0.02741	-0.03163	-0.82801	0.20352	0.99990	0.01445	0.00055	-0.01445	0.99990	0.00048	-0.00055	-0.00049	1.00000		0.85527	7.20823	-0.17976	0.08781	-0.12423	3.90943	1.85414	0.99767	-0.06818	0.00217	0.06818	0.99767	0.00153	-0.00227	-0.00138	1.00000	
62	0.31000	0.52325	-13.82406	0.20333	0.01816	-0.03667	-0.82435	0.20698	0.99990	0.01439	0.00064	-0.01439	0.99990	0.00032	-0.00064	-0.00033	1.00000		0.85867	7.20624	-0.17463	0.08067	-0.12787	3.90368	1.84437	0.99768	-0.06808	0.00223	0.06808	0.99768	0.00141	-0.00232	-0.00125	1.00000	
63	0.31500	0.56164	-13.81202	0.19872	0.01352	-0.04248	-0.82654	0.20662	0.99990	0.01443	0.00074	-0.01443	0.99990	0.00024	-0.00074	-0.00025	1.00000		0.88626	7.20420	-0.18907	0.07530	-0.13027	3.90336	1.83447	0.99768	-0.06807	0.00227	0.06807	0.99768	0.00131	-0.00236	-0.00116	1.00000	
64	0.32000	0.53147	-13.78905	0.19933	0.01246	-0.04200	-0.82315	0.20556	0.99990	0.01437	0.00073	-0.01437	0.99990	0.00022	-0.00073	-0.00023	1.00000		0.87506	7.20674	-0.19610	0.06883	-0.13250	3.90455	1.83270	0.99768	-0.06809	0.00231	0.06809	0.99768	0.00120	-0.00239	-0.00104	1.00000	
65	0.32500	0.54678	-13.80525	0.20564	0.00477	-0.04393	-0.82100	0.21613	0.99990	0.01433	0.00077	-0.01433	0.99990	0.00008	-0.00077	-0.00009	1.00000		0.86744	7.19926	-0.20820	0.06034	-0.13238	3.90230	1.82996	0.99768	-0.06806	0.00231	0.06805	0.99768	0.00105	-0.00238	-0.00089	1.00000	
66	0.33000	0.54427	-13.79318	0.21318	0.00078	-0.04341	-0.82234	0.20349	0.99990	0.01435	0.00076	-0.01435	0.99990	0.00001	-0.00076	-0.00002	1.00000		0.86380	7.20367	-0.20039	0.05468	-0.13456	3.90014	1.82272	0.99768	-0.06802	0.00235	0.06802	0.99768	0.00095	-0.00241	-0.00079	1.00000	
67	0.33500	0.50580	-13.74600	0.21422	0.00526	-0.03889	-0.82603	0.20373	0.99990	0.01442	0.00068	-0.01442	0.99990	0.00009	-0.00068	-0.00010	1.00000		0.89358	7.20184	-0.20316	0.04703	-0.13867	3.90072	1.79872	0.99768	-0.06803	0.00242	0.06803	0.99768	0.00082	-0.00247	-0.00065	1.00000	
68	0.34000	0.54008	-13.74971	0.21775	-0.00096	-0.04370	-0.82553	0.19250	0.99990	0.01441	0.00076	-0.01441	0.99990	-0.00002	-0.00076	0.00001	1.00000		0.90142	7.20447	-0.20919	0.03976	-0.13910	3.89955	1.79752	0.99768	-0.06801	0.00243	0.06801	0.99768	0.00069	-0.00247	-0.00053	1.00000	
69	0.34500	0.51608	-13.71577	0.21211	0.00197	-0.04129	-0.82080	0.20922	0.99990	0.01433	0.00072	-0.01433	0.99990	0.00003	-0.00072	-0.00004	1.00000		0.88542	7.21815	-0.20510	0.03301	-0.14065	3.89572	1.78422	0.99769	-0.06794	0.00245	0.06794	0.99769	0.00058	-0.00249	-0.00041	1.00000	
70	0.35000	0.56832	-13.74062	0.23597	-0.00838	-0.04836	-0.81831	0.21273	0.99990	0.01428	0.00084	-0.01428	0.99990	-0.00015	-0.00085	0.00013	1.00000		0.90934	7.21770	-0.20202	0.02536	-0.14388	3.89435	1.78336	0.99769	-0.06792	0.00251	0.06792	0.99769	0.00044	-0.00254	-0.00027	1.00000	
71	0.35500	0.52052	-13.73125	0.24032	-0.01175	-0.04777	-0.81790	0.19345	0.99990	0.01427	0.00083	-0.01427	0.99990	-0.00021	-0.00084	0.00019	1.00000		0.88743	7.22581	-0.19837	0.01855	-0.14275	3.89198	1.77441	0.99769	-0.06788	0.00249	0.06787	0.99769	0.00032	-0.00251	-0.00015	1.00000	
72	0.36000	0.50990	-13.70524	0.25864	-0.01416	-0.04772	-0.81741	0.19041	0.99990	0.01427	0.00083	-0.01427	0.99990	-0.00025	-0.00084	0.00024	1.00000		0.93761	7.21475	-0.18783	0.00975	-0.14691	3.89355	1.76496	0.99769	-0.06790	0.00256	0.06790	0.99769	0.00017	-0.00257	0.00000	1.00000	
73	0.36500	0.50538	-13.70655	0.25376	-0.01507	-0.04900	-0.82105	0.20583	0.99990	0.01433	0.00086	-0.01433	0.99990	-0.00026	-0.00086	0.00025	1.00000		0.89289	7.20807	-0.19961	-0.00045	-0.14371	3.89232	1.75013	0.99769	-0.06788	0.00251	0.06788	0.99769	-0.00001	-0.00250	0.00018	1.00000	
74	0.37000	0.51230	-13.68698	0.27169	-0.01931	-0.05129	-0.81263	0.21326	0.99990	0.01418	0.00090	-0.01418	0.99990	-0.00034	-0.00090	0.00032	1.00000		0.87708	7.21975	-0.16965	-0.00518	-0.14510	3.89565	1.71957	0.99769	-0.06794	0.00253	0.06794	0.99769	-0.00009	-0.00252	0.00026	1.00000	
75	0.37500	0.51068	-13.69492	0.27808	-0.02392	-0.05666	-0.81446	0.19774	0.99990	0.01421	0.00099	-0.01421	0.99990	-0.00042	-0.00099	0.00040	1.00000		0.91092	7.20593	-0.17817	-0.01517	-0.14339	3.89284	1.71798	0.99769	-0.06789	0.00250	0.06789	0.99769	-0.00026	-0.00248	0.00043	1.00000	
76	0.38000	0.52772	-13.67880	0.29015	-0.02622	-0.05802	-0.81226	0.18649	0.99990	0.01418	0.00101	-0.01418	0.99990	-0.00046	-0.00102	0.00044	1.00000		0.93204	7.22452	-0.15565	-0.02275	-0.14554	3.89072	1.71947	0.99769	-0.06785	0.00254	0.06785	0.99770	-0.00040	-0.00251	0.00057	1.00000	
77	0.38500	0.51029	-13.64811	0.30219	-0.02612	-0.05426	-0.81328	0.19946	0.99990	0.01419	0.00095	-0.01419	0.99990	-0.00046	-0.00095	0.00044	1.00000		0.91182	7.23127	-0.14798	-0.02979	-0.14479	3.88831	1.71083	0.99769	-0.06781	0.00253	0.06781	0.99770	-0.00052	-0.00249	0.00069	1.00000	
78	0.39000	0.51582	-13.66576	0.31619	-0.03064	-0.06042	-0.81220	0.19986	0.99990	0.01418	0.00105	-0.01417	0.99990	-0.00053	-0.00106	0.00052	1.00000		0.95097	7.21492	-0.13190	-0.03809	-0.14403	3.88994	1.69315	0.99769	-0.06784	0.00251	0.06784	0.99770	-0.00066	-0.00246	0.00083	1.00000	
79	0.39500	0.51725	-13.64711	0.32643	-0.03399	-0.06650	-0.81350	0.20216	0.99990	0.01420	0.00116	-0.01420	0.99990	-0.00059	-0.00117	0.00058	1.00000		0.89744	7.23782	-0.12345	-0.04561	-0.14042	3.88941	1.67823	0.99769	-0.06783	0.00245	0.06783	0.99770	-0.00080	-0.00239	0.00096	1.00000	
80	0.40000	0.48916	-13.62465	0.32899	-0.03397	-0.06525	-0.81302	0.20268	0.99990	0.01419	0.00114	-0.01419	0.99990	-0.00059	-0.00115	0.00058	1.00000		0.97651	7.23990	-0.07989	-0.05314	-0.14421	3.88747	1.67845	0.99770	-0.06780	0.00252	0.06780	0.99770	-0.00093	-0.00245	0.00110	1.00000	
81	0.40500	0.49574	-13.62619	0.34565	-0.03594	-0.06619	-0.81562	0.19801	0.99990	0.01423	0.00116	-0.01423	0.99990	-0.00063	-0.00116	0.00061	1.00000		0.94169	7.25154	-0.07784	-0.05992	-0.13897	3.88782	1.67816	0.99770	-0.06780	0.00243	0.06781	0.99770	-0.00105	-0.00235	0.00121	1.00000	
82	0.41000	0.46168	-13.60249	0.35395	-0.03601	-0.06361	-0.81306	0.20242	0.99990	0.01419	0.00111	-0.01419	0.99990	-0.00063	-0.00112	0.00061	1.00000		0.92080	7.23777	-0.06019	-0.07035	-0.13485	3.88631	1.66030	0.99770	-0.06778	0.00235	0.06778	0.99770	-0.00123	-0.00226	0.00138	1.00000	
83	0.41500	0.46753	-13.60293	0.37068	-0.03704	-0.06283	-0.81438	0.19589	0.99990	0.01421	0.00110	-0.01421	0.99990	-0.00065	-0.00111	0.00063	1.00000		0.96241	7.22747	-0.01877	-0.07846	-0.13602	3.88685	1.65655	0.99770	-0.06779	0.00237	0.06779	0.99770	-0.00137	-0.00228	0.00153	1.00000	
84	0.42000	0.47825	-13.58214	0.38196	-0.03805	-0.06791	-0.81699	0.18730	0.99990	0.01426	0.00119	-0.01426	0.99990	-0.00066	-0.00119	0.00065	1.00000		0.96218	7.26174	0.00356	-0.08218	-0.13460	3.88484	1.65539	0.99770	-0.06775	0.00235	0.06775	0.99770	-0.00143	-0.00225	0.00159	1.00000	
85	0.42500	0.45963	-13.57130	0.38187	-0.04035	-0.07214	-0.81575	0.20738	0.99990	0.01424	0.00126	-0.01424	0.99990	-0.00070	-0.00127	0.00069	1.00000		0.91892	7.25902	0.02047	-0.09228	-0.12973	3.88521	1.62915	0.99770	-0.06776	0.00226	0.06776	0.99770	-0.00161	-0.00215	0.00176	1.00000	
86	0.43000	0.44438	-13.56896	0.40122	-0.04316	-0.07487	-0.81584	0.20658	0.99990	0.01424	0.00131	-0.01424	0.99990	-0.00075	-0.00132	0.00073	1.00000		0.94127	7.24843	0.03641	-0.09997	-0.12607	3.88565	1.62741	0.99770	-0.06777	0.00220	0.06777	0.99770	-0.00174	-0.00208	0.00189	1.00000	
87	0.43500	0.43085	-13.53890	0.41168	-0.04043	-0.07144	-0.81800	0.18922	0.99990	0.01428	0.00125	-0.01428	0.99990	-0.00071	-0.00126	0.00069	1.00000		0.93808	7.25098	0.06681	-0.10838	-0.12302	3.88182	1.63945	0.99770	-0.06770	0.00215	0.06770	0.99770	-0.00189	-0.00201	0.00203	1.00000	
88	0.44000	0.42780	-13.53928	0.42114	-0.04224	-0.07324	-0.81546	0.19415	0.99990	0.01423	0.00128	-0.01423	0.99990	-0.00074	-0.00129	0.00072	1.00000		0.92285	7.24386	0.09223	-0.11584	-0.11988	3.88285	1.61821	0.99770	-0.06772	0.00209	0.06772	0.99770	-0.00202	-0.00195	0.00216	1.00000	
89	0.44500	0.46059	-13.54897	0.42557	-0.04324	-0.07960	-0.82005	0.19546	0.99990	0.01431	0.00139	-0.01431	0.99990	-0.00075	-0.00140	0.00073	1.00000		0.94878	7.25627	0.13794	-0.12204	-0.11792	3.88183	1.61570	0.99770	-0.06770	0.00206	0.06770	0.99770	-0.00213	-0.00191	0.00226	1.00000	
90	0.45000	0.43149	-13.53289	0.44435	-0.04274	-0.07750	-0.81592	0.17686	0.99990	0.01424	0.00135	-0.01424	0.99990	-0.00075	-0.00136	0.00073	1.00000		0.95636	7.25840	0.14088	-0.12917	-0.11491	3.88270	1.60930	0.99770	-0.06771	0.00201	0.06772	0.99770	-0.00225	-0.00185	0.00239	1.00000	
91	0.45500	0.46318	-13.51744	0.45385	-0.04147	-0.08631	-0.82281	0.18448	0.99990	0.01436	0.00151	-0.01436	0.99990	-0.00072	-0.00152	0.00070	1.00000		0.94806	7.26572	0.18769	-0.13451	-0.11293	3.88021	1.59298	0.99771	-0.06767	0.00197	0.06768	0.99770	-0.00235	-0.00181	0.00248	1.00000	
92	0.46000	0.45199	-13.50850	0.46242	-0.04152	-0.08306	-0.82143	0.19610	0.99990	0.01434	0.00145	-0.01434	0.99990	-0.00072	-0.00146	0.00070	1.00000		0.95557	7.26220	0.20882	-0.14162	-0.10815	3.88289	1.58888	0.99770	-0.06772	0.00189	0.06772	0.99770	-0.00247	-0.00172	0.00259	1.00000	
93	0.46500	0.42966	-13.48032	0.46445	-0.03595	-0.08342	-0.82070	0.18488	0.99990	0.01432	0.00146	-0.01432	0.99990	-0.00063	-0.00146	0.00061	1.00000		0.92911	7.28229	0.22853	-0.14415	-0.10135	3.88130	1.57843	0.99770	-0.06769	0.00177	0.06769	0.99770	-0.00252	-0.00159	0.00263	1.00000	
94	0.47000	0.41677	-13.47087	0.46881	-0.03720	-0.08324	-0.82274	0.19272	0.99990	0.01436	0.00145	-0.01436	0.99990	-0.00065	-0.00146	0.00063	1.00000		0.94055	7.28542	0.27402	-0.14953	-0.09895	3.88251	1.58573	0.99770	-0.06771	0.00173	0.06771	0.99770	-0.00261	-0.00155	0.00272	1.00000	
95	0.47500	0.41133	-13.45932	0.49332	-0.03683	-0.08515	-0.81980	0.20727	0.99990	0.01431	0.00149	-0.01431	0.99990	-0.00064	-0.00150	0.00062	1.00000		0.92190	7.27773	0.29663	-0.15525	-0.09407	3.87922	1.57645	0.99771	-0.06765	0.00164	0.06766	0.99770	-0.00271	-0.00145	0.00281	0.99999	
96	0.48000	0.37142	-13.43177	0.48954	-0.03230	-0.08419	-0.82189	0.20289	0.99990	0.01434	0.00147	-0.01434	0.99990	-0.00056	-0.00148	0.00054	1.00000		0.91296	7.29386	0.33247	-0.15816	-0.08794	3.88493	1.56604	0.99770	-0.06775	0.00153	0.06776	0.99770	-0.00276	-0.00134	0.00286	0.99999	
97	0.48500	0.39705	-13.43184	0.51384	-0.02977	-0.08844	-0.83344	0.18974	0.99989	0.01455	0.00154	-0.01454	0.99989	-0.00052	-0.00155	0.00050	1.00000		0.95091	7.31278	0.37021	-0.15955	-0.08696	3.88187	1.56725	0.99770	-0.06770	0.00152	0.06770	0.99770	-0.00278	-0.00133	0.00288	0.99999	
98	0.49000	0.39101	-13.41929	0.53365	-0.02816	-0.08888	-0.83199	0.19516	0.99989	0.01452	0.00155	-0.01452	0.99989	-0.00049	-0.00156	0.00047	1.00000		0.88256	7.31891	0.40296	-0.16299	-0.07662	3.88297	1.56886	0.99770	-0.06772	0.00134	0.06772	0.99770	-0.00284	-0.00114	0.00293	1.00000	
99	0.49500	0.38345	-13.41634	0.53890	-0.02678	-0.08510	-0.82922	0.19316	0.99989	0.01447	0.00149	-0.01447	0.99990	-0.00047	-0.00149	0.00045	1.00000		0.90528	7.32418	0.42571	-0.16579	-0.07487	3.88243	1.56354	0.99770	-0.06771	0.00131	0.06771	0.99770	-0.00289	-0.00111	0.00298	0.99999	
100	0.50000	0.37147	-13.39468	0.54067	-0.02049	-0.08983	-0.83494	0.19974	0.99989	0.01457	0.00157	-0.01457	0.99989	-0.00036	-0.00157	0.00033	1.00000		0.88904	7.34427	0.46551	-0.16566	-0.06811	3.88241	1.57672	0.99770	-0.06771	0.00119	0.06771	0.99770	-0.00289	-0.00099	0.00297	1.00000	
101	0.50500	0.36175	-13.41186	0.54606	-0.02216	-0.08800	-0.83579	0.19040	0.99989	0.01459	0.00154	-0.01459	0.99989	-0.00039	-0.00154	0.00036	1.00000		0.88222	7.35148	0.50201	-0.16604	-0.06006	3.88343	1.56080	0.99770	-0.06773	0.00105	0.06773	0.99770	-0.00290	-0.00085	0.00296	1.00000	
102	0.51000	0.38297	-13.38975	0.54929	-0.01930	-0.09529	-0.83135	0.20153	0.99989	0.01451	0.00166	-0.01451	0.99989	-0.00034	-0.00167	0.00031	1.00000		0.87458	7.37604	0.52285	-0.16653	-0.05783	3.88402	1.56226	0.99770	-0.06774	0.00101	0.06774	0.99770	-0.00291	-0.00081	0.00297	1.00000	
103	0.51500	0.38242	-13.37734	0.56593	-0.01474	-0.09759	-0.83699	0.20332	0.99989	0.01461	0.00170	-0.01461	0.99989	-0.00026	-0.00171	0.00023	1.00000		0.88012	7.37252	0.56229	-0.16886	-0.05203	3.88179	1.56800	0.99771	-0.06770	0.00091	0.06770	0.99770	-0.00295	-0.00071	0.00300	1.00000	
104	0.52000	0.37907	-13.38714	0.58165	-0.00938	-0.09547	-0.83645	0.20297	0.99989	0.01460	0.00167	-0.01460	0.99989	-0.00016	-0.00167	0.00014	1.00000		0.85947	7.38998	0.59170	-0.16773	-0.04481	3.88208	1.57679	0.99771	-0.06770	0.00078	0.06771	0.99770	-0.00293	-0.00058	0.00297	1.00000	
105	0.52500	0.36828	-13.37199	0.59640	-0.00598	-0.09698	-0.83623	0.19375	0.99989	0.01459	0.00169	-0.01459	0.99989	-0.00010	-0.00169	0.00008	1.00000		0.87723	7.38527	0.61760	-0.16874	-0.04248	3.88526	1.57286	0.99770	-0.06776	0.00074	0.06776	0.99770	-0.00295	-0.00054	0.00299	1.00000	
106	0.53000	0.35910	-13.35097	0.60475	0.00214	-0.09842	-0.84080	0.19464	0.99989	0.01467	0.00172	-0.01467	0.99989	0.00004	-0.00172	-0.00006	1.00000		0.84560	7.40464	0.65928	-0.16605	-0.03356	3.88386	1.58467	0.99770	-0.06773	0.00059	0.06774	0.99770	-0.00290	-0.00039	0.00293	1.00000	
107	0.53500	0.37366	-13.37046	0.60977	0.00373	-0.09887	-0.84081	0.18381	0.99989	0.01467	0.00173	-0.01467	0.99989	0.00007	-0.00172	-0.00009	1.00000		0.83279	7.39434	0.67920	-0.16664	-0.02976	3.88845	1.57324	0.99770	-0.06781	0.00052	0.06782	0.99769	-0.00291	-0.00032	0.00294	1.00000	
108	0.54000	0.35401	-13.34389	0.61356	0.01137	-0.09985	-0.84069	0.20068	0.99989	0.01467	0.00174	-0.01467	0.99989	0.00020	-0.00174	-0.00022	1.00000		0.79388	7.41866	0.71569	-0.16419	-0.02122	3.88520	1.59455	0.99770	-0.06776	0.00037	0.06776	0.99770	-0.00287	-0.00018	0.00288	1.00000	
109	0.54500	0.42224	-13.34547	0.62668	0.01476	-0.10730	-0.83869	0.20629	0.99989	0.01464	0.00187	-0.01464	0.99989	0.00026	-0.00187	-0.00029	1.00000		0.81760	7.42720	0.74540	-0.16023	-0.01690	3.88557	1.59983	0.99770	-0.06776	0.00029	0.06776	0.99770	-0.00280	-0.00010	0.00281	1.00000	
110	0.55000	0.34045	-13.31998	0.64286	0.02506	-0.10205	-0.83953	0.20219	0.99989	0.01465	0.00178	-0.01465	0.99989	0.00044	-0.00177	-0.00046	1.00000		0.81678	7.45072	0.77638	-0.15684	-0.01468	3.88747	1.58877	0.99770	-0.06780	0.00026	0.06780	0.99770	-0.00274	-0.00007	0.00275	1.00000	
111	0.55500	0.36151	-13.33182	0.65223	0.03067	-0.10090	-0.84330	0.19755	0.99989	0.01472	0.00176	-0.01472	0.99989	0.00054	-0.00175	-0.00056	1.00000		0.79477	7.45159	0.80955	-0.15360	-0.00779	3.89019	1.60041	0.99770	-0.06784	0.00014	0.06784	0.99769	-0.00268	0.00005	0.00268	1.00000	
112	0.56000	0.38861	-13.33186	0.66401	0.03523	-0.10578	-0.83994	0.19862	0.99989	0.01466	0.00185	-0.01466	0.99989	0.00061	-0.00184	-0.00064	1.00000		0.81642	7.44696	0.84290	-0.14946	-0.00520	3.89111	1.60241	0.99769	-0.06786	0.00009	0.06786	0.99769	-0.00261	0.00009	0.00261	1.00000	
113	0.56500	0.35717	-13.32096	0.65922	0.04433	-0.10383	-0.84192	0.18960	0.99989	0.01469	0.00181	-0.01470	0.99989	0.00077	-0.00180	-0.00080	1.00000		0.77787	7.45456	0.87008	-0.14708	0.00121	3.89104	1.60691	0.99769	-0.06786	-0.00002	0.06786	0.99769	-0.00257	0.00020	0.00256	1.00000	
114	0.57000	0.35186	-13.33431	0.68457	0.05313	-0.10321	-0.84637	0.19294	0.99989	0.01477	0.00180	-0.01477	0.99989	0.00093	-0.00179	-0.00095	1.00000		0.78033	7.46121	0.90025	-0.14143	0.00582	3.89692	1.60531	0.99769	-0.06796	-0.00010	0.06796	0.99768	-0.00247	0.00027	0.00246	1.00000	
115	0.57500	0.36640	-13.33147	0.69465	0.05938	-0.10359	-0.84337	0.20079	0.99989	0.01472	0.00181	-0.01472	0.99989	0.00104	-0.00179	-0.00106	1.00000		0.78081	7.46349	0.92515	-0.13857	0.01198	3.89228	1.62675	0.99769	-0.06788	-0.00021	0.06788	0.99769	-0.00242	0.00037	0.00240	1.00000	
116	0.58000	0.36294	-13.28822	0.68616	0.07542	-0.10493	-0.84770	0.21405	0.99989	0.01479	0.00183	-0.01480	0.99989	0.00132	-0.00181	-0.00134	1.00000		0.78581	7.48196	0.95119	-0.13210	0.01444	3.89501	1.61514	0.99769	-0.06793	-0.00025	0.06793	0.99769	-0.00231	0.00041	0.00228	1.00000	
117	0.58500	0.34588	-13.28156	0.69088	0.08525	-0.10350	-0.85109	0.20841	0.99989	0.01485	0.00181	-0.01486	0.99989	0.00149	-0.00178	-0.00151	1.00000		0.75369	7.49903	0.98261	-0.12459	0.01969	3.89855	1.62111	0.99769	-0.06799	-0.00034	0.06799	0.99768	-0.00217	0.00049	0.00215	1.00000	
118	0.59000	0.36572	-13.26797	0.68542	0.09675	-0.09659	-0.85148	0.19713	0.99989	0.01486	0.00169	-0.01486	0.99989	0.00169	-0.00166	-0.00171	1.00000		0.75143	7.49619	1.01214	-0.11952	0.02453	3.90066	1.61665	0.99768	-0.06803	-0.00043	0.06803	0.99768	-0.00209	0.00057	0.00205	1.00000	
119	0.59500	0.33204	-13.26603	0.70636	0.10691	-0.09797	-0.85693	0.19261	0.99989	0.01496	0.00171	-0.01496	0.99989	0.00187	-0.00168	-0.00189	1.00000		0.74347	7.48388	1.04519	-0.11567	0.02824	3.89930	1.61660	0.99769	-0.06800	-0.00049	0.06800	0.99768	-0.00202	0.00063	0.00198	1.00000	
120	0.60000	0.33368	-13.28007	0.70346	0.11324	-0.09764	-0.85742	0.19195	0.99989	0.01496	0.00170	-0.01497	0.99989	0.00198	-0.00167	-0.00200	1.00000		0.74274	7.48896	1.07450	-0.10849	0.03127	3.90164	1.62344	0.99768	-0.06804	-0.00055	0.06804	0.99768	-0.00189	0.00067	0.00185	1.00000	
121	0.60500	0.35306	-13.28645	0.72474	0.12374	-0.09625	-0.85569	0.19697	0.99989	0.01493	0.00168	-0.01494	0.99989	0.00216	-0.00165	-0.00218	1.00000		0.74171	7.48492	1.08999	-0.10343	0.03604	3.90537	1.61909	0.99768	-0.06811	-0.00063	0.06811	0.99768	-0.00181	0.00075	0.00176	1.00000	
122	0.61000	0.35306	-13.28558	0.72145	0.13278	-0.09712	-0.85720	0.19187	0.99989	0.01496	0.00170	-0.01496	0.99989	0.00232	-0.00166	-0.00234	1.00000		0.72697	7.50831	1.12431	-0.09345	0.04156	3.90610	1.64945	0.99768	-0.06812	-0.00073	0.06812	0.99768	-0.00163	0.00083	0.00158	1.00000	
123	0.61500	0.34371	-13.30218	0.73410	0.14082	-0.09631	-0.86391	0.19179	0.99988	0.01508	0.00168	-0.01508	0.99988	0.00246	-0.00164	-0.00248	1.00000		0.72161	7.51404	1.15746	-0.08315	0.04159	3.90782	1.65223	0.99767	-0.06815	-0.00073	0.06815	0.99767	-0.00145	0.00082	0.00140	1.00000	
124	0.62000	0.34271	-13.30635	0.74532	0.15265	-0.09419	-0.86598	0.19136	0.99988	0.01511	0.00164	-0.01512	0.99988	0.00266	-0.00160	-0.00269	1.00000		0.65715	7.51699	1.17453	-0.07623	0.05001	3.91041	1.64898	0.99767	-0.06820	-0.00087	0.06820	0.99767	-0.00133	0.00096	0.00127	1.00000	
125	0.62500	0.33299	-13.29693	0.75315	0.16268	-0.09373	-0.86477	0.18963	0.99988	0.01509	0.00164	-0.01510	0.99988	0.00284	-0.00159	-0.00286	0.99999		0.68067	7.53091	1.20534	-0.06587	0.04877	3.91143	1.65775	0.99767	-0.06821	-0.00085	0.06821	0.99767	-0.00115	0.00093	0.00109	1.00000	
126	0.63000	0.34456	-13.32789	0.76186	0.16975	-0.09642	-0.86737	0.20147	0.99988	0.01514	0.00168	-0.01514	0.99988	0.00296	-0.00164	-0.00299	0.99999		0.67324	7.52263	1.23205	-0.05791	0.05240	3.91352	1.67096	0.99767	-0.06825	-0.00091	0.06825	0.99767	-0.00101	0.00098	0.00095	1.00000	
127	0.63500	0.34307	-13.33201	0.75489	0.17994	-0.09594	-0.86541	0.20603	0.99988	0.01510	0.00167	-0.01511	0.99988	0.00314	-0.00163	-0.00317	0.99999		0.64570	7.52775	1.22513	-0.04946	0.05620	3.91565	1.67054	0.99767	-0.06829	-0.00098	0.06829	0.99767	-0.00086	0.00104	0.00079	1.00000	
128	0.64000	0.32639	-13.32404	0.76852	0.19219	-0.09151	-0.87140	0.18130	0.99988	0.01521	0.00160	-0.01521	0.99988	0.00335	-0.00155	-0.00338	0.99999		0.65022	7.54841	1.26240	-0.04026	0.05706	3.91863	1.69152	0.99766	-0.06834	-0.00100	0.06834	0.99766	-0.00070	0.00104	0.00063	1.00000	
129	0.64500	0.33107	-13.34046	0.78300	0.20318	-0.09070	-0.87143	0.18618	0.99988	0.01521	0.00158	-0.01521	0.99988	0.00355	-0.00153	-0.00357	0.99999		0.62340	7.55241	1.26737	-0.02794	0.06222	3.92249	1.69967	0.99766	-0.06841	-0.00109	0.06841	0.99766	-0.00049	0.00112	0.00041	1.00000	
130	0.65000	0.34709	-13.33420	0.78717	0.21261	-0.09186	-0.87136	0.18485	0.99988	0.01521	0.00160	-0.01521	0.99988	0.00371	-0.00155	-0.00373	0.99999		0.62547	7.54125	1.28695	-0.02056	0.06405	3.92274	1.71323	0.99766	-0.06841	-0.00112	0.06841	0.99766	-0.00036	0.00114	0.00028	1.00000	
131	0.65500	0.33764	-13.37089	0.78414	0.21947	-0.08908	-0.87749	0.17973	0.99988	0.01531	0.00155	-0.01532	0.99988	0.00383	-0.00150	-0.00385	0.99999		0.61089	7.55064	1.29531	-0.00876	0.06407	3.92675	1.72203	0.99765	-0.06848	-0.00112	0.06848	0.99765	-0.00015	0.00113	0.00008	1.00000	
132	0.66000	0.32539	-13.38003	0.80292	0.23067	-0.09123	-0.87762	0.18751	0.99988	0.01532	0.00159	-0.01532	0.99987	0.00403	-0.00153	-0.00405	0.99999		0.64043	7.55317	1.31623	0.00118	0.06153	3.92652	1.74803	0.99765	-0.06848	-0.00107	0.06848	0.99765	0.00002	0.00107	-0.00009	1.00000	
133	0.66500	0.35731	-13.39215	0.80307	0.23799	-0.09701	-0.87938	0.19269	0.99988	0.01535	0.00169	-0.01535	0.99987	0.00415	-0.00163	-0.00418	0.99999		0.59713	7.54339	1.31970	0.00981	0.06623	3.93359	1.74299	0.99764	-0.06860	-0.00116	0.06860	0.99764	0.00017	0.00114	-0.00025	1.00000	
134	0.67000	0.34279	-13.41650	0.80355	0.24637	-0.09001	-0.88129	0.18607	0.99988	0.01538	0.00157	-0.01539	0.99987	0.00430	-0.00150	-0.00432	0.99999		0.60660	7.53842	1.32788	0.01910	0.06512	3.93381	1.75153	0.99764	-0.06860	-0.00114	0.06860	0.99764	0.00033	0.00111	-0.00041	1.00000	
135	0.67500	0.33108	-13.44004	0.81929	0.25372	-0.09055	-0.88551	0.19058	0.99988	0.01545	0.00158	-0.01546	0.99987	0.00443	-0.00151	-0.00445	0.99999		0.58014	7.55948	1.34838	0.03303	0.06520	3.93359	1.77515	0.99764	-0.06860	-0.00114	0.06860	0.99764	0.00058	0.00110	-0.00065	1.00000	
136	0.68000	0.30770	-13.42832	0.81316	0.26706	-0.08609	-0.88348	0.19269	0.99988	0.01542	0.00150	-0.01543	0.99987	0.00466	-0.00143	-0.00468	0.99999		0.55447	7.55567	1.34413	0.04158	0.06518	3.93594	1.78155	0.99764	-0.06864	-0.00114	0.06864	0.99764	0.00073	0.00109	-0.00080	1.00000	
137	0.68500	0.33545	-13.47108	0.82141	0.27300	-0.09074	-0.89031	0.19652	0.99988	0.01554	0.00158	-0.01555	0.99987	0.00476	-0.00151	-0.00479	0.99999		0.57502	7.53132	1.35065	0.04949	0.06542	3.93816	1.79873	0.99764	-0.06868	-0.00114	0.06868	0.99764	0.00086	0.00108	-0.00094	1.00000	
138	0.69000	0.32939	-13.48851	0.82520	0.28100	-0.09049	-0.88312	0.20080	0.99988	0.01541	0.00158	-0.01542	0.99987	0.00490	-0.00150	-0.00493	0.99999		0.56571	7.55958	1.36387	0.06424	0.06454	3.93937	1.81131	0.99764	-0.06870	-0.00113	0.06870	0.99764	0.00112	0.00105	-0.00120	1.00000	
139	0.69500	0.34801	-13.50031	0.82127	0.29051	-0.08625	-0.88795	0.19902	0.99988	0.01550	0.00151	-0.01550	0.99987	0.00507	-0.00143	-0.00509	0.99999		0.52814	7.55919	1.34356	0.07414	0.06491	3.94285	1.83302	0.99763	-0.06876	-0.00113	0.06876	0.99763	0.00129	0.00104	-0.00137	1.00000	
140	0.70000	0.31828	-13.51287	0.82471	0.29804	-0.08720	-0.89259	0.19022	0.99988	0.01558	0.00152	-0.01559	0.99987	0.00520	-0.00144	-0.00522	0.99999		0.54463	7.54720	1.35003	0.08409	0.06241	3.94502	1.82160	0.99763	-0.06880	-0.00109	0.06880	0.99763	0.00147	0.00099	-0.00154	1.00000	
