NO_OF_FRAMES	12042
NO_OF_CAMERAS	8
NO_OF_BODIES	2
FREQUENCY	200
NO_OF_ANALOG	0
ANALOG_FREQUENCY	0
DESCRIPTION	--
TIME_STAMP	2013-07-05, 13:29:12	190165.55035903
DATA_INCLUDED	6D
BODY_NAMES	Ice 2 V2	Ice 3
Frame	Time	Ice 2 V2 X	Y	Z	Roll	Pitch	Yaw	Residual	Rot[0]	Rot[1]	Rot[2]	Rot[3]	Rot[4]	Rot[5]	Rot[6]	Rot[7]	Rot[8]	Ice 3 X	Y	Z	Roll	Pitch	Yaw	Residual	Rot[0]	Rot[1]	Rot[2]	Rot[3]	Rot[4]	Rot[5]	Rot[6]	Rot[7]	Rot[8]	
1	0.00500	-4.94479	24.79801	0.12463	-0.00795	0.34479	-18.07106	0.43445	0.95066	0.31019	-0.00602	-0.31020	0.95067	-0.00014	0.00568	0.00200	0.99998		1.34868	8.58204	0.23560	-0.13022	0.03229	4.59752	1.35730	0.99678	-0.08016	-0.00056	0.08015	0.99678	-0.00227	0.00074	0.00222	1.00000	
2	0.01000	-4.96925	24.81259	0.09982	-0.00870	0.35170	-18.07189	0.41018	0.95065	0.31020	-0.00614	-0.31021	0.95067	-0.00015	0.00579	0.00205	0.99998		1.40996	8.58225	0.24050	-0.13589	0.02696	4.58767	1.35198	0.99680	-0.07998	-0.00047	0.07998	0.99679	-0.00237	0.00066	0.00233	1.00000	
3	0.01500	-4.94928	24.82876	0.09022	-0.01734	0.35501	-18.07447	0.40979	0.95064	0.31025	-0.00620	-0.31025	0.95065	-0.00030	0.00580	0.00221	0.99998		1.42511	8.58275	0.23106	-0.14276	0.03012	4.58649	1.36105	0.99680	-0.07996	-0.00053	0.07996	0.99679	-0.00249	0.00072	0.00244	1.00000	
4	0.02000	-4.95674	24.87738	0.09225	-0.01970	0.35727	-18.07329	0.40366	0.95064	0.31023	-0.00624	-0.31024	0.95066	-0.00034	0.00582	0.00226	0.99998		1.39879	8.61534	0.21911	-0.14597	0.02740	4.58615	1.36545	0.99680	-0.07996	-0.00048	0.07996	0.99680	-0.00255	0.00068	0.00250	1.00000	
5	0.02500	-4.96772	24.87806	0.08273	-0.02678	0.36058	-18.06990	0.40334	0.95066	0.31017	-0.00629	-0.31018	0.95068	-0.00047	0.00584	0.00240	0.99998		1.42379	8.62552	0.20866	-0.14772	0.02894	4.58733	1.36982	0.99680	-0.07998	-0.00051	0.07998	0.99679	-0.00258	0.00071	0.00253	1.00000	
6	0.03000	-4.89395	24.91154	0.07940	-0.03697	0.35515	-18.07420	0.39909	0.95064	0.31024	-0.00620	-0.31025	0.95065	-0.00065	0.00569	0.00254	0.99998		1.44852	8.66074	0.19190	-0.14988	0.02784	4.58804	1.38360	0.99680	-0.07999	-0.00049	0.07999	0.99679	-0.00262	0.00069	0.00257	1.00000	
7	0.03500	-4.97819	24.93542	0.06268	-0.03783	0.36628	-18.06958	0.40960	0.95066	0.31017	-0.00639	-0.31018	0.95068	-0.00066	0.00587	0.00261	0.99998		1.44176	8.66875	0.18403	-0.15167	0.02593	4.58812	1.39375	0.99680	-0.07999	-0.00045	0.07999	0.99679	-0.00265	0.00066	0.00260	1.00000	
8	0.04000	-4.94918	24.97822	0.07317	-0.04546	0.36216	-18.07016	0.39874	0.95066	0.31018	-0.00632	-0.31019	0.95068	-0.00079	0.00576	0.00271	0.99998		1.45094	8.68528	0.17967	-0.15334	0.02520	4.58841	1.39366	0.99679	-0.08000	-0.00044	0.08000	0.99679	-0.00268	0.00065	0.00263	1.00000	
9	0.04500	-4.93297	24.99829	0.07079	-0.05371	0.36333	-18.06806	0.40883	0.95067	0.31014	-0.00634	-0.31015	0.95069	-0.00094	0.00574	0.00286	0.99998		1.42672	8.70578	0.15984	-0.15829	0.02670	4.58441	1.38734	0.99680	-0.07993	-0.00047	0.07993	0.99680	-0.00276	0.00069	0.00272	1.00000	
10	0.05000	-4.92715	25.04090	0.05839	-0.05434	0.36402	-18.06813	0.40453	0.95067	0.31014	-0.00635	-0.31015	0.95069	-0.00095	0.00575	0.00287	0.99998		1.44873	8.73698	0.14881	-0.15627	0.02570	4.58801	1.40223	0.99680	-0.07999	-0.00045	0.07999	0.99679	-0.00273	0.00067	0.00268	1.00000	
11	0.05500	-4.95914	25.04016	0.07517	-0.06142	0.36759	-18.06791	0.40463	0.95067	0.31014	-0.00642	-0.31015	0.95069	-0.00107	0.00577	0.00301	0.99998		1.44929	8.74444	0.13954	-0.15830	0.02590	4.58566	1.39986	0.99680	-0.07995	-0.00045	0.07995	0.99680	-0.00276	0.00067	0.00272	1.00000	
12	0.06000	-4.92158	25.08345	0.06791	-0.06768	0.36908	-18.06889	0.40569	0.95066	0.31015	-0.00644	-0.31017	0.95068	-0.00118	0.00576	0.00312	0.99998		1.48077	8.76983	0.12839	-0.15901	0.02318	4.58599	1.41176	0.99680	-0.07996	-0.00040	0.07995	0.99679	-0.00278	0.00063	0.00273	1.00000	
13	0.06500	-4.92437	25.11254	0.05920	-0.07214	0.36807	-18.07014	0.40825	0.95066	0.31017	-0.00642	-0.31019	0.95067	-0.00126	0.00572	0.00319	0.99998		1.45945	8.78858	0.11631	-0.15771	0.02372	4.58508	1.40357	0.99680	-0.07994	-0.00041	0.07994	0.99680	-0.00275	0.00063	0.00271	1.00000	
14	0.07000	-4.92477	25.12971	0.07585	-0.07907	0.37167	-18.06261	0.41603	0.95070	0.31005	-0.00649	-0.31006	0.95071	-0.00138	0.00574	0.00332	0.99998		1.48849	8.78554	0.10908	-0.16012	0.02078	4.58607	1.42092	0.99680	-0.07996	-0.00036	0.07996	0.99679	-0.00279	0.00058	0.00276	1.00000	
15	0.07500	-4.88073	25.17554	0.06877	-0.08314	0.36783	-18.06492	0.40473	0.95069	0.31009	-0.00642	-0.31010	0.95070	-0.00145	0.00565	0.00337	0.99998		1.48048	8.81895	0.10137	-0.15848	0.02123	4.58538	1.42510	0.99680	-0.07994	-0.00037	0.07994	0.99680	-0.00277	0.00059	0.00273	1.00000	
16	0.08000	-4.92248	25.20212	0.06658	-0.08549	0.36981	-18.06501	0.39410	0.95069	0.31009	-0.00645	-0.31010	0.95070	-0.00149	0.00567	0.00342	0.99998		1.50085	8.82857	0.08194	-0.15728	0.01980	4.58641	1.42019	0.99680	-0.07996	-0.00035	0.07996	0.99679	-0.00275	0.00056	0.00271	1.00000	
17	0.08500	-4.88769	25.22597	0.07599	-0.09066	0.37024	-18.06324	0.41705	0.95070	0.31006	-0.00646	-0.31008	0.95071	-0.00158	0.00565	0.00351	0.99998		1.49311	8.83804	0.08365	-0.15811	0.02300	4.58638	1.43532	0.99680	-0.07996	-0.00040	0.07996	0.99679	-0.00276	0.00062	0.00272	1.00000	
18	0.09000	-4.91065	25.25001	0.07617	-0.09630	0.36935	-18.06559	0.39798	0.95068	0.31010	-0.00645	-0.31012	0.95070	-0.00168	0.00561	0.00360	0.99998		1.51837	8.87740	0.06751	-0.15500	0.01818	4.58633	1.42103	0.99680	-0.07996	-0.00032	0.07996	0.99679	-0.00271	0.00053	0.00267	1.00000	
19	0.09500	-4.89175	25.27222	0.08930	-0.09909	0.36947	-18.06238	0.40591	0.95070	0.31005	-0.00645	-0.31006	0.95071	-0.00173	0.00559	0.00364	0.99998		1.50374	8.87827	0.05919	-0.15452	0.01854	4.58413	1.44189	0.99680	-0.07992	-0.00032	0.07992	0.99680	-0.00270	0.00054	0.00266	1.00000	
20	0.10000	-4.87819	25.29975	0.08754	-0.10233	0.37250	-18.06865	0.41027	0.95067	0.31015	-0.00650	-0.31017	0.95068	-0.00179	0.00563	0.00371	0.99998		1.54777	8.88962	0.06225	-0.15359	0.01500	4.58423	1.41709	0.99680	-0.07992	-0.00026	0.07992	0.99680	-0.00268	0.00048	0.00265	1.00000	
21	0.10500	-4.86030	25.33822	0.09515	-0.10527	0.37087	-18.06533	0.40359	0.95068	0.31009	-0.00647	-0.31011	0.95070	-0.00184	0.00558	0.00375	0.99998		1.51976	8.92563	0.05617	-0.14860	0.01509	4.58433	1.43051	0.99680	-0.07993	-0.00026	0.07993	0.99680	-0.00259	0.00047	0.00256	1.00000	
22	0.11000	-4.86795	25.37268	0.09445	-0.10747	0.36940	-18.06071	0.40599	0.95071	0.31002	-0.00645	-0.31004	0.95072	-0.00188	0.00555	0.00378	0.99998		1.53539	8.92357	0.03806	-0.14684	0.01260	4.58766	1.43147	0.99680	-0.07998	-0.00022	0.07998	0.99679	-0.00256	0.00042	0.00254	1.00000	
23	0.11500	-4.85038	25.39684	0.11417	-0.11231	0.36625	-18.06315	0.40506	0.95070	0.31006	-0.00639	-0.31008	0.95071	-0.00196	0.00547	0.00385	0.99998		1.55864	8.92996	0.04207	-0.14753	0.01209	4.58327	1.42036	0.99680	-0.07991	-0.00021	0.07991	0.99680	-0.00257	0.00042	0.00255	1.00000	
24	0.12000	-4.84390	25.42427	0.11376	-0.11220	0.36602	-18.06468	0.39680	0.95069	0.31008	-0.00639	-0.31010	0.95070	-0.00196	0.00547	0.00384	0.99998		1.54358	8.93707	0.02784	-0.14476	0.01112	4.58472	1.43191	0.99680	-0.07993	-0.00019	0.07993	0.99680	-0.00253	0.00040	0.00250	1.00000	
25	0.12500	-4.84474	25.45309	0.11042	-0.11206	0.36718	-18.06209	0.40846	0.95070	0.31004	-0.00641	-0.31006	0.95072	-0.00196	0.00549	0.00385	0.99998		1.54505	8.96697	0.02734	-0.13889	0.00954	4.58512	1.43420	0.99680	-0.07994	-0.00017	0.07994	0.99680	-0.00242	0.00036	0.00240	1.00000	
26	0.13000	-4.86879	25.47880	0.12789	-0.11350	0.36725	-18.06499	0.40036	0.95069	0.31009	-0.00641	-0.31011	0.95070	-0.00198	0.00548	0.00387	0.99998		1.57285	8.99177	0.01911	-0.13343	0.00697	4.58676	1.42920	0.99680	-0.07997	-0.00012	0.07997	0.99679	-0.00233	0.00031	0.00231	1.00000	
27	0.13500	-4.84097	25.50220	0.13540	-0.11666	0.36538	-18.06158	0.40897	0.95070	0.31003	-0.00638	-0.31005	0.95072	-0.00204	0.00543	0.00391	0.99998		1.55806	9.00458	0.02717	-0.12896	0.00442	4.58811	1.42603	0.99680	-0.07999	-0.00008	0.07999	0.99679	-0.00225	0.00026	0.00224	1.00000	
28	0.14000	-4.84178	25.53721	0.14843	-0.11443	0.36617	-18.06369	0.40554	0.95069	0.31007	-0.00639	-0.31009	0.95071	-0.00200	0.00546	0.00388	0.99998		1.58152	9.00501	0.01371	-0.12636	0.00188	4.58717	1.42013	0.99680	-0.07998	-0.00003	0.07998	0.99679	-0.00221	0.00021	0.00220	1.00000	
29	0.14500	-4.80134	25.57039	0.17355	-0.11766	0.35926	-18.06274	0.40364	0.95070	0.31005	-0.00627	-0.31007	0.95071	-0.00205	0.00532	0.00390	0.99998		1.59655	9.02403	0.02865	-0.12262	0.00109	4.58436	1.41970	0.99680	-0.07993	-0.00002	0.07993	0.99680	-0.00214	0.00019	0.00213	1.00000	
30	0.15000	-4.83173	25.57175	0.17593	-0.11860	0.36214	-18.06452	0.40263	0.95069	0.31008	-0.00632	-0.31010	0.95070	-0.00207	0.00537	0.00393	0.99998		1.58691	9.03598	0.01157	-0.11726	-0.00063	4.58694	1.40738	0.99680	-0.07997	0.00001	0.07997	0.99680	-0.00205	0.00015	0.00204	1.00000	
31	0.15500	-4.82827	25.58108	0.19494	-0.11835	0.36463	-18.06649	0.41877	0.95068	0.31011	-0.00636	-0.31013	0.95069	-0.00207	0.00541	0.00394	0.99998		1.60469	9.03156	0.00932	-0.11307	-0.00068	4.58847	1.40048	0.99680	-0.08000	0.00001	0.08000	0.99679	-0.00197	0.00015	0.00197	1.00000	
32	0.16000	-4.80429	25.61792	0.20725	-0.12004	0.35807	-18.06409	0.40077	0.95069	0.31007	-0.00625	-0.31009	0.95070	-0.00209	0.00529	0.00393	0.99998		1.60651	9.07438	0.01598	-0.10434	-0.00404	4.58767	1.40877	0.99680	-0.07998	0.00007	0.07998	0.99679	-0.00182	0.00008	0.00182	1.00000	
33	0.16500	-4.81321	25.64235	0.22037	-0.11626	0.35924	-18.06308	0.39893	0.95070	0.31006	-0.00627	-0.31008	0.95071	-0.00203	0.00533	0.00387	0.99998		1.60215	9.07628	-0.00044	-0.09904	-0.00685	4.59106	1.39894	0.99679	-0.08004	0.00012	0.08004	0.99679	-0.00173	0.00002	0.00173	1.00000	
34	0.17000	-4.80097	25.67352	0.22687	-0.11462	0.35655	-18.06052	0.41462	0.95071	0.31002	-0.00622	-0.31003	0.95072	-0.00200	0.00530	0.00383	0.99998		1.61676	9.07067	-0.00452	-0.09523	-0.00995	4.59069	1.40129	0.99679	-0.08004	0.00017	0.08004	0.99679	-0.00166	-0.00004	0.00167	1.00000	
35	0.17500	-4.81270	25.69663	0.23334	-0.11225	0.35397	-18.06229	0.41267	0.95070	0.31004	-0.00618	-0.31006	0.95071	-0.00196	0.00527	0.00378	0.99998		1.59936	9.09338	0.00386	-0.08726	-0.01072	4.58783	1.38929	0.99680	-0.07999	0.00019	0.07999	0.99679	-0.00152	-0.00006	0.00153	1.00000	
36	0.18000	-4.81054	25.71439	0.25298	-0.11261	0.35152	-18.06028	0.40782	0.95071	0.31001	-0.00614	-0.31003	0.95073	-0.00197	0.00522	0.00377	0.99998		1.60196	9.11096	-0.00520	-0.08092	-0.01118	4.59068	1.40858	0.99679	-0.08004	0.00020	0.08004	0.99679	-0.00141	-0.00008	0.00142	1.00000	
37	0.18500	-4.79734	25.71829	0.27838	-0.11274	0.35118	-18.06027	0.41136	0.95071	0.31001	-0.00613	-0.31003	0.95073	-0.00197	0.00522	0.00377	0.99998		1.62689	9.11477	-0.00431	-0.07479	-0.01409	4.58900	1.37014	0.99679	-0.08001	0.00025	0.08001	0.99679	-0.00131	-0.00014	0.00132	1.00000	
38	0.19000	-4.80633	25.75296	0.29325	-0.10615	0.34918	-18.06253	0.41733	0.95070	0.31005	-0.00609	-0.31006	0.95071	-0.00185	0.00522	0.00365	0.99998		1.61697	9.12596	0.00125	-0.06844	-0.01744	4.59492	1.38493	0.99679	-0.08011	0.00030	0.08011	0.99679	-0.00119	-0.00021	0.00121	1.00000	
39	0.19500	-4.78866	25.77261	0.30697	-0.10541	0.34497	-18.06072	0.41553	0.95071	0.31002	-0.00602	-0.31003	0.95072	-0.00184	0.00515	0.00362	0.99998		1.61648	9.12463	-0.00877	-0.06225	-0.01674	4.59036	1.37729	0.99679	-0.08003	0.00029	0.08003	0.99679	-0.00109	-0.00020	0.00111	1.00000	
40	0.20000	-4.79633	25.80229	0.31462	-0.10106	0.33855	-18.06643	0.40320	0.95068	0.31011	-0.00591	-0.31013	0.95069	-0.00176	0.00507	0.00351	0.99998		1.61025	9.13908	-0.00094	-0.05595	-0.01754	4.59168	1.38440	0.99679	-0.08005	0.00031	0.08005	0.99679	-0.00098	-0.00023	0.00100	1.00000	
41	0.20500	-4.78669	25.80205	0.34093	-0.09921	0.33988	-18.06102	0.40921	0.95071	0.31002	-0.00593	-0.31004	0.95072	-0.00173	0.00510	0.00349	0.99998		1.63566	9.14227	0.00679	-0.04756	-0.02267	4.58998	1.38214	0.99679	-0.08002	0.00040	0.08002	0.99679	-0.00083	-0.00033	0.00086	1.00000	
42	0.21000	-4.80272	25.82042	0.34653	-0.09410	0.33655	-18.06114	0.40236	0.95071	0.31003	-0.00587	-0.31004	0.95072	-0.00164	0.00508	0.00338	0.99998		1.61942	9.15827	0.01180	-0.03845	-0.02351	4.59377	1.37441	0.99679	-0.08009	0.00041	0.08009	0.99679	-0.00067	-0.00036	0.00070	1.00000	
43	0.21500	-4.78435	25.83237	0.36524	-0.09042	0.33374	-18.06457	0.41000	0.95069	0.31008	-0.00582	-0.31010	0.95070	-0.00158	0.00505	0.00331	0.99998		1.61110	9.15566	0.01062	-0.03345	-0.02426	4.59491	1.36136	0.99679	-0.08011	0.00042	0.08011	0.99679	-0.00058	-0.00038	0.00062	1.00000	
44	0.22000	-4.77182	25.84888	0.37737	-0.08436	0.32797	-18.06291	0.40391	0.95070	0.31006	-0.00572	-0.31007	0.95071	-0.00147	0.00499	0.00317	0.99998		1.63403	9.15230	0.00576	-0.02455	-0.02915	4.59477	1.36034	0.99679	-0.08011	0.00051	0.08011	0.99679	-0.00043	-0.00047	0.00047	1.00000	
45	0.22500	-4.77706	25.85212	0.40497	-0.08140	0.32524	-18.06274	0.40753	0.95070	0.31005	-0.00568	-0.31007	0.95071	-0.00142	0.00496	0.00311	0.99998		1.61522	9.15111	0.00952	-0.01878	-0.03003	4.59464	1.35263	0.99679	-0.08011	0.00052	0.08011	0.99679	-0.00033	-0.00050	0.00037	1.00000	
46	0.23000	-4.78474	25.87850	0.41700	-0.07198	0.32569	-18.06132	0.40819	0.95071	0.31003	-0.00568	-0.31004	0.95072	-0.00126	0.00501	0.00296	0.99998		1.62907	9.17441	0.02441	-0.00820	-0.03241	4.59751	1.33358	0.99678	-0.08016	0.00057	0.08016	0.99678	-0.00014	-0.00055	0.00019	1.00000	
47	0.23500	-4.76180	25.87834	0.43312	-0.06970	0.31899	-18.06210	0.40805	0.95071	0.31004	-0.00557	-0.31005	0.95072	-0.00122	0.00492	0.00288	0.99998		1.63520	9.14824	0.01955	-0.00272	-0.03317	4.59593	1.31256	0.99678	-0.08013	0.00058	0.08013	0.99678	-0.00005	-0.00057	0.00009	1.00000	
48	0.24000	-4.75436	25.90206	0.45119	-0.05928	0.31032	-18.06404	0.40998	0.95070	0.31008	-0.00542	-0.31008	0.95071	-0.00103	0.00483	0.00266	0.99998		1.62767	9.15379	0.02309	0.00351	-0.03417	4.59592	1.31480	0.99678	-0.08013	0.00060	0.08013	0.99678	0.00006	-0.00060	-0.00001	1.00000	
49	0.24500	-4.75213	25.90944	0.47202	-0.05384	0.30467	-18.06554	0.40267	0.95069	0.31010	-0.00532	-0.31011	0.95070	-0.00094	0.00476	0.00254	0.99999		1.64361	9.16268	0.03106	0.01463	-0.03758	4.59748	1.31531	0.99678	-0.08016	0.00066	0.08015	0.99678	0.00026	-0.00067	-0.00020	1.00000	
50	0.25000	-4.75794	25.89415	0.49371	-0.05006	0.30570	-18.06124	0.40694	0.95071	0.31003	-0.00534	-0.31004	0.95072	-0.00087	0.00480	0.00248	0.99999		1.61672	9.15767	0.02247	0.02294	-0.03729	4.59984	1.30822	0.99678	-0.08020	0.00065	0.08020	0.99678	0.00040	-0.00068	-0.00035	1.00000	
51	0.25500	-4.76682	25.92640	0.50051	-0.04059	0.29890	-18.06178	0.40149	0.95071	0.31004	-0.00522	-0.31005	0.95072	-0.00071	0.00474	0.00229	0.99999		1.61674	9.16253	0.03725	0.02988	-0.04120	4.59912	1.28384	0.99678	-0.08018	0.00072	0.08018	0.99678	0.00052	-0.00076	-0.00046	1.00000	
52	0.26000	-4.71841	25.91488	0.52300	-0.03397	0.29614	-18.06091	0.40579	0.95071	0.31002	-0.00517	-0.31003	0.95073	-0.00059	0.00473	0.00217	0.99999		1.59939	9.16120	0.03997	0.03897	-0.03916	4.60183	1.28187	0.99678	-0.08023	0.00068	0.08023	0.99678	0.00068	-0.00074	-0.00062	1.00000	
53	0.26500	-4.73944	25.93363	0.53093	-0.02587	0.29034	-18.06413	0.40629	0.95070	0.31008	-0.00507	-0.31008	0.95071	-0.00045	0.00468	0.00200	0.99999		1.60066	9.13690	0.03713	0.04520	-0.04235	4.60394	1.28430	0.99677	-0.08027	0.00074	0.08027	0.99677	0.00079	-0.00080	-0.00073	1.00000	
54	0.27000	-4.74183	25.92041	0.54999	-0.01762	0.28864	-18.06302	0.39881	0.95070	0.31006	-0.00504	-0.31006	0.95072	-0.00031	0.00469	0.00185	0.99999		1.63310	9.13454	0.04510	0.05548	-0.04684	4.60658	1.26089	0.99677	-0.08031	0.00082	0.08031	0.99677	0.00097	-0.00089	-0.00090	1.00000	
55	0.27500	-4.70913	25.94218	0.56830	-0.00693	0.28064	-18.05900	0.40321	0.95073	0.30999	-0.00490	-0.31000	0.95074	-0.00012	0.00462	0.00163	0.99999		1.60095	9.14505	0.05350	0.06353	-0.04732	4.60424	1.25672	0.99677	-0.08027	0.00083	0.08027	0.99677	0.00111	-0.00091	-0.00104	1.00000	
56	0.28000	-4.72192	25.92122	0.57807	-0.00059	0.27728	-18.06227	0.40493	0.95071	0.31005	-0.00484	-0.31005	0.95072	-0.00001	0.00460	0.00151	0.99999		1.58892	9.13891	0.06593	0.07346	-0.04635	4.60728	1.25438	0.99677	-0.08033	0.00081	0.08032	0.99677	0.00128	-0.00091	-0.00121	1.00000	
57	0.28500	-4.70445	25.92630	0.60854	0.00933	0.27398	-18.06741	0.39878	0.95068	0.31013	-0.00478	-0.31014	0.95069	0.00016	0.00460	0.00133	0.99999		1.61171	9.12161	0.07618	0.08098	-0.04944	4.60873	1.23479	0.99677	-0.08035	0.00086	0.08035	0.99677	0.00141	-0.00097	-0.00134	1.00000	
58	0.29000	-4.72587	25.91394	0.61266	0.01700	0.26897	-18.06433	0.39364	0.95070	0.31008	-0.00469	-0.31008	0.95071	0.00030	0.00455	0.00117	0.99999		1.58731	9.12280	0.07255	0.09059	-0.04952	4.61268	1.24174	0.99676	-0.08042	0.00086	0.08042	0.99676	0.00158	-0.00099	-0.00151	1.00000	
59	0.29500	-4.71266	25.91970	0.62708	0.02694	0.26096	-18.06629	0.40284	0.95069	0.31011	-0.00455	-0.31012	0.95070	0.00047	0.00448	0.00097	0.99999		1.58428	9.08410	0.08903	0.09594	-0.05107	4.60869	1.22271	0.99677	-0.08035	0.00089	0.08035	0.99677	0.00167	-0.00102	-0.00160	1.00000	
60	0.30000	-4.73406	25.91120	0.64775	0.03486	0.26102	-18.06094	0.39623	0.95072	0.31003	-0.00456	-0.31003	0.95073	0.00061	0.00452	0.00083	0.99999		1.56574	9.08560	0.08797	0.10531	-0.04888	4.61035	1.22518	0.99676	-0.08038	0.00085	0.08038	0.99676	0.00184	-0.00100	-0.00176	1.00000	
61	0.30500	-4.71437	25.89267	0.64587	0.04270	0.25403	-18.06237	0.39623	0.95071	0.31005	-0.00443	-0.31005	0.95072	0.00075	0.00445	0.00067	0.99999		1.55616	9.07969	0.09399	0.11383	-0.05148	4.61330	1.21386	0.99676	-0.08043	0.00090	0.08043	0.99676	0.00199	-0.00106	-0.00191	1.00000	
62	0.31000	-4.69928	25.88290	0.66556	0.05281	0.24747	-18.06414	0.39676	0.95070	0.31008	-0.00432	-0.31008	0.95071	0.00092	0.00439	0.00046	0.99999		1.54161	9.06248	0.09315	0.12170	-0.05026	4.61540	1.21724	0.99676	-0.08047	0.00088	0.08046	0.99676	0.00212	-0.00105	-0.00205	1.00000	
63	0.31500	-4.69799	25.87236	0.68213	0.06163	0.24213	-18.06441	0.40306	0.95070	0.31008	-0.00423	-0.31008	0.95071	0.00108	0.00435	0.00029	0.99999		1.53080	9.05705	0.10998	0.13178	-0.04952	4.61843	1.21513	0.99675	-0.08052	0.00086	0.08052	0.99675	0.00230	-0.00105	-0.00222	1.00000	
64	0.32000	-4.69727	25.87084	0.69793	0.07328	0.23633	-18.06952	0.39624	0.95067	0.31017	-0.00412	-0.31017	0.95068	0.00128	0.00432	0.00006	0.99999		1.55226	9.02572	0.12052	0.13752	-0.05461	4.61797	1.19463	0.99675	-0.08051	0.00095	0.08051	0.99675	0.00240	-0.00114	-0.00232	1.00000	
65	0.32500	-4.73681	25.84697	0.70287	0.08494	0.23851	-18.06505	0.41199	0.95070	0.31009	-0.00416	-0.31009	0.95071	0.00148	0.00442	-0.00012	0.99999		1.52285	9.01339	0.12290	0.14540	-0.05233	4.62075	1.18348	0.99675	-0.08056	0.00091	0.08056	0.99675	0.00254	-0.00111	-0.00246	1.00000	
66	0.33000	-4.68355	25.82841	0.70307	0.09239	0.22882	-18.06743	0.40091	0.95068	0.31013	-0.00399	-0.31013	0.95069	0.00161	0.00430	-0.00029	0.99999		1.53225	9.00228	0.15109	0.15284	-0.05163	4.62093	1.17417	0.99675	-0.08056	0.00090	0.08056	0.99675	0.00267	-0.00111	-0.00259	1.00000	
67	0.33500	-4.69402	25.80981	0.73500	0.10454	0.22178	-18.07050	0.38695	0.95067	0.31018	-0.00387	-0.31018	0.95068	0.00182	0.00425	-0.00053	0.99999		1.50985	8.98147	0.15042	0.16077	-0.05094	4.62229	1.15951	0.99675	-0.08059	0.00089	0.08058	0.99674	0.00281	-0.00111	-0.00273	1.00000	
68	0.34000	-4.71579	25.77499	0.73997	0.11395	0.22386	-18.07325	0.39798	0.95065	0.31023	-0.00391	-0.31022	0.95066	0.00199	0.00433	-0.00068	0.99999		1.49280	8.95877	0.16190	0.16685	-0.05105	4.62308	1.14622	0.99675	-0.08060	0.00089	0.08060	0.99674	0.00291	-0.00112	-0.00283	1.00000	
69	0.34500	-4.71780	25.78952	0.74214	0.12779	0.21730	-18.07085	0.38973	0.95067	0.31019	-0.00379	-0.31018	0.95067	0.00223	0.00430	-0.00094	0.99999		1.50559	8.94205	0.17074	0.17454	-0.05248	4.62619	1.13952	0.99674	-0.08065	0.00092	0.08065	0.99674	0.00305	-0.00116	-0.00296	0.99999	
70	0.35000	-4.70558	25.74087	0.74543	0.13563	0.21117	-18.07380	0.40243	0.95065	0.31024	-0.00369	-0.31023	0.95066	0.00237	0.00424	-0.00111	0.99999		1.49026	8.92043	0.18009	0.18102	-0.04940	4.62907	1.13436	0.99674	-0.08070	0.00086	0.08070	0.99673	0.00316	-0.00111	-0.00308	0.99999	
71	0.35500	-4.70530	25.74913	0.75858	0.15203	0.20808	-18.07386	0.39986	0.95065	0.31024	-0.00363	-0.31023	0.95066	0.00265	0.00428	-0.00140	0.99999		1.45873	8.91823	0.19372	0.19034	-0.05008	4.62993	1.11557	0.99674	-0.08072	0.00087	0.08072	0.99673	0.00332	-0.00114	-0.00324	0.99999	
72	0.36000	-4.74927	25.71696	0.77027	0.16119	0.20739	-18.07304	0.39769	0.95066	0.31023	-0.00362	-0.31022	0.95066	0.00281	0.00431	-0.00155	0.99999		1.50166	8.88587	0.20709	0.19768	-0.05229	4.62968	1.11065	0.99674	-0.08072	0.00091	0.08071	0.99673	0.00345	-0.00119	-0.00337	0.99999	
73	0.36500	-4.71364	25.68920	0.77227	0.17171	0.20022	-18.07611	0.40504	0.95064	0.31028	-0.00349	-0.31027	0.95064	0.00300	0.00425	-0.00176	0.99999		1.46453	8.85723	0.22048	0.20187	-0.05065	4.63177	1.10212	0.99673	-0.08075	0.00088	0.08075	0.99673	0.00352	-0.00117	-0.00344	0.99999	
74	0.37000	-4.71673	25.65573	0.78512	0.17943	0.19530	-18.07480	0.40609	0.95065	0.31026	-0.00341	-0.31025	0.95065	0.00313	0.00421	-0.00192	0.99999		1.43666	8.85101	0.21110	0.20732	-0.04508	4.63103	1.08113	0.99674	-0.08074	0.00079	0.08074	0.99673	0.00362	-0.00108	-0.00354	0.99999	
75	0.37500	-4.74795	25.63570	0.80050	0.19399	0.19459	-18.07464	0.41666	0.95065	0.31025	-0.00340	-0.31024	0.95065	0.00339	0.00428	-0.00217	0.99999		1.43347	8.82340	0.23718	0.21450	-0.04763	4.63420	1.08415	0.99673	-0.08079	0.00083	0.08079	0.99672	0.00374	-0.00113	-0.00366	0.99999	
76	0.38000	-4.72834	25.62633	0.79718	0.20533	0.18587	-18.07465	0.40421	0.95065	0.31025	-0.00324	-0.31024	0.95065	0.00358	0.00420	-0.00240	0.99999		1.43287	8.78057	0.22924	0.21853	-0.04551	4.63847	1.07348	0.99672	-0.08087	0.00079	0.08086	0.99672	0.00381	-0.00110	-0.00374	0.99999	
77	0.38500	-4.73475	25.58833	0.82241	0.21440	0.18658	-18.07540	0.40668	0.95064	0.31027	-0.00326	-0.31025	0.95065	0.00374	0.00426	-0.00255	0.99999		1.41235	8.78229	0.25613	0.22603	-0.04304	4.63679	1.07150	0.99673	-0.08084	0.00075	0.08084	0.99672	0.00394	-0.00107	-0.00387	0.99999	
78	0.39000	-4.71793	25.58387	0.81715	0.22738	0.17548	-18.07685	0.40139	0.95064	0.31029	-0.00306	-0.31028	0.95064	0.00397	0.00414	-0.00282	0.99999		1.44336	8.75589	0.26595	0.23260	-0.04633	4.63588	1.06218	0.99673	-0.08082	0.00081	0.08082	0.99672	0.00406	-0.00113	-0.00398	0.99999	
79	0.39500	-4.72414	25.53434	0.81671	0.23524	0.17578	-18.07450	0.40807	0.95065	0.31025	-0.00307	-0.31024	0.95065	0.00411	0.00419	-0.00295	0.99999		1.41765	8.71741	0.26580	0.23703	-0.04327	4.64010	1.04412	0.99672	-0.08090	0.00076	0.08089	0.99671	0.00414	-0.00109	-0.00406	0.99999	
80	0.40000	-4.72184	25.50645	0.83244	0.24773	0.17570	-18.07581	0.41502	0.95064	0.31027	-0.00307	-0.31026	0.95064	0.00432	0.00426	-0.00316	0.99999		1.42516	8.68339	0.27882	0.24123	-0.04106	4.63877	1.02756	0.99672	-0.08087	0.00072	0.08087	0.99672	0.00421	-0.00105	-0.00414	0.99999	
81	0.40500	-4.73585	25.48591	0.82683	0.25637	0.16884	-18.08014	0.40858	0.95062	0.31035	-0.00295	-0.31033	0.95062	0.00447	0.00419	-0.00334	0.99999		1.36438	8.68512	0.27911	0.24809	-0.03648	4.64245	1.04202	0.99672	-0.08094	0.00064	0.08093	0.99671	0.00433	-0.00099	-0.00426	0.99999	
82	0.41000	-4.72304	25.45860	0.83451	0.26756	0.16354	-18.07752	0.40435	0.95063	0.31030	-0.00285	-0.31029	0.95063	0.00467	0.00416	-0.00355	0.99999		1.39756	8.65370	0.28625	0.25399	-0.03670	4.64280	1.02132	0.99672	-0.08094	0.00064	0.08094	0.99671	0.00443	-0.00100	-0.00437	0.99999	
83	0.41500	-4.69316	25.42709	0.83351	0.27349	0.15704	-18.07744	0.40420	0.95063	0.31030	-0.00274	-0.31029	0.95063	0.00477	0.00409	-0.00369	0.99998		1.35779	8.62863	0.29574	0.25849	-0.03488	4.64265	1.03250	0.99672	-0.08094	0.00061	0.08094	0.99671	0.00451	-0.00097	-0.00445	0.99999	
84	0.42000	-4.71214	25.38923	0.83005	0.28200	0.15317	-18.07915	0.40665	0.95063	0.31033	-0.00267	-0.31031	0.95062	0.00492	0.00407	-0.00385	0.99998		1.35396	8.61034	0.30248	0.26310	-0.03522	4.64281	1.01288	0.99672	-0.08094	0.00061	0.08094	0.99671	0.00459	-0.00098	-0.00453	0.99999	
85	0.42500	-4.69799	25.36263	0.84383	0.29345	0.15028	-18.07822	0.39926	0.95063	0.31031	-0.00262	-0.31030	0.95063	0.00512	0.00408	-0.00405	0.99998		1.39117	8.56436	0.31063	0.26678	-0.03276	4.64552	1.00185	0.99671	-0.08099	0.00057	0.08099	0.99670	0.00466	-0.00095	-0.00459	0.99999	
86	0.43000	-4.72545	25.33643	0.82899	0.30357	0.14856	-18.08196	0.41169	0.95061	0.31038	-0.00259	-0.31036	0.95060	0.00530	0.00411	-0.00423	0.99998		1.32864	8.56279	0.31708	0.27167	-0.02662	4.64352	1.00992	0.99672	-0.08096	0.00046	0.08095	0.99671	0.00474	-0.00085	-0.00469	0.99999	
87	0.43500	-4.69654	25.30723	0.83300	0.31186	0.14379	-18.08191	0.41135	0.95061	0.31038	-0.00251	-0.31036	0.95060	0.00544	0.00408	-0.00440	0.99998		1.34745	8.53529	0.31853	0.27583	-0.02583	4.64476	0.99542	0.99672	-0.08098	0.00045	0.08097	0.99670	0.00481	-0.00084	-0.00476	0.99999	
88	0.44000	-4.68405	25.26496	0.82464	0.31669	0.13886	-18.08146	0.40281	0.95061	0.31037	-0.00242	-0.31035	0.95061	0.00553	0.00402	-0.00450	0.99998		1.31792	8.50867	0.32724	0.27986	-0.02360	4.64836	0.99903	0.99671	-0.08104	0.00041	0.08104	0.99670	0.00488	-0.00081	-0.00484	0.99999	
89	0.44500	-4.70466	25.24246	0.83013	0.32597	0.13522	-18.07926	0.41662	0.95063	0.31033	-0.00236	-0.31031	0.95062	0.00569	0.00401	-0.00468	0.99998		1.32938	8.47841	0.33087	0.28143	-0.02171	4.64518	0.98430	0.99672	-0.08098	0.00038	0.08098	0.99670	0.00491	-0.00078	-0.00487	0.99999	
90	0.45000	-4.68464	25.19134	0.82865	0.33478	0.13472	-18.08408	0.41770	0.95060	0.31041	-0.00235	-0.31039	0.95059	0.00584	0.00405	-0.00482	0.99998		1.32819	8.45146	0.32130	0.28601	-0.01711	4.65202	0.96932	0.99671	-0.08110	0.00030	0.08110	0.99669	0.00499	-0.00070	-0.00495	0.99999	
91	0.45500	-4.68218	25.16891	0.81437	0.34328	0.13428	-18.08779	0.40227	0.95058	0.31047	-0.00234	-0.31045	0.95057	0.00599	0.00409	-0.00497	0.99998		1.29876	8.43716	0.33589	0.29054	-0.01692	4.64811	0.95869	0.99671	-0.08104	0.00030	0.08103	0.99670	0.00507	-0.00071	-0.00503	0.99999	
92	0.46000	-4.67177	25.12601	0.81444	0.34947	0.12892	-18.08455	0.40509	0.95060	0.31042	-0.00225	-0.31040	0.95059	0.00610	0.00403	-0.00510	0.99998		1.33447	8.41598	0.33578	0.29288	-0.01513	4.64945	0.95474	0.99671	-0.08106	0.00026	0.08106	0.99670	0.00511	-0.00068	-0.00507	0.99999	
93	0.46500	-4.72183	25.09650	0.80190	0.35804	0.13024	-18.08520	0.40660	0.95059	0.31043	-0.00227	-0.31041	0.95058	0.00625	0.00410	-0.00523	0.99998		1.27282	8.40317	0.34728	0.29722	-0.01061	4.65219	0.94971	0.99671	-0.08111	0.00019	0.08110	0.99669	0.00519	-0.00061	-0.00516	0.99999	
94	0.47000	-4.70305	25.06771	0.80616	0.36646	0.13141	-18.09250	0.41053	0.95055	0.31055	-0.00229	-0.31053	0.95054	0.00640	0.00417	-0.00537	0.99998		1.28208	8.36991	0.33351	0.29857	-0.00814	4.65201	0.93394	0.99671	-0.08110	0.00014	0.08110	0.99669	0.00521	-0.00056	-0.00518	0.99999	
95	0.47500	-4.69895	25.03266	0.80497	0.37331	0.13066	-18.09126	0.41763	0.95056	0.31053	-0.00228	-0.31051	0.95055	0.00652	0.00419	-0.00549	0.99998		1.25691	8.33863	0.33593	0.29946	-0.00478	4.65508	0.93649	0.99670	-0.08116	0.00008	0.08116	0.99669	0.00523	-0.00051	-0.00520	0.99999	
96	0.48000	-4.69321	25.00705	0.78476	0.37611	0.12059	-18.08718	0.40983	0.95058	0.31046	-0.00210	-0.31044	0.95057	0.00656	0.00404	-0.00559	0.99998		1.24878	8.33159	0.34995	0.30105	-0.00066	4.65390	0.94028	0.99670	-0.08114	0.00001	0.08114	0.99669	0.00525	-0.00044	-0.00524	0.99999	
97	0.48500	-4.71017	24.95746	0.78096	0.38269	0.12814	-18.09440	0.41485	0.95054	0.31058	-0.00224	-0.31056	0.95053	0.00668	0.00420	-0.00565	0.99998		1.24491	8.30491	0.33623	0.30289	0.00248	4.65625	0.94880	0.99670	-0.08118	-0.00004	0.08118	0.99669	0.00529	-0.00039	-0.00527	0.99999	
98	0.49000	-4.70763	24.92684	0.76995	0.38814	0.12542	-18.09000	0.41064	0.95057	0.31051	-0.00219	-0.31049	0.95055	0.00677	0.00418	-0.00576	0.99997		1.24797	8.29157	0.34244	0.30516	0.00132	4.65454	0.93072	0.99670	-0.08115	-0.00002	0.08115	0.99669	0.00533	-0.00041	-0.00531	0.99999	
99	0.49500	-4.75613	24.89149	0.74599	0.39407	0.12791	-18.09389	0.41779	0.95055	0.31057	-0.00223	-0.31055	0.95053	0.00688	0.00426	-0.00584	0.99997		1.22864	8.25852	0.34560	0.30404	0.00712	4.65601	0.91848	0.99670	-0.08117	-0.00012	0.08117	0.99669	0.00531	-0.00031	-0.00530	0.99999	
100	0.50000	-4.75883	24.86388	0.75653	0.40109	0.13166	-18.09338	0.41840	0.95055	0.31057	-0.00230	-0.31054	0.95053	0.00700	0.00436	-0.00594	0.99997		1.23522	8.22758	0.34599	0.30402	0.00659	4.65353	0.91348	0.99670	-0.08113	-0.00011	0.08113	0.99669	0.00531	-0.00032	-0.00530	0.99999	
101	0.50500	-4.76922	24.80918	0.73636	0.39963	0.12717	-18.09369	0.40749	0.95055	0.31057	-0.00222	-0.31055	0.95053	0.00697	0.00428	-0.00594	0.99997		1.17572	8.20769	0.34893	0.30419	0.01439	4.65725	0.91830	0.99670	-0.08119	-0.00025	0.08120	0.99668	0.00531	-0.00018	-0.00531	0.99999	
102	0.51000	-4.75455	24.78803	0.71928	0.40462	0.12776	-18.09132	0.41943	0.95056	0.31053	-0.00223	-0.31051	0.95054	0.00706	0.00431	-0.00602	0.99997		1.18905	8.19489	0.34295	0.30459	0.01691	4.65885	0.92137	0.99670	-0.08122	-0.00030	0.08122	0.99668	0.00532	-0.00014	-0.00532	0.99999	
103	0.51500	-4.71380	24.75717	0.73158	0.40502	0.12184	-18.09484	0.41071	0.95054	0.31059	-0.00213	-0.31057	0.95052	0.00707	0.00422	-0.00606	0.99997		1.18658	8.16207	0.34436	0.30354	0.01969	4.65801	0.92655	0.99670	-0.08121	-0.00034	0.08121	0.99668	0.00530	-0.00009	-0.00531	0.99999	
104	0.52000	-4.74153	24.72898	0.68622	0.41032	0.12475	-18.09528	0.41343	0.95054	0.31060	-0.00218	-0.31058	0.95052	0.00716	0.00429	-0.00613	0.99997		1.16985	8.14635	0.34089	0.30270	0.02368	4.65571	0.90307	0.99670	-0.08117	-0.00041	0.08117	0.99669	0.00528	-0.00002	-0.00530	0.99999	
105	0.52500	-4.74173	24.68676	0.68165	0.40990	0.12397	-18.10145	0.42519	0.95051	0.31070	-0.00216	-0.31068	0.95049	0.00715	0.00428	-0.00613	0.99997		1.14484	8.13399	0.33816	0.30415	0.02885	4.65613	0.91768	0.99670	-0.08118	-0.00050	0.08118	0.99669	0.00531	0.00007	-0.00533	0.99999	
106	0.53000	-4.76931	24.66143	0.65997	0.41276	0.13003	-18.09610	0.40870	0.95053	0.31061	-0.00227	-0.31059	0.95052	0.00720	0.00439	-0.00614	0.99997		1.15874	8.10455	0.34918	0.30028	0.02788	4.65743	0.91185	0.99670	-0.08120	-0.00049	0.08120	0.99668	0.00524	0.00006	-0.00526	0.99999	
107	0.53500	-4.76887	24.62530	0.65926	0.41303	0.12870	-18.09899	0.41924	0.95052	0.31066	-0.00225	-0.31064	0.95050	0.00721	0.00437	-0.00615	0.99997		1.14485	8.07963	0.35718	0.29895	0.03297	4.65730	0.90073	0.99670	-0.08120	-0.00058	0.08120	0.99668	0.00522	0.00015	-0.00525	0.99999	
108	0.54000	-4.76977	24.59139	0.65148	0.41266	0.12980	-18.09569	0.41276	0.95054	0.31060	-0.00227	-0.31058	0.95052	0.00720	0.00439	-0.00614	0.99997		1.13058	8.06330	0.33839	0.29773	0.03502	4.65860	0.89886	0.99670	-0.08122	-0.00061	0.08122	0.99668	0.00520	0.00019	-0.00523	0.99999	
109	0.54500	-4.76798	24.55580	0.62880	0.41233	0.12793	-18.09524	0.41343	0.95054	0.31060	-0.00223	-0.31057	0.95052	0.00720	0.00436	-0.00615	0.99997		1.12633	8.05101	0.33446	0.29543	0.03884	4.65803	0.90823	0.99670	-0.08121	-0.00068	0.08121	0.99668	0.00516	0.00026	-0.00519	0.99999	
110	0.55000	-4.77575	24.51461	0.61422	0.41206	0.13132	-18.09836	0.41728	0.95052	0.31065	-0.00229	-0.31063	0.95051	0.00719	0.00441	-0.00612	0.99997		1.08869	8.01726	0.33827	0.29138	0.04266	4.65574	0.89802	0.99670	-0.08117	-0.00074	0.08117	0.99669	0.00509	0.00033	-0.00513	0.99999	
111	0.55500	-4.76972	24.49839	0.59813	0.41019	0.13281	-18.09964	0.41162	0.95052	0.31067	-0.00232	-0.31065	0.95050	0.00716	0.00443	-0.00608	0.99997		1.08942	8.01459	0.32466	0.28953	0.04265	4.65676	0.91277	0.99670	-0.08119	-0.00074	0.08119	0.99669	0.00505	0.00033	-0.00510	0.99999	
112	0.56000	-4.75143	24.46908	0.57296	0.40813	0.13348	-18.09932	0.41024	0.95052	0.31066	-0.00233	-0.31064	0.95050	0.00712	0.00443	-0.00605	0.99997		1.11092	7.98623	0.31152	0.28513	0.04583	4.65825	0.87437	0.99670	-0.08121	-0.00080	0.08122	0.99668	0.00498	0.00039	-0.00502	0.99999	
113	0.56500	-4.77251	24.42402	0.56838	0.40537	0.13812	-18.09786	0.42286	0.95052	0.31064	-0.00241	-0.31062	0.95051	0.00708	0.00449	-0.00598	0.99997		1.06376	7.95365	0.32081	0.27784	0.05121	4.65435	0.89856	0.99670	-0.08114	-0.00089	0.08115	0.99669	0.00485	0.00050	-0.00491	0.99999	
114	0.57000	-4.79463	24.41952	0.55903	0.40629	0.14304	-18.10021	0.41017	0.95051	0.31068	-0.00250	-0.31066	0.95050	0.00709	0.00458	-0.00596	0.99997		1.05827	7.96702	0.31026	0.27796	0.05444	4.65663	0.89410	0.99670	-0.08118	-0.00095	0.08119	0.99669	0.00485	0.00055	-0.00491	0.99999	
115	0.57500	-4.80276	24.37934	0.53231	0.40415	0.14734	-18.10164	0.41815	0.95050	0.31070	-0.00257	-0.31068	0.95049	0.00705	0.00464	-0.00591	0.99997		1.06185	7.95710	0.31531	0.27402	0.05565	4.65707	0.88670	0.99670	-0.08119	-0.00097	0.08120	0.99669	0.00478	0.00058	-0.00485	0.99999	
116	0.58000	-4.78439	24.36470	0.49858	0.39902	0.14151	-18.09743	0.41776	0.95053	0.31063	-0.00247	-0.31061	0.95051	0.00696	0.00451	-0.00585	0.99997		1.07707	7.93599	0.30139	0.26979	0.05452	4.65585	0.89682	0.99670	-0.08117	-0.00095	0.08117	0.99669	0.00471	0.00057	-0.00477	0.99999	
117	0.58500	-4.84750	24.41678	0.44440	0.41921	0.16445	-18.11570	0.41583	0.95043	0.31094	-0.00287	-0.31091	0.95041	0.00732	0.00500	-0.00606	0.99997		1.02748	7.93058	0.28233	0.26590	0.06124	4.65562	0.90303	0.99670	-0.08117	-0.00107	0.08117	0.99669	0.00464	0.00069	-0.00471	0.99999	
118	0.59000	-4.78047	24.31656	0.46256	0.39322	0.15034	-18.10355	0.42046	0.95049	0.31073	-0.00262	-0.31071	0.95048	0.00686	0.00463	-0.00571	0.99997		1.05967	7.89674	0.28470	0.25932	0.05905	4.65774	0.91103	0.99670	-0.08120	-0.00103	0.08121	0.99669	0.00453	0.00066	-0.00459	0.99999	
119	0.59500	-4.82187	24.28710	0.45967	0.38682	0.15656	-18.09624	0.43108	0.95053	0.31061	-0.00273	-0.31059	0.95052	0.00675	0.00469	-0.00557	0.99997		1.03390	7.90626	0.26503	0.25524	0.06586	4.65831	0.90530	0.99670	-0.08121	-0.00115	0.08122	0.99669	0.00445	0.00078	-0.00453	0.99999	
120	0.60000	-4.84903	24.27402	0.42576	0.38280	0.16241	-18.09921	0.42287	0.95052	0.31066	-0.00283	-0.31064	0.95050	0.00668	0.00477	-0.00547	0.99997		1.05445	7.88398	0.27180	0.24905	0.06382	4.65469	0.90162	0.99670	-0.08115	-0.00111	0.08115	0.99669	0.00435	0.00076	-0.00442	0.99999	
121	0.60500	-4.82255	24.24656	0.41989	0.37705	0.16585	-18.10043	0.42137	0.95051	0.31068	-0.00289	-0.31066	0.95050	0.00658	0.00480	-0.00536	0.99997		1.02876	7.87616	0.26211	0.24424	0.06811	4.65405	0.91866	0.99670	-0.08114	-0.00119	0.08114	0.99669	0.00426	0.00084	-0.00435	0.99999	
122	0.61000	-4.84204	24.22879	0.39200	0.36730	0.16700	-18.09946	0.43371	0.95051	0.31067	-0.00291	-0.31064	0.95050	0.00641	0.00476	-0.00519	0.99998		1.03331	7.86247	0.24311	0.23662	0.06607	4.65343	0.92210	0.99670	-0.08113	-0.00115	0.08113	0.99669	0.00413	0.00081	-0.00421	0.99999	
123	0.61500	-4.83467	24.21231	0.37658	0.36285	0.16915	-18.09750	0.41801	0.95053	0.31063	-0.00295	-0.31061	0.95052	0.00633	0.00477	-0.00510	0.99998		0.99691	7.85791	0.23292	0.23170	0.07103	4.65492	0.91002	0.99670	-0.08115	-0.00124	0.08116	0.99669	0.00404	0.00091	-0.00413	0.99999	
124	0.62000	-4.81975	24.19362	0.35559	0.35452	0.17467	-18.10015	0.41978	0.95051	0.31068	-0.00305	-0.31066	0.95050	0.00619	0.00482	-0.00493	0.99998		1.03906	7.84598	0.22142	0.22543	0.07095	4.65392	0.90952	0.99670	-0.08114	-0.00124	0.08114	0.99669	0.00393	0.00091	-0.00402	0.99999	
125	0.62500	-4.84477	24.16780	0.33514	0.34281	0.18006	-18.09657	0.42797	0.95053	0.31062	-0.00314	-0.31060	0.95052	0.00598	0.00485	-0.00471	0.99998		1.00032	7.85280	0.20686	0.21836	0.07490	4.65338	0.91985	0.99670	-0.08113	-0.00131	0.08113	0.99670	0.00381	0.00099	-0.00390	0.99999	
126	0.63000	-4.88436	24.15999	0.31235	0.33882	0.18930	-18.09859	0.42567	0.95052	0.31065	-0.00330	-0.31063	0.95051	0.00591	0.00498	-0.00459	0.99998		0.99905	7.84671	0.20392	0.21246	0.07524	4.65111	0.94018	0.99671	-0.08109	-0.00131	0.08109	0.99670	0.00371	0.00101	-0.00380	0.99999	
127	0.63500	-4.83926	24.14663	0.29913	0.32938	0.18804	-18.10031	0.42068	0.95051	0.31068	-0.00328	-0.31066	0.95050	0.00575	0.00491	-0.00444	0.99998		1.02385	7.83551	0.20833	0.20425	0.07474	4.64659	0.92997	0.99671	-0.08101	-0.00130	0.08101	0.99671	0.00356	0.00101	-0.00366	0.99999	
128	0.64000	-4.87223	24.11695	0.27286	0.31964	0.19722	-18.09889	0.42915	0.95052	0.31066	-0.00344	-0.31064	0.95051	0.00558	0.00500	-0.00423	0.99998		1.00903	7.83874	0.17322	0.19728	0.07819	4.64982	0.94586	0.99671	-0.08107	-0.00136	0.08107	0.99670	0.00344	0.00108	-0.00354	0.99999	
129	0.64500	-4.85999	24.12342	0.24926	0.31023	0.19902	-18.09505	0.42630	0.95054	0.31059	-0.00347	-0.31057	0.95053	0.00541	0.00498	-0.00407	0.99998		0.99654	7.86144	0.16542	0.19253	0.07984	4.65035	0.95089	0.99671	-0.08107	-0.00139	0.08108	0.99670	0.00336	0.00112	-0.00346	0.99999	
130	0.65000	-4.89335	24.11808	0.25101	0.30287	0.20598	-18.09824	0.43120	0.95052	0.31065	-0.00360	-0.31062	0.95052	0.00529	0.00506	-0.00391	0.99998		1.01436	7.83188	0.16052	0.18063	0.07864	4.64845	0.96676	0.99671	-0.08104	-0.00137	0.08105	0.99671	0.00315	0.00111	-0.00325	0.99999	
131	0.65500	-4.90539	24.09958	0.20952	0.28988	0.21179	-18.09416	0.43198	0.95054	0.31058	-0.00370	-0.31056	0.95054	0.00506	0.00508	-0.00366	0.99998		1.01525	7.84983	0.15304	0.17370	0.07815	4.64817	0.96804	0.99671	-0.08104	-0.00136	0.08104	0.99671	0.00303	0.00111	-0.00313	0.99999	
132	0.66000	-4.89066	24.09123	0.20138	0.28110	0.21750	-18.09238	0.42702	0.95055	0.31055	-0.00380	-0.31053	0.95055	0.00491	0.00513	-0.00348	0.99998		1.01224	7.83731	0.13483	0.16377	0.07927	4.64720	0.96874	0.99671	-0.08102	-0.00138	0.08102	0.99671	0.00286	0.00115	-0.00296	0.99999	
133	0.66500	-4.87252	24.08103	0.19293	0.26906	0.22208	-18.09620	0.42729	0.95053	0.31061	-0.00388	-0.31059	0.95053	0.00470	0.00514	-0.00326	0.99998		0.99483	7.82757	0.12863	0.15545	0.08238	4.64457	0.98723	0.99672	-0.08097	-0.00144	0.08098	0.99671	0.00271	0.00121	-0.00282	1.00000	
134	0.67000	-4.94078	24.07690	0.17027	0.25999	0.23005	-18.09460	0.42951	0.95054	0.31058	-0.00402	-0.31057	0.95054	0.00454	0.00523	-0.00307	0.99998		0.98882	7.83389	0.10312	0.14643	0.08280	4.64433	0.99416	0.99672	-0.08097	-0.00145	0.08097	0.99671	0.00256	0.00123	-0.00266	1.00000	
135	0.67500	-4.93604	24.09780	0.15287	0.25081	0.23451	-18.09257	0.43246	0.95055	0.31055	-0.00409	-0.31053	0.95055	0.00438	0.00525	-0.00289	0.99998		0.98538	7.86114	0.10590	0.13926	0.07972	4.64184	1.00584	0.99672	-0.08093	-0.00139	0.08093	0.99672	0.00243	0.00119	-0.00254	1.00000	
136	0.68000	-4.90220	24.07872	0.15313	0.23908	0.23963	-18.09486	0.42320	0.95054	0.31059	-0.00418	-0.31057	0.95054	0.00417	0.00527	-0.00267	0.99998		1.01589	7.85846	0.09440	0.13151	0.07887	4.64228	0.99911	0.99672	-0.08093	-0.00138	0.08094	0.99672	0.00230	0.00119	-0.00240	1.00000	
137	0.68500	-4.91570	24.08889	0.11702	0.22387	0.24063	-18.09468	0.41000	0.95054	0.31059	-0.00420	-0.31057	0.95054	0.00391	0.00521	-0.00241	0.99998		1.00884	7.85855	0.07101	0.12042	0.08093	4.63982	1.01849	0.99672	-0.08089	-0.00141	0.08089	0.99672	0.00210	0.00124	-0.00221	1.00000	
138	0.69000	-4.92990	24.07851	0.09862	0.21393	0.24923	-18.09754	0.41229	0.95052	0.31063	-0.00435	-0.31062	0.95053	0.00373	0.00529	-0.00220	0.99998		1.03827	7.87490	0.07382	0.11301	0.07744	4.64197	1.03518	0.99672	-0.08093	-0.00135	0.08093	0.99672	0.00197	0.00119	-0.00208	1.00000	
139	0.69500	-4.93493	24.09968	0.08946	0.20472	0.25282	-18.09122	0.42288	0.95055	0.31053	-0.00441	-0.31051	0.95056	0.00357	0.00530	-0.00203	0.99998		1.05870	7.89306	0.06655	0.10584	0.07675	4.63784	1.03137	0.99672	-0.08086	-0.00134	0.08086	0.99672	0.00185	0.00119	-0.00195	1.00000	
140	0.70000	-4.96315	24.12104	0.04917	0.19495	0.26074	-18.09266	0.41106	0.95055	0.31055	-0.00455	-0.31054	0.95055	0.00340	0.00538	-0.00182	0.99998		1.01269	7.90545	0.03581	0.09428	0.07747	4.63617	1.03799	0.99673	-0.08083	-0.00135	0.08083	0.99673	0.00165	0.00121	-0.00175	1.00000	
