NO_OF_FRAMES	12043
NO_OF_CAMERAS	8
NO_OF_BODIES	2
FREQUENCY	200
NO_OF_ANALOG	0
ANALOG_FREQUENCY	0
DESCRIPTION	--
TIME_STAMP	2013-07-04, 17:46:26	119201.60700657
DATA_INCLUDED	6D
BODY_NAMES	Ice 2 V2	Ice 3
Frame	Time	Ice 2 V2 X	Y	Z	Roll	Pitch	Yaw	Residual	Rot[0]	Rot[1]	Rot[2]	Rot[3]	Rot[4]	Rot[5]	Rot[6]	Rot[7]	Rot[8]	Ice 3 X	Y	Z	Roll	Pitch	Yaw	Residual	Rot[0]	Rot[1]	Rot[2]	Rot[3]	Rot[4]	Rot[5]	Rot[6]	Rot[7]	Rot[8]	
1	0.00500	0.65268	0.48761	1.03701	0.25230	-0.04674	-0.47211	1.99558	0.99997	0.00824	0.00082	-0.00824	0.99996	0.00440	-0.00078	-0.00441	0.99999		0.28196	3.35468	0.79315	0.24594	-0.07804	4.24388	0.16443	0.99726	-0.07400	0.00136	0.07400	0.99725	0.00429	-0.00168	-0.00418	0.99999	
2	0.01000	0.67332	0.46365	1.01235	0.25453	-0.05321	-0.48367	1.95153	0.99996	0.00844	0.00093	-0.00845	0.99995	0.00444	-0.00089	-0.00445	0.99999		0.29546	3.33756	0.82116	0.24622	-0.08161	4.23942	0.14740	0.99726	-0.07392	0.00142	0.07392	0.99726	0.00430	-0.00174	-0.00418	0.99999	
3	0.01500	0.63852	0.46285	1.00777	0.25704	-0.05405	-0.48704	1.92735	0.99996	0.00850	0.00094	-0.00850	0.99995	0.00449	-0.00091	-0.00449	0.99999		0.26151	3.33468	0.81043	0.24298	-0.08212	4.23953	0.14332	0.99726	-0.07393	0.00143	0.07392	0.99726	0.00424	-0.00174	-0.00412	0.99999	
4	0.02000	0.65426	0.43409	1.00696	0.25733	-0.05302	-0.48493	1.93162	0.99996	0.00846	0.00093	-0.00847	0.99995	0.00449	-0.00089	-0.00450	0.99999		0.26241	3.32310	0.79680	0.24140	-0.08237	4.23958	0.14171	0.99726	-0.07393	0.00144	0.07392	0.99726	0.00421	-0.00175	-0.00410	0.99999	
5	0.02500	0.66009	0.42910	0.99230	0.25729	-0.05574	-0.48267	1.92687	0.99996	0.00842	0.00097	-0.00843	0.99995	0.00449	-0.00093	-0.00450	0.99999		0.31547	3.33375	0.80482	0.24343	-0.08513	4.23576	0.12693	0.99727	-0.07386	0.00149	0.07385	0.99726	0.00425	-0.00180	-0.00413	0.99999	
6	0.03000	0.65403	0.43809	0.97499	0.26072	-0.05586	-0.48226	1.93063	0.99996	0.00842	0.00097	-0.00842	0.99995	0.00455	-0.00094	-0.00456	0.99999		0.27339	3.32265	0.79389	0.24149	-0.08385	4.23976	0.14453	0.99726	-0.07393	0.00146	0.07392	0.99725	0.00421	-0.00177	-0.00410	0.99999	
7	0.03500	0.67942	0.41303	0.98591	0.26034	-0.05638	-0.48367	1.91779	0.99996	0.00844	0.00098	-0.00845	0.99995	0.00454	-0.00095	-0.00455	0.99999		0.25882	3.29912	0.77015	0.23615	-0.08212	4.23889	0.14864	0.99726	-0.07392	0.00143	0.07391	0.99726	0.00412	-0.00173	-0.00400	0.99999	
8	0.04000	0.66954	0.41444	0.97852	0.26193	-0.05666	-0.48601	1.91682	0.99996	0.00848	0.00099	-0.00849	0.99995	0.00457	-0.00095	-0.00458	0.99999		0.25425	3.30625	0.76655	0.23647	-0.08286	4.23999	0.15482	0.99726	-0.07393	0.00145	0.07393	0.99726	0.00413	-0.00175	-0.00401	0.99999	
9	0.04500	0.67574	0.40896	0.96270	0.26147	-0.05700	-0.48692	1.91289	0.99996	0.00850	0.00099	-0.00850	0.99995	0.00456	-0.00096	-0.00457	0.99999		0.27821	3.31032	0.76348	0.23593	-0.08871	4.23737	0.13677	0.99727	-0.07389	0.00155	0.07388	0.99726	0.00412	-0.00185	-0.00399	0.99999	
10	0.05000	0.66703	0.42395	0.94504	0.26708	-0.05544	-0.48792	1.91540	0.99996	0.00852	0.00097	-0.00852	0.99995	0.00466	-0.00093	-0.00467	0.99999		0.25991	3.27889	0.74308	0.22834	-0.08472	4.23545	0.13655	0.99727	-0.07386	0.00148	0.07385	0.99726	0.00399	-0.00177	-0.00387	0.99999	
11	0.05500	0.69202	0.41617	0.93330	0.26575	-0.05990	-0.48730	1.92604	0.99996	0.00850	0.00105	-0.00851	0.99995	0.00464	-0.00101	-0.00465	0.99999		0.23140	3.25183	0.71523	0.22373	-0.07948	4.24085	0.15353	0.99726	-0.07395	0.00139	0.07394	0.99725	0.00390	-0.00167	-0.00379	0.99999	
12	0.06000	0.68506	0.41671	0.92519	0.26671	-0.05729	-0.48859	1.92350	0.99996	0.00853	0.00100	-0.00853	0.99995	0.00465	-0.00096	-0.00466	0.99999		0.26148	3.25937	0.72615	0.22264	-0.08429	4.23730	0.13618	0.99727	-0.07389	0.00147	0.07388	0.99726	0.00389	-0.00175	-0.00377	0.99999	
13	0.06500	0.65356	0.41576	0.92579	0.26626	-0.05496	-0.48868	1.91061	0.99996	0.00853	0.00096	-0.00853	0.99995	0.00465	-0.00092	-0.00466	0.99999		0.27226	3.26296	0.71719	0.22029	-0.08485	4.23922	0.14219	0.99726	-0.07392	0.00148	0.07391	0.99726	0.00384	-0.00176	-0.00372	0.99999	
14	0.07000	0.65287	0.39862	0.90164	0.26525	-0.05508	-0.49273	1.90057	0.99996	0.00860	0.00096	-0.00860	0.99995	0.00463	-0.00092	-0.00464	0.99999		0.24123	3.25847	0.70634	0.21676	-0.08215	4.23923	0.15148	0.99726	-0.07392	0.00143	0.07392	0.99726	0.00378	-0.00171	-0.00367	0.99999	
15	0.07500	0.69435	0.39285	0.88478	0.26302	-0.06075	-0.48968	1.91215	0.99996	0.00855	0.00106	-0.00855	0.99995	0.00459	-0.00102	-0.00460	0.99999		0.25110	3.26880	0.68818	0.21270	-0.08256	4.23278	0.14808	0.99727	-0.07381	0.00144	0.07380	0.99727	0.00371	-0.00171	-0.00360	0.99999	
16	0.08000	0.67402	0.40590	0.87962	0.26216	-0.05809	-0.48608	1.91651	0.99996	0.00848	0.00101	-0.00849	0.99995	0.00458	-0.00097	-0.00458	0.99999		0.21180	3.23923	0.67985	0.20737	-0.07977	4.23707	0.18541	0.99727	-0.07388	0.00139	0.07388	0.99726	0.00362	-0.00166	-0.00351	0.99999	
17	0.08500	0.66669	0.40291	0.87180	0.26119	-0.05747	-0.48768	1.90937	0.99996	0.00851	0.00100	-0.00852	0.99995	0.00456	-0.00096	-0.00457	0.99999		0.20633	3.25261	0.66009	0.20375	-0.07875	4.23555	0.15629	0.99727	-0.07386	0.00137	0.07385	0.99726	0.00356	-0.00163	-0.00344	0.99999	
18	0.09000	0.71003	0.40459	0.85100	0.25961	-0.05832	-0.48855	1.89749	0.99996	0.00853	0.00102	-0.00853	0.99995	0.00453	-0.00098	-0.00454	0.99999		0.23129	3.25828	0.65012	0.20037	-0.08004	4.23459	0.15075	0.99727	-0.07384	0.00140	0.07383	0.99726	0.00350	-0.00165	-0.00338	0.99999	
19	0.09500	0.67879	0.40745	0.84038	0.25745	-0.05575	-0.48559	1.89594	0.99996	0.00848	0.00097	-0.00848	0.99995	0.00449	-0.00093	-0.00450	0.99999		0.20252	3.23035	0.62861	0.19362	-0.07786	4.23471	0.15550	0.99727	-0.07384	0.00136	0.07384	0.99726	0.00338	-0.00160	-0.00327	0.99999	
20	0.10000	0.66603	0.41952	0.82345	0.25737	-0.05364	-0.48457	1.90088	0.99996	0.00846	0.00094	-0.00846	0.99995	0.00449	-0.00090	-0.00450	0.99999		0.21056	3.19481	0.59994	0.18346	-0.07518	4.23380	0.16101	0.99727	-0.07383	0.00131	0.07382	0.99727	0.00320	-0.00154	-0.00310	0.99999	
21	0.10500	0.69095	0.42297	0.81400	0.25239	-0.05694	-0.48399	1.90802	0.99996	0.00845	0.00099	-0.00845	0.99995	0.00441	-0.00096	-0.00441	0.99999		0.19567	3.19457	0.59620	0.17960	-0.07380	4.23651	0.16445	0.99727	-0.07387	0.00129	0.07387	0.99726	0.00313	-0.00152	-0.00303	0.99999	
22	0.11000	0.69549	0.40154	0.78611	0.24720	-0.05891	-0.48489	1.89834	0.99996	0.00846	0.00103	-0.00847	0.99995	0.00431	-0.00099	-0.00432	0.99999		0.14906	3.19402	0.57447	0.17313	-0.07135	4.23258	0.15404	0.99727	-0.07381	0.00125	0.07380	0.99727	0.00302	-0.00146	-0.00292	0.99999	
23	0.11500	0.68874	0.41976	0.78524	0.24587	-0.05408	-0.48235	1.88947	0.99996	0.00842	0.00094	-0.00842	0.99996	0.00429	-0.00091	-0.00430	0.99999		0.16694	3.23001	0.57150	0.17325	-0.07286	4.23262	0.15681	0.99727	-0.07381	0.00127	0.07380	0.99727	0.00302	-0.00149	-0.00292	0.99999	
24	0.12000	0.61956	0.19316	0.42366	0.19555	-0.03561	-0.48296	1.87410	0.99996	0.00843	0.00062	-0.00843	0.99996	0.00341	-0.00059	-0.00342	0.99999		0.53146	3.19541	0.91701	0.16975	-0.11898	4.23684	0.22287	0.99727	-0.07388	0.00208	0.07387	0.99726	0.00296	-0.00229	-0.00280	0.99999	
25	0.12500	0.63454	0.18501	0.38720	0.18983	-0.03880	-0.48643	1.84455	0.99996	0.00849	0.00068	-0.00849	0.99996	0.00331	-0.00065	-0.00332	0.99999		0.47743	3.18466	0.90020	0.15992	-0.11264	4.23635	0.21929	0.99727	-0.07387	0.00197	0.07387	0.99726	0.00279	-0.00217	-0.00264	0.99999	
26	0.13000	0.61165	0.19721	0.38497	0.18802	-0.03306	-0.48370	1.85926	0.99996	0.00844	0.00058	-0.00844	0.99996	0.00328	-0.00055	-0.00329	0.99999		0.51913	3.20968	0.91659	0.16087	-0.11640	4.23437	0.25121	0.99727	-0.07384	0.00203	0.07383	0.99727	0.00281	-0.00223	-0.00265	0.99999	
27	0.13500	0.63080	0.19433	0.33620	0.18057	-0.03720	-0.48344	1.85807	0.99996	0.00844	0.00065	-0.00844	0.99996	0.00315	-0.00062	-0.00316	0.99999		0.47858	3.17103	0.86606	0.14948	-0.11189	4.23608	0.25390	0.99727	-0.07387	0.00195	0.07386	0.99727	0.00261	-0.00214	-0.00246	0.99999	
28	0.14000	0.62605	0.19551	0.31197	0.17724	-0.03509	-0.48544	1.84988	0.99996	0.00847	0.00061	-0.00847	0.99996	0.00309	-0.00059	-0.00310	1.00000		0.49591	3.20186	0.88444	0.14868	-0.11743	4.23502	0.22125	0.99727	-0.07385	0.00205	0.07384	0.99727	0.00259	-0.00224	-0.00244	0.99999	
29	0.14500	0.61580	0.19653	0.31582	0.17042	-0.02794	-0.48154	1.84952	0.99996	0.00840	0.00049	-0.00841	0.99996	0.00297	-0.00046	-0.00298	1.00000		0.50126	3.19962	0.88304	0.14248	-0.11550	4.23515	0.23846	0.99727	-0.07385	0.00202	0.07384	0.99727	0.00249	-0.00219	-0.00233	0.99999	
30	0.15000	0.60371	0.19653	0.29024	0.16456	-0.02756	-0.48076	1.85229	0.99996	0.00839	0.00048	-0.00839	0.99996	0.00287	-0.00046	-0.00288	1.00000		0.49935	3.17293	0.86706	0.13238	-0.11346	4.23315	0.22992	0.99727	-0.07382	0.00198	0.07381	0.99727	0.00231	-0.00215	-0.00216	1.00000	
31	0.15500	0.62023	0.20396	0.26658	0.15923	-0.02738	-0.48068	1.85169	0.99996	0.00839	0.00048	-0.00839	0.99996	0.00278	-0.00045	-0.00278	1.00000		0.49157	3.20656	0.86796	0.13120	-0.11295	4.23398	0.23403	0.99727	-0.07383	0.00197	0.07383	0.99727	0.00229	-0.00214	-0.00214	1.00000	
32	0.16000	0.62386	0.19657	0.23977	0.15240	-0.02592	-0.48296	1.84831	0.99996	0.00843	0.00045	-0.00843	0.99996	0.00266	-0.00043	-0.00266	1.00000		0.50437	3.21612	0.85395	0.12832	-0.11237	4.23367	0.22250	0.99727	-0.07382	0.00196	0.07382	0.99727	0.00224	-0.00212	-0.00209	1.00000	
33	0.16500	0.62783	0.18415	0.22435	0.14305	-0.02563	-0.48001	1.86425	0.99996	0.00838	0.00045	-0.00838	0.99996	0.00250	-0.00043	-0.00250	1.00000		0.53746	3.23365	0.86715	0.12421	-0.11610	4.23330	0.23724	0.99727	-0.07382	0.00203	0.07381	0.99727	0.00217	-0.00218	-0.00201	1.00000	
34	0.17000	0.59631	0.20486	0.20256	0.14063	-0.01951	-0.48137	1.85717	0.99996	0.00840	0.00034	-0.00840	0.99996	0.00245	-0.00032	-0.00246	1.00000		0.51949	3.27626	0.87860	0.12373	-0.11470	4.23181	0.21865	0.99727	-0.07379	0.00200	0.07379	0.99727	0.00216	-0.00216	-0.00201	1.00000	
35	0.17500	0.63717	0.19620	0.17342	0.13165	-0.02104	-0.48249	1.86221	0.99996	0.00842	0.00037	-0.00842	0.99996	0.00230	-0.00035	-0.00230	1.00000		0.49653	3.24074	0.84330	0.11293	-0.11171	4.22949	0.24360	0.99727	-0.07375	0.00195	0.07375	0.99727	0.00197	-0.00209	-0.00182	1.00000	
36	0.18000	0.59005	0.19704	0.17250	0.12487	-0.01133	-0.48375	1.85336	0.99996	0.00844	0.00020	-0.00844	0.99996	0.00218	-0.00018	-0.00218	1.00000		0.47532	3.24108	0.81971	0.10570	-0.10825	4.22830	0.24120	0.99728	-0.07373	0.00189	0.07373	0.99728	0.00184	-0.00202	-0.00170	1.00000	
37	0.18500	0.60210	0.21598	0.14521	0.11854	-0.01607	-0.48138	1.84830	0.99996	0.00840	0.00028	-0.00840	0.99996	0.00207	-0.00026	-0.00207	1.00000		0.48456	3.26868	0.83857	0.10339	-0.10781	4.23067	0.23114	0.99727	-0.07377	0.00188	0.07377	0.99727	0.00180	-0.00201	-0.00166	1.00000	
38	0.19000	0.62906	0.18624	0.12670	0.10951	-0.01393	-0.48169	1.83747	0.99996	0.00841	0.00024	-0.00841	0.99996	0.00191	-0.00023	-0.00191	1.00000		0.49434	3.26572	0.80842	0.09686	-0.10695	4.22965	0.22704	0.99727	-0.07375	0.00187	0.07375	0.99728	0.00169	-0.00199	-0.00155	1.00000	
39	0.19500	0.62318	0.20751	0.12578	0.10352	-0.01554	-0.48031	1.85177	0.99996	0.00838	0.00027	-0.00838	0.99996	0.00181	-0.00026	-0.00181	1.00000		0.52513	3.32843	0.81906	0.09832	-0.11072	4.22581	0.20797	0.99728	-0.07369	0.00193	0.07368	0.99728	0.00172	-0.00205	-0.00157	1.00000	
40	0.20000	0.60872	0.22133	0.09671	0.09646	-0.00936	-0.47783	1.85462	0.99997	0.00834	0.00016	-0.00834	0.99996	0.00168	-0.00015	-0.00168	1.00000		0.47674	3.29163	0.80478	0.08850	-0.10552	4.22617	0.24181	0.99728	-0.07369	0.00184	0.07369	0.99728	0.00154	-0.00195	-0.00140	1.00000	
41	0.20500	0.63539	0.20800	0.10137	0.08772	-0.01393	-0.47977	1.85724	0.99996	0.00837	0.00024	-0.00837	0.99996	0.00153	-0.00023	-0.00153	1.00000		0.48436	3.32575	0.80027	0.08748	-0.10725	4.22637	0.25225	0.99728	-0.07370	0.00187	0.07369	0.99728	0.00153	-0.00198	-0.00138	1.00000	
42	0.21000	0.61609	0.20436	0.08390	0.07809	-0.00896	-0.47895	1.83734	0.99997	0.00836	0.00016	-0.00836	0.99996	0.00136	-0.00014	-0.00136	1.00000		0.45916	3.35133	0.81382	0.08392	-0.10651	4.22604	0.23892	0.99728	-0.07369	0.00186	0.07369	0.99728	0.00146	-0.00196	-0.00132	1.00000	
43	0.21500	0.63732	0.22766	0.05327	0.07372	-0.00989	-0.47721	1.85835	0.99997	0.00833	0.00017	-0.00833	0.99996	0.00129	-0.00016	-0.00129	1.00000		0.48302	3.33848	0.78637	0.07629	-0.10371	4.22553	0.27284	0.99728	-0.07368	0.00181	0.07368	0.99728	0.00133	-0.00190	-0.00119	1.00000	
44	0.22000	0.65385	0.21211	0.04187	0.06366	-0.00949	-0.47862	1.84236	0.99997	0.00835	0.00017	-0.00835	0.99996	0.00111	-0.00016	-0.00111	1.00000		0.50917	3.40185	0.79730	0.07778	-0.10686	4.22159	0.25348	0.99729	-0.07361	0.00187	0.07361	0.99729	0.00136	-0.00196	-0.00122	1.00000	
45	0.22500	0.60369	0.24082	0.02962	0.06195	-0.00148	-0.48033	1.86327	0.99996	0.00838	0.00003	-0.00838	0.99996	0.00108	-0.00002	-0.00108	1.00000		0.41450	3.37619	0.77328	0.06622	-0.09784	4.22482	0.26284	0.99728	-0.07367	0.00171	0.07367	0.99728	0.00116	-0.00179	-0.00103	1.00000	
46	0.23000	0.61615	0.21662	0.01985	0.04695	0.00078	-0.47434	1.84041	0.99997	0.00828	-0.00001	-0.00828	0.99997	0.00082	0.00002	-0.00082	1.00000		0.46018	3.43866	0.77978	0.06786	-0.10364	4.22119	0.24764	0.99729	-0.07361	0.00181	0.07360	0.99729	0.00118	-0.00189	-0.00105	1.00000	
47	0.23500	0.63021	0.24661	0.00864	0.04339	0.00232	-0.47951	1.85527	0.99996	0.00837	-0.00004	-0.00837	0.99996	0.00076	0.00005	-0.00076	1.00000		0.45937	3.42540	0.75351	0.06065	-0.09953	4.22008	0.25189	0.99729	-0.07359	0.00174	0.07359	0.99729	0.00106	-0.00181	-0.00093	1.00000	
48	0.24000	0.64466	0.23026	-0.01722	0.03479	-0.00211	-0.48122	1.82825	0.99996	0.00840	0.00004	-0.00840	0.99996	0.00061	-0.00003	-0.00061	1.00000		0.45393	3.44850	0.76618	0.05618	-0.09946	4.22027	0.26674	0.99729	-0.07359	0.00174	0.07359	0.99729	0.00098	-0.00180	-0.00085	1.00000	
49	0.24500	0.66035	0.21739	-0.02745	0.02365	-0.00419	-0.48092	1.85771	0.99996	0.00839	0.00007	-0.00839	0.99996	0.00041	-0.00007	-0.00041	1.00000		0.45669	3.48717	0.77027	0.05543	-0.10092	4.21915	0.25345	0.99729	-0.07357	0.00176	0.07357	0.99729	0.00097	-0.00183	-0.00084	1.00000	
50	0.25000	0.65507	0.23783	-0.03905	0.01848	-0.00362	-0.47867	1.86094	0.99997	0.00835	0.00006	-0.00835	0.99997	0.00032	-0.00006	-0.00032	1.00000		0.45035	3.48627	0.75787	0.05009	-0.09944	4.21888	0.24500	0.99729	-0.07357	0.00174	0.07357	0.99729	0.00087	-0.00180	-0.00074	1.00000	
51	0.25500	0.65292	0.24666	-0.05026	0.01492	-0.00189	-0.48222	1.84986	0.99996	0.00842	0.00003	-0.00842	0.99996	0.00026	-0.00003	-0.00026	1.00000		0.49966	3.54335	0.75692	0.04920	-0.10282	4.21889	0.24477	0.99729	-0.07357	0.00179	0.07357	0.99729	0.00086	-0.00185	-0.00072	1.00000	
52	0.26000	0.66155	0.23922	-0.06560	0.00434	-0.00238	-0.47806	1.86385	0.99997	0.00834	0.00004	-0.00834	0.99997	0.00008	-0.00004	-0.00008	1.00000		0.45816	3.54454	0.76572	0.04444	-0.09940	4.22149	0.25184	0.99729	-0.07361	0.00173	0.07361	0.99729	0.00078	-0.00179	-0.00065	1.00000	
53	0.26500	0.65562	0.24980	-0.08510	-0.00120	0.00449	-0.48116	1.83910	0.99996	0.00840	-0.00008	-0.00840	0.99996	-0.00002	0.00008	0.00002	1.00000		0.50557	3.57883	0.75711	0.04209	-0.10205	4.21787	0.24776	0.99729	-0.07355	0.00178	0.07355	0.99729	0.00073	-0.00183	-0.00060	1.00000	
54	0.27000	0.65022	0.26989	-0.10092	-0.00699	0.00388	-0.47942	1.83325	0.99996	0.00837	-0.00007	-0.00837	0.99997	-0.00012	0.00007	0.00012	1.00000		0.49234	3.60008	0.74327	0.03816	-0.09901	4.21798	0.27073	0.99729	-0.07355	0.00173	0.07355	0.99729	0.00067	-0.00177	-0.00054	1.00000	
55	0.27500	0.67173	0.27396	-0.11177	-0.01284	0.00009	-0.47643	1.85216	0.99997	0.00832	-0.00000	-0.00832	0.99997	-0.00022	-0.00000	0.00022	1.00000		0.49736	3.61784	0.75258	0.03455	-0.10095	4.21695	0.25562	0.99729	-0.07353	0.00176	0.07353	0.99729	0.00060	-0.00180	-0.00047	1.00000	
56	0.28000	0.64606	0.26787	-0.11557	-0.02137	0.00489	-0.47694	1.84263	0.99997	0.00832	-0.00009	-0.00832	0.99997	-0.00037	0.00008	0.00037	1.00000		0.48823	3.63247	0.73623	0.02721	-0.09932	4.21314	0.25236	0.99730	-0.07347	0.00173	0.07347	0.99730	0.00047	-0.00176	-0.00035	1.00000	
57	0.28500	0.68194	0.26480	-0.12736	-0.02757	0.00283	-0.47918	1.83862	0.99997	0.00836	-0.00005	-0.00836	0.99996	-0.00048	0.00005	0.00048	1.00000		0.48468	3.64751	0.74260	0.02323	-0.10000	4.21285	0.23523	0.99730	-0.07346	0.00175	0.07346	0.99730	0.00041	-0.00177	-0.00028	1.00000	
58	0.29000	0.71271	0.29314	-0.14180	-0.02887	-0.00026	-0.47584	1.83140	0.99997	0.00830	0.00000	-0.00830	0.99997	-0.00050	-0.00001	0.00050	1.00000		0.48805	3.70178	0.75501	0.02308	-0.10097	4.21221	0.25452	0.99730	-0.07345	0.00176	0.07345	0.99730	0.00040	-0.00179	-0.00027	1.00000	
59	0.29500	0.70532	0.27937	-0.13897	-0.03845	-0.00123	-0.47236	1.84601	0.99997	0.00824	0.00002	-0.00824	0.99997	-0.00067	-0.00003	0.00067	1.00000		0.48879	3.72902	0.74071	0.01928	-0.10165	4.21250	0.27236	0.99730	-0.07346	0.00177	0.07346	0.99730	0.00034	-0.00179	-0.00021	1.00000	
60	0.30000	0.68003	0.29915	-0.14100	-0.03894	0.00600	-0.47842	1.84095	0.99997	0.00835	-0.00010	-0.00835	0.99996	-0.00068	0.00010	0.00068	1.00000		0.44536	3.72954	0.71765	0.01404	-0.09764	4.20955	0.27315	0.99730	-0.07340	0.00170	0.07340	0.99730	0.00025	-0.00172	-0.00012	1.00000	
61	0.30500	0.71083	0.28280	-0.15440	-0.04808	0.00225	-0.47671	1.83772	0.99997	0.00832	-0.00004	-0.00832	0.99997	-0.00084	0.00003	0.00084	1.00000		0.47625	3.77541	0.73161	0.01317	-0.10153	4.20573	0.25217	0.99731	-0.07334	0.00177	0.07334	0.99731	0.00023	-0.00178	-0.00010	1.00000	
62	0.31000	0.72336	0.29788	-0.15210	-0.05123	-0.00116	-0.48058	1.82020	0.99996	0.00839	0.00002	-0.00839	0.99996	-0.00089	-0.00003	0.00089	1.00000		0.48387	3.75265	0.72604	0.00527	-0.09896	4.21121	0.26496	0.99730	-0.07343	0.00173	0.07343	0.99730	0.00009	-0.00173	0.00004	1.00000	
63	0.31500	0.74695	0.30444	-0.18285	-0.05609	-0.00181	-0.48194	1.82374	0.99996	0.00841	0.00003	-0.00841	0.99996	-0.00098	-0.00004	0.00098	1.00000		0.47870	3.77479	0.72045	-0.00043	-0.10011	4.20620	0.28361	0.99731	-0.07335	0.00175	0.07335	0.99731	-0.00001	-0.00174	0.00014	1.00000	
64	0.32000	0.71764	0.30175	-0.17358	-0.05858	0.00167	-0.48021	1.81543	0.99996	0.00838	-0.00003	-0.00838	0.99996	-0.00102	0.00002	0.00102	1.00000		0.47725	3.80738	0.72971	-0.00148	-0.09954	4.20381	0.25709	0.99731	-0.07330	0.00174	0.07330	0.99731	-0.00003	-0.00173	0.00015	1.00000	
65	0.32500	0.74616	0.31917	-0.16541	-0.06236	-0.00309	-0.48372	1.82817	0.99996	0.00844	0.00005	-0.00844	0.99996	-0.00109	-0.00006	0.00109	1.00000		0.46592	3.85036	0.70596	-0.00288	-0.09894	4.20942	0.28005	0.99730	-0.07340	0.00173	0.07340	0.99730	-0.00005	-0.00172	0.00018	1.00000	
66	0.33000	0.74013	0.30739	-0.17997	-0.06759	-0.00039	-0.47747	1.82177	0.99997	0.00833	0.00001	-0.00833	0.99996	-0.00118	-0.00002	0.00118	1.00000		0.47425	3.85662	0.72155	-0.00815	-0.10057	4.20415	0.27903	0.99731	-0.07331	0.00176	0.07331	0.99731	-0.00014	-0.00174	0.00027	1.00000	
67	0.33500	0.75632	0.32317	-0.17517	-0.07060	-0.00480	-0.48226	1.79824	0.99996	0.00842	0.00008	-0.00842	0.99996	-0.00123	-0.00009	0.00123	1.00000		0.47010	3.85605	0.71910	-0.01527	-0.09940	4.20325	0.28129	0.99731	-0.07329	0.00173	0.07330	0.99731	-0.00027	-0.00171	0.00039	1.00000	
68	0.34000	0.74677	0.34435	-0.17926	-0.07007	-0.00189	-0.48165	1.82030	0.99996	0.00841	0.00003	-0.00841	0.99996	-0.00122	-0.00004	0.00122	1.00000		0.43932	3.91294	0.72098	-0.01529	-0.09920	4.20304	0.28018	0.99731	-0.07329	0.00173	0.07329	0.99731	-0.00027	-0.00171	0.00039	1.00000	
69	0.34500	0.75416	0.33166	-0.19358	-0.07362	-0.00178	-0.48531	1.79506	0.99996	0.00847	0.00003	-0.00847	0.99996	-0.00128	-0.00004	0.00128	1.00000		0.47150	3.93430	0.71104	-0.01954	-0.10355	4.19935	0.25711	0.99731	-0.07323	0.00181	0.07323	0.99732	-0.00034	-0.00178	0.00047	1.00000	
70	0.35000	0.76569	0.34271	-0.19318	-0.07418	-0.00237	-0.48781	1.80030	0.99996	0.00851	0.00004	-0.00851	0.99996	-0.00129	-0.00005	0.00129	1.00000		0.46329	3.94318	0.69719	-0.02386	-0.09999	4.20567	0.28016	0.99731	-0.07334	0.00175	0.07334	0.99731	-0.00042	-0.00171	0.00054	1.00000	
71	0.35500	0.75535	0.32431	-0.18780	-0.08120	0.00026	-0.48341	1.77593	0.99996	0.00844	-0.00000	-0.00844	0.99996	-0.00142	-0.00001	0.00142	1.00000		0.47169	4.01475	0.70714	-0.02222	-0.10229	4.20175	0.26367	0.99731	-0.07327	0.00179	0.07327	0.99731	-0.00039	-0.00175	0.00052	1.00000	
72	0.36000	0.78295	0.32745	-0.17766	-0.08295	-0.00292	-0.48652	1.78667	0.99996	0.00849	0.00005	-0.00849	0.99996	-0.00145	-0.00006	0.00145	1.00000		0.44208	4.00524	0.69976	-0.03053	-0.10016	4.19836	0.27739	0.99732	-0.07321	0.00175	0.07321	0.99732	-0.00053	-0.00170	0.00066	1.00000	
73	0.36500	0.79051	0.32608	-0.18309	-0.08666	-0.00638	-0.48548	1.77968	0.99996	0.00847	0.00011	-0.00847	0.99996	-0.00151	-0.00012	0.00151	1.00000		0.45065	4.03620	0.68725	-0.03268	-0.10007	4.19945	0.24523	0.99731	-0.07323	0.00175	0.07323	0.99731	-0.00057	-0.00170	0.00070	1.00000	
74	0.37000	0.78942	0.32851	-0.17710	-0.08493	-0.00593	-0.49224	1.77290	0.99996	0.00859	0.00010	-0.00859	0.99996	-0.00148	-0.00012	0.00148	1.00000		0.51540	4.04574	0.71518	-0.03733	-0.10335	4.19621	0.25489	0.99732	-0.07317	0.00180	0.07317	0.99732	-0.00065	-0.00175	0.00078	1.00000	
75	0.37500	0.79495	0.33546	-0.18136	-0.08864	-0.00686	-0.48703	1.78113	0.99996	0.00850	0.00012	-0.00850	0.99996	-0.00155	-0.00013	0.00155	1.00000		0.48752	4.09957	0.71699	-0.03773	-0.10360	4.19609	0.25412	0.99732	-0.07317	0.00181	0.07317	0.99732	-0.00066	-0.00176	0.00079	1.00000	
76	0.38000	0.78532	0.33843	-0.18196	-0.08868	-0.00648	-0.48833	1.75842	0.99996	0.00852	0.00011	-0.00852	0.99996	-0.00155	-0.00013	0.00155	1.00000		0.47960	4.11562	0.72067	-0.04135	-0.10324	4.19697	0.25765	0.99732	-0.07319	0.00180	0.07319	0.99732	-0.00072	-0.00174	0.00085	1.00000	
77	0.38500	0.82114	0.34926	-0.18730	-0.08613	-0.00670	-0.49143	1.75587	0.99996	0.00858	0.00012	-0.00858	0.99996	-0.00150	-0.00013	0.00150	1.00000		0.49925	4.10130	0.71903	-0.05006	-0.10539	4.19646	0.26507	0.99732	-0.07318	0.00184	0.07318	0.99732	-0.00087	-0.00177	0.00101	1.00000	
78	0.39000	0.82955	0.34646	-0.15935	-0.08962	-0.01520	-0.49630	1.74955	0.99996	0.00866	0.00027	-0.00866	0.99996	-0.00156	-0.00028	0.00156	1.00000		0.50395	4.13787	0.72190	-0.05106	-0.10712	4.19537	0.25150	0.99732	-0.07316	0.00187	0.07316	0.99732	-0.00089	-0.00180	0.00103	1.00000	
79	0.39500	0.84173	0.34055	-0.16102	-0.08812	-0.01226	-0.49491	1.74511	0.99996	0.00864	0.00021	-0.00864	0.99996	-0.00154	-0.00023	0.00154	1.00000		0.51429	4.14925	0.72901	-0.05446	-0.10782	4.19537	0.24995	0.99732	-0.07316	0.00188	0.07316	0.99732	-0.00095	-0.00181	0.00109	1.00000	
80	0.40000	0.86167	0.34905	-0.18040	-0.08858	-0.01839	-0.50047	1.73204	0.99996	0.00873	0.00032	-0.00873	0.99996	-0.00155	-0.00033	0.00154	1.00000		0.46288	4.16237	0.73635	-0.05882	-0.10412	4.19256	0.26226	0.99732	-0.07311	0.00182	0.07311	0.99732	-0.00103	-0.00174	0.00116	1.00000	
81	0.40500	0.83017	0.34796	-0.17149	-0.08923	-0.01531	-0.49644	1.74853	0.99996	0.00866	0.00027	-0.00866	0.99996	-0.00156	-0.00028	0.00156	1.00000		0.50920	4.21554	0.75230	-0.05592	-0.10934	4.19299	0.27445	0.99732	-0.07312	0.00191	0.07312	0.99732	-0.00098	-0.00183	0.00111	1.00000	
82	0.41000	0.86785	0.34151	-0.15521	-0.08681	-0.01695	-0.49863	1.72169	0.99996	0.00870	0.00030	-0.00870	0.99996	-0.00152	-0.00031	0.00151	1.00000		0.45936	4.23603	0.72156	-0.06073	-0.10177	4.19131	0.26582	0.99732	-0.07309	0.00178	0.07309	0.99732	-0.00106	-0.00169	0.00119	1.00000	
83	0.41500	0.86312	0.34705	-0.16393	-0.08615	-0.02148	-0.49956	1.72020	0.99996	0.00872	0.00037	-0.00872	0.99996	-0.00150	-0.00039	0.00150	1.00000		0.48520	4.26132	0.72542	-0.06302	-0.10646	4.19057	0.25671	0.99732	-0.07307	0.00186	0.07308	0.99733	-0.00110	-0.00177	0.00123	1.00000	
84	0.42000	0.86468	0.34092	-0.15619	-0.08759	-0.01716	-0.49772	1.72420	0.99996	0.00869	0.00030	-0.00869	0.99996	-0.00153	-0.00031	0.00153	1.00000		0.49061	4.26881	0.74570	-0.06554	-0.10781	4.19359	0.26822	0.99732	-0.07313	0.00188	0.07313	0.99732	-0.00114	-0.00179	0.00128	1.00000	
85	0.42500	0.89016	0.36093	-0.15345	-0.08182	-0.01789	-0.50354	1.70689	0.99996	0.00879	0.00031	-0.00879	0.99996	-0.00143	-0.00032	0.00143	1.00000		0.47629	4.27762	0.73563	-0.06888	-0.10356	4.19286	0.24924	0.99732	-0.07311	0.00181	0.07312	0.99732	-0.00120	-0.00171	0.00133	1.00000	
86	0.43000	0.87306	0.33242	-0.14315	-0.08600	-0.01905	-0.50589	1.69885	0.99996	0.00883	0.00033	-0.00883	0.99996	-0.00150	-0.00035	0.00150	1.00000		0.50474	4.32508	0.75716	-0.06880	-0.11000	4.19243	0.25358	0.99732	-0.07311	0.00192	0.07311	0.99732	-0.00120	-0.00183	0.00134	1.00000	
87	0.43500	0.88438	0.35199	-0.13315	-0.07907	-0.02195	-0.50880	1.70864	0.99996	0.00888	0.00038	-0.00888	0.99996	-0.00138	-0.00040	0.00138	1.00000		0.48369	4.31564	0.73454	-0.07336	-0.10545	4.19044	0.26349	0.99733	-0.07307	0.00184	0.07307	0.99733	-0.00128	-0.00174	0.00141	1.00000	
88	0.44000	0.89641	0.34007	-0.12549	-0.08044	-0.02607	-0.50818	1.71182	0.99996	0.00887	0.00046	-0.00887	0.99996	-0.00140	-0.00047	0.00140	1.00000		0.49398	4.34851	0.73631	-0.07390	-0.10605	4.18949	0.26616	0.99733	-0.07306	0.00185	0.07306	0.99733	-0.00129	-0.00175	0.00142	1.00000	
89	0.44500	0.89947	0.34046	-0.14020	-0.07790	-0.02701	-0.51048	1.68549	0.99996	0.00891	0.00047	-0.00891	0.99996	-0.00136	-0.00048	0.00136	1.00000		0.46532	4.34091	0.75475	-0.07783	-0.10368	4.18957	0.27470	0.99733	-0.07306	0.00181	0.07306	0.99733	-0.00136	-0.00171	0.00149	1.00000	
90	0.45000	0.89628	0.33872	-0.12299	-0.07444	-0.02437	-0.51409	1.68138	0.99996	0.00897	0.00043	-0.00897	0.99996	-0.00130	-0.00044	0.00130	1.00000		0.52984	4.40859	0.76788	-0.07224	-0.11082	4.19214	0.25161	0.99732	-0.07310	0.00193	0.07310	0.99732	-0.00126	-0.00184	0.00140	1.00000	
91	0.45500	0.89160	0.35473	-0.12289	-0.07208	-0.02553	-0.51345	1.67422	0.99996	0.00896	0.00045	-0.00896	0.99996	-0.00126	-0.00046	0.00125	1.00000		0.48355	4.39092	0.76584	-0.08088	-0.10448	4.18940	0.27362	0.99733	-0.07305	0.00182	0.07306	0.99733	-0.00141	-0.00172	0.00154	1.00000	
92	0.46000	0.90622	0.34976	-0.11344	-0.07012	-0.02694	-0.51264	1.67350	0.99996	0.00895	0.00047	-0.00895	0.99996	-0.00122	-0.00048	0.00122	1.00000		0.49825	4.39641	0.76276	-0.08095	-0.10848	4.18871	0.26519	0.99733	-0.07304	0.00189	0.07304	0.99733	-0.00141	-0.00178	0.00155	1.00000	
93	0.46500	0.92218	0.34172	-0.10418	-0.06699	-0.02629	-0.51595	1.64161	0.99996	0.00900	0.00046	-0.00900	0.99996	-0.00117	-0.00047	0.00116	1.00000		0.49513	4.40472	0.77381	-0.08393	-0.10532	4.18939	0.27277	0.99733	-0.07305	0.00184	0.07306	0.99733	-0.00146	-0.00173	0.00160	1.00000	
94	0.47000	0.91520	0.33869	-0.10120	-0.06639	-0.02730	-0.51812	1.64125	0.99996	0.00904	0.00048	-0.00904	0.99996	-0.00116	-0.00049	0.00115	1.00000		0.47321	4.43995	0.76975	-0.08111	-0.10567	4.18836	0.26846	0.99733	-0.07304	0.00184	0.07304	0.99733	-0.00142	-0.00174	0.00155	1.00000	
95	0.47500	0.94839	0.33573	-0.10127	-0.06233	-0.02972	-0.51718	1.64010	0.99996	0.00903	0.00052	-0.00903	0.99996	-0.00109	-0.00053	0.00108	1.00000		0.51214	4.48330	0.78311	-0.07707	-0.10833	4.18906	0.25739	0.99733	-0.07305	0.00189	0.07305	0.99733	-0.00135	-0.00179	0.00148	1.00000	
96	0.48000	0.95370	0.34795	-0.07102	-0.05720	-0.03066	-0.51726	1.64589	0.99996	0.00903	0.00054	-0.00903	0.99996	-0.00100	-0.00054	0.00099	1.00000		0.49458	4.48831	0.79799	-0.07851	-0.10588	4.18807	0.26190	0.99733	-0.07303	0.00185	0.07303	0.99733	-0.00137	-0.00174	0.00150	1.00000	
97	0.48500	0.95430	0.34703	-0.09111	-0.05334	-0.03280	-0.52073	1.64283	0.99996	0.00909	0.00057	-0.00909	0.99996	-0.00093	-0.00058	0.00093	1.00000		0.50928	4.49587	0.80424	-0.08135	-0.10516	4.18903	0.27406	0.99733	-0.07305	0.00184	0.07305	0.99733	-0.00142	-0.00173	0.00155	1.00000	
98	0.49000	0.94291	0.33848	-0.07233	-0.04992	-0.02906	-0.52199	1.64779	0.99996	0.00911	0.00051	-0.00911	0.99996	-0.00087	-0.00052	0.00087	1.00000		0.52387	4.48854	0.80675	-0.08156	-0.10574	4.18809	0.26880	0.99733	-0.07303	0.00185	0.07303	0.99733	-0.00142	-0.00174	0.00155	1.00000	
99	0.49500	0.97581	0.35114	-0.07254	-0.04640	-0.03518	-0.52229	1.64221	0.99996	0.00912	0.00061	-0.00911	0.99996	-0.00081	-0.00062	0.00080	1.00000		0.50788	4.53383	0.81224	-0.07752	-0.10427	4.19010	0.24440	0.99733	-0.07307	0.00182	0.07307	0.99733	-0.00135	-0.00172	0.00148	1.00000	
100	0.50000	0.98165	0.32157	-0.07067	-0.04651	-0.03375	-0.52558	1.64526	0.99996	0.00917	0.00059	-0.00917	0.99996	-0.00081	-0.00060	0.00081	1.00000		0.48922	4.52069	0.81006	-0.07817	-0.10223	4.18864	0.27087	0.99733	-0.07304	0.00178	0.07304	0.99733	-0.00136	-0.00168	0.00149	1.00000	
101	0.50500	0.99047	0.35423	-0.06600	-0.03783	-0.03753	-0.52691	1.62810	0.99996	0.00920	0.00065	-0.00920	0.99996	-0.00066	-0.00066	0.00065	1.00000		0.55310	4.54331	0.83611	-0.07396	-0.10678	4.19049	0.26190	0.99732	-0.07307	0.00186	0.07308	0.99733	-0.00129	-0.00176	0.00142	1.00000	
102	0.51000	0.99071	0.35273	-0.05496	-0.03369	-0.03708	-0.52467	1.63790	0.99996	0.00916	0.00065	-0.00916	0.99996	-0.00059	-0.00065	0.00058	1.00000		0.53363	4.55067	0.83421	-0.07381	-0.10555	4.19136	0.26605	0.99732	-0.07309	0.00184	0.07309	0.99732	-0.00129	-0.00174	0.00142	1.00000	
103	0.51500	1.00136	0.33292	-0.05977	-0.03188	-0.03675	-0.52659	1.61748	0.99996	0.00919	0.00064	-0.00919	0.99996	-0.00056	-0.00065	0.00055	1.00000		0.54085	4.56577	0.82331	-0.07149	-0.10161	4.18803	0.25961	0.99733	-0.07303	0.00177	0.07303	0.99733	-0.00125	-0.00168	0.00137	1.00000	
104	0.52000	0.96519	0.35148	-0.04104	-0.02632	-0.03116	-0.52919	1.61661	0.99996	0.00924	0.00054	-0.00924	0.99996	-0.00046	-0.00055	0.00045	1.00000		0.50043	4.54829	0.81750	-0.07357	-0.09903	4.19175	0.26928	0.99732	-0.07309	0.00173	0.07310	0.99732	-0.00128	-0.00163	0.00141	1.00000	
105	0.52500	1.01533	0.34569	-0.02049	-0.02425	-0.03952	-0.52729	1.60902	0.99996	0.00920	0.00069	-0.00920	0.99996	-0.00042	-0.00069	0.00042	1.00000		0.52819	4.57486	0.85529	-0.06704	-0.10110	4.19160	0.26195	0.99732	-0.07309	0.00176	0.07309	0.99732	-0.00117	-0.00167	0.00130	1.00000	
106	0.53000	0.98513	0.33524	-0.03035	-0.02110	-0.03495	-0.52606	1.61272	0.99996	0.00918	0.00061	-0.00918	0.99996	-0.00037	-0.00061	0.00036	1.00000		0.53404	4.57202	0.84486	-0.06458	-0.09921	4.18895	0.27701	0.99733	-0.07305	0.00173	0.07305	0.99733	-0.00113	-0.00164	0.00125	1.00000	
107	0.53500	1.01581	0.34298	-0.01488	-0.01635	-0.03661	-0.52755	1.62422	0.99996	0.00921	0.00064	-0.00921	0.99996	-0.00029	-0.00064	0.00028	1.00000		0.57158	4.56535	0.84874	-0.06189	-0.10309	4.19637	0.27030	0.99732	-0.07317	0.00180	0.07318	0.99732	-0.00108	-0.00172	0.00121	1.00000	
108	0.54000	1.02423	0.34365	-0.00408	-0.01122	-0.03785	-0.52842	1.61444	0.99996	0.00922	0.00066	-0.00922	0.99996	-0.00020	-0.00066	0.00019	1.00000		0.51623	4.57496	0.85076	-0.06029	-0.09642	4.19213	0.26566	0.99732	-0.07310	0.00168	0.07310	0.99732	-0.00105	-0.00160	0.00117	1.00000	
109	0.54500	1.02438	0.34939	-0.00638	-0.00545	-0.03389	-0.52920	1.60365	0.99996	0.00924	0.00059	-0.00924	0.99996	-0.00010	-0.00059	0.00009	1.00000		0.51032	4.56854	0.85587	-0.05788	-0.09695	4.19585	0.26883	0.99732	-0.07317	0.00169	0.07317	0.99732	-0.00101	-0.00161	0.00113	1.00000	
110	0.55000	1.01974	0.34915	0.00217	-0.00314	-0.02846	-0.52882	1.59095	0.99996	0.00923	0.00050	-0.00923	0.99996	-0.00005	-0.00050	0.00005	1.00000		0.54874	4.58211	0.87071	-0.05341	-0.10011	4.19034	0.25772	0.99733	-0.07307	0.00175	0.07307	0.99733	-0.00093	-0.00167	0.00106	1.00000	
111	0.55500	1.04994	0.33363	-0.00166	0.00049	-0.03522	-0.53083	1.61596	0.99996	0.00926	0.00061	-0.00926	0.99996	0.00001	-0.00061	-0.00001	1.00000		0.57284	4.57300	0.86908	-0.04858	-0.09963	4.19393	0.26139	0.99732	-0.07313	0.00174	0.07313	0.99732	-0.00085	-0.00167	0.00097	1.00000	
112	0.56000	1.03142	0.34162	0.01185	0.00407	-0.03572	-0.52900	1.64159	0.99996	0.00923	0.00062	-0.00923	0.99996	0.00007	-0.00062	-0.00008	1.00000		0.57711	4.59003	0.88504	-0.04338	-0.09735	4.19119	0.27760	0.99732	-0.07308	0.00170	0.07309	0.99733	-0.00076	-0.00164	0.00088	1.00000	
113	0.56500	1.04370	0.35642	0.02269	0.01170	-0.03142	-0.53270	1.61605	0.99996	0.00930	0.00055	-0.00930	0.99996	0.00020	-0.00055	-0.00021	1.00000		0.58126	4.59035	0.89018	-0.03630	-0.09853	4.19210	0.27557	0.99732	-0.07310	0.00172	0.07310	0.99732	-0.00063	-0.00167	0.00076	1.00000	
114	0.57000	1.03316	0.32181	0.02144	0.01221	-0.03059	-0.53260	1.61651	0.99996	0.00930	0.00053	-0.00930	0.99996	0.00021	-0.00053	-0.00022	1.00000		0.59721	4.60240	0.90364	-0.02782	-0.09876	4.19527	0.25699	0.99732	-0.07316	0.00172	0.07316	0.99732	-0.00049	-0.00168	0.00061	1.00000	
115	0.57500	1.03236	0.33301	0.03154	0.01573	-0.03099	-0.52664	1.62586	0.99996	0.00919	0.00054	-0.00919	0.99996	0.00027	-0.00054	-0.00028	1.00000		0.59554	4.63780	0.91340	-0.01738	-0.09824	4.19739	0.28767	0.99732	-0.07319	0.00171	0.07319	0.99732	-0.00030	-0.00169	0.00043	1.00000	
116	0.58000	1.02415	0.35281	0.03904	0.02404	-0.02603	-0.52630	1.61798	0.99996	0.00919	0.00045	-0.00919	0.99996	0.00042	-0.00045	-0.00042	1.00000		0.59569	4.62548	0.91039	-0.01293	-0.09714	4.19829	0.24130	0.99732	-0.07321	0.00170	0.07321	0.99732	-0.00023	-0.00167	0.00035	1.00000	
117	0.58500	1.04359	0.33295	0.03716	0.02398	-0.02761	-0.53020	1.62799	0.99996	0.00925	0.00048	-0.00925	0.99996	0.00042	-0.00048	-0.00042	1.00000		0.59028	4.58930	0.89104	-0.01043	-0.09573	4.19816	0.28782	0.99732	-0.07321	0.00167	0.07321	0.99732	-0.00018	-0.00165	0.00030	1.00000	
118	0.59000	1.03827	0.34322	0.03859	0.02959	-0.02456	-0.53075	1.61264	0.99996	0.00926	0.00043	-0.00926	0.99996	0.00052	-0.00042	-0.00052	1.00000		0.60985	4.59824	0.92257	-0.00245	-0.09279	4.20128	0.28116	0.99731	-0.07326	0.00162	0.07326	0.99731	-0.00004	-0.00161	0.00016	1.00000	
119	0.59500	1.02296	0.33391	0.03398	0.03409	-0.02114	-0.52898	1.62051	0.99996	0.00923	0.00037	-0.00923	0.99996	0.00060	-0.00036	-0.00060	1.00000		0.62613	4.58967	0.92618	0.00431	-0.09408	4.20208	0.27136	0.99731	-0.07327	0.00164	0.07327	0.99731	0.00008	-0.00164	0.00005	1.00000	
120	0.60000	1.03993	0.33452	0.04772	0.03620	-0.02182	-0.53089	1.62648	0.99996	0.00927	0.00038	-0.00927	0.99996	0.00063	-0.00037	-0.00064	1.00000		0.61322	4.59465	0.93771	0.01183	-0.09287	4.20268	0.26452	0.99731	-0.07328	0.00162	0.07328	0.99731	0.00021	-0.00163	-0.00009	1.00000	
121	0.60500	1.06849	0.33341	0.04754	0.04127	-0.02184	-0.52857	1.64094	0.99996	0.00923	0.00038	-0.00923	0.99996	0.00072	-0.00037	-0.00072	1.00000		0.57495	4.53935	0.90724	0.01092	-0.08763	4.20084	0.27661	0.99731	-0.07325	0.00153	0.07325	0.99731	0.00019	-0.00154	-0.00008	1.00000	
122	0.61000	1.01326	0.34684	0.05270	0.04609	-0.01293	-0.52263	1.64124	0.99996	0.00912	0.00023	-0.00912	0.99996	0.00080	-0.00022	-0.00081	1.00000		0.60876	4.55890	0.94662	0.02363	-0.09200	4.20598	0.24852	0.99731	-0.07334	0.00161	0.07334	0.99731	0.00041	-0.00163	-0.00029	1.00000	
123	0.61500	1.02666	0.34054	0.05829	0.04827	-0.01880	-0.52654	1.62685	0.99996	0.00919	0.00033	-0.00919	0.99996	0.00084	-0.00032	-0.00085	1.00000		0.62333	4.58110	0.96077	0.03607	-0.09319	4.20545	0.27416	0.99731	-0.07333	0.00163	0.07333	0.99731	0.00063	-0.00167	-0.00051	1.00000	
124	0.62000	1.02045	0.32015	0.07008	0.05127	-0.01170	-0.52603	1.64632	0.99996	0.00918	0.00020	-0.00918	0.99996	0.00089	-0.00020	-0.00090	1.00000		0.63259	4.51843	0.94171	0.03663	-0.08701	4.20501	0.27044	0.99731	-0.07333	0.00152	0.07332	0.99731	0.00064	-0.00156	-0.00053	1.00000	
125	0.62500	1.01573	0.32797	0.07639	0.05401	-0.01206	-0.52256	1.66875	0.99996	0.00912	0.00021	-0.00912	0.99996	0.00094	-0.00020	-0.00094	1.00000		0.61350	4.51249	0.93978	0.04706	-0.08715	4.20692	0.27710	0.99730	-0.07336	0.00152	0.07336	0.99731	0.00082	-0.00158	-0.00071	1.00000	
126	0.63000	1.02395	0.33553	0.06548	0.05980	-0.01499	-0.52366	1.65068	0.99996	0.00914	0.00026	-0.00914	0.99996	0.00104	-0.00025	-0.00105	1.00000		0.62264	4.52885	0.96692	0.05748	-0.08679	4.20875	0.29015	0.99730	-0.07339	0.00151	0.07339	0.99730	0.00100	-0.00158	-0.00089	1.00000	
127	0.63500	1.01830	0.33015	0.07841	0.06316	-0.00863	-0.52058	1.66973	0.99996	0.00909	0.00015	-0.00909	0.99996	0.00110	-0.00014	-0.00110	1.00000		0.62918	4.49533	0.97524	0.06340	-0.08430	4.20673	0.28759	0.99730	-0.07336	0.00147	0.07335	0.99731	0.00111	-0.00155	-0.00100	1.00000	
128	0.64000	1.01717	0.32210	0.07759	0.06482	-0.00740	-0.52441	1.67088	0.99996	0.00915	0.00013	-0.00915	0.99996	0.00113	-0.00012	-0.00113	1.00000		0.62055	4.48237	0.95872	0.07246	-0.08367	4.21008	0.27615	0.99730	-0.07341	0.00146	0.07341	0.99730	0.00126	-0.00155	-0.00115	1.00000	
129	0.64500	1.00028	0.31263	0.08611	0.06752	-0.00607	-0.52038	1.66865	0.99996	0.00908	0.00011	-0.00908	0.99996	0.00118	-0.00010	-0.00118	1.00000		0.64750	4.46939	0.99127	0.08232	-0.08661	4.21174	0.30679	0.99730	-0.07344	0.00151	0.07344	0.99730	0.00144	-0.00161	-0.00132	1.00000	
130	0.65000	1.03031	0.31430	0.09265	0.06743	-0.00807	-0.51620	1.66780	0.99996	0.00901	0.00014	-0.00901	0.99996	0.00118	-0.00013	-0.00118	1.00000		0.67751	4.47009	1.01212	0.09303	-0.08817	4.21224	0.28202	0.99730	-0.07345	0.00154	0.07345	0.99730	0.00162	-0.00165	-0.00151	1.00000	
131	0.65500	1.00283	0.31019	0.08342	0.07285	0.00154	-0.51525	1.67893	0.99996	0.00899	-0.00003	-0.00899	0.99996	0.00127	0.00004	-0.00127	1.00000		0.63680	4.44458	0.98957	0.10044	-0.08561	4.21386	0.28115	0.99730	-0.07348	0.00149	0.07348	0.99730	0.00175	-0.00162	-0.00164	1.00000	
132	0.66000	1.01300	0.31948	0.10468	0.07808	-0.00244	-0.51258	1.68342	0.99996	0.00895	0.00004	-0.00895	0.99996	0.00136	-0.00003	-0.00136	1.00000		0.67903	4.44846	1.01917	0.11092	-0.08675	4.21473	0.28211	0.99729	-0.07349	0.00151	0.07349	0.99729	0.00194	-0.00165	-0.00182	1.00000	
133	0.66500	0.98005	0.32170	0.10835	0.08184	0.00273	-0.51142	1.69363	0.99996	0.00893	-0.00005	-0.00893	0.99996	0.00143	0.00006	-0.00143	1.00000		0.67535	4.38685	1.01138	0.11596	-0.08930	4.21896	0.29336	0.99729	-0.07357	0.00156	0.07356	0.99729	0.00202	-0.00170	-0.00190	1.00000	
134	0.67000	0.98609	0.30667	0.10440	0.08319	0.00065	-0.51470	1.70020	0.99996	0.00898	-0.00001	-0.00898	0.99996	0.00145	0.00002	-0.00145	1.00000		0.64294	4.33537	1.01022	0.11965	-0.08454	4.21981	0.30310	0.99729	-0.07358	0.00148	0.07358	0.99729	0.00209	-0.00163	-0.00197	1.00000	
135	0.67500	1.00530	0.31573	0.10547	0.08772	0.00278	-0.50910	1.70787	0.99996	0.00889	-0.00005	-0.00889	0.99996	0.00153	0.00006	-0.00153	1.00000		0.68068	4.35287	1.01079	0.13363	-0.08908	4.22017	0.26054	0.99729	-0.07359	0.00155	0.07359	0.99729	0.00233	-0.00172	-0.00221	1.00000	
136	0.68000	0.99241	0.30076	0.11263	0.08735	0.00264	-0.50905	1.72838	0.99996	0.00888	-0.00005	-0.00888	0.99996	0.00152	0.00006	-0.00152	1.00000		0.67073	4.30035	1.00355	0.13750	-0.08739	4.22138	0.27671	0.99729	-0.07361	0.00153	0.07361	0.99728	0.00240	-0.00170	-0.00228	1.00000	
137	0.68500	0.95546	0.28409	0.11038	0.09159	0.00838	-0.51007	1.71815	0.99996	0.00890	-0.00015	-0.00890	0.99996	0.00160	0.00016	-0.00160	1.00000		0.70762	4.33589	1.02959	0.15354	-0.09203	4.21974	0.27678	0.99729	-0.07358	0.00161	0.07358	0.99729	0.00268	-0.00180	-0.00255	1.00000	
138	0.69000	0.96444	0.29930	0.11384	0.09541	0.00737	-0.50953	1.72977	0.99996	0.00889	-0.00013	-0.00889	0.99996	0.00167	0.00014	-0.00166	1.00000		0.68805	4.27150	1.01391	0.15521	-0.08669	4.22295	0.26964	0.99728	-0.07364	0.00151	0.07363	0.99728	0.00271	-0.00171	-0.00259	1.00000	
139	0.69500	0.94181	0.31358	0.10802	0.10151	0.00746	-0.50164	1.74248	0.99996	0.00876	-0.00013	-0.00875	0.99996	0.00177	0.00015	-0.00177	1.00000		0.70606	4.23486	1.01076	0.16251	-0.09070	4.22437	0.27359	0.99728	-0.07366	0.00158	0.07366	0.99728	0.00284	-0.00179	-0.00271	0.99999	
140	0.70000	0.93406	0.30235	0.12282	0.10613	0.01711	-0.50528	1.73598	0.99996	0.00882	-0.00030	-0.00882	0.99996	0.00185	0.00031	-0.00185	1.00000		0.73334	4.23213	1.04735	0.17422	-0.09317	4.22793	0.26364	0.99728	-0.07372	0.00163	0.07372	0.99727	0.00304	-0.00185	-0.00291	0.99999	
141	0.70500	0.95886	0.30481	0.11789	0.10886	0.01290	-0.50014	1.75320	0.99996	0.00873	-0.00023	-0.00873	0.99996	0.00190	0.00024	-0.00190	1.00000		0.71353	4.22827	1.04494	0.18492	-0.09322	4.22982	0.27198	0.99727	-0.07376	0.00163	0.07375	0.99727	0.00323	-0.00186	-0.00310	0.99999	
