NO_OF_FRAMES	12037
NO_OF_CAMERAS	8
NO_OF_BODIES	2
FREQUENCY	200
NO_OF_ANALOG	0
ANALOG_FREQUENCY	0
DESCRIPTION	--
TIME_STAMP	2013-07-04, 16:31:48	114723.28124492
DATA_INCLUDED	6D
BODY_NAMES	Ice 2 V2	Ice 3
Frame	Time	Ice 2 V2 X	Y	Z	Roll	Pitch	Yaw	Residual	Rot[0]	Rot[1]	Rot[2]	Rot[3]	Rot[4]	Rot[5]	Rot[6]	Rot[7]	Rot[8]	Ice 3 X	Y	Z	Roll	Pitch	Yaw	Residual	Rot[0]	Rot[1]	Rot[2]	Rot[3]	Rot[4]	Rot[5]	Rot[6]	Rot[7]	Rot[8]	
1	0.00500	-3.92202	1.75915	1.31402	0.35820	0.51110	0.00148	1.76708	0.99996	-0.00003	-0.00892	0.00008	0.99998	0.00625	0.00892	-0.00625	0.99994		0.00000	0.00000	0.00000	0.00000	0.00000	0.00000	-1.00000	0.00000	0.00000	0.00000	0.00000	0.00000	0.00000	0.00000	0.00000	0.00000	
2	0.01000	-3.91040	1.73814	1.34583	0.35666	0.50742	-0.00601	1.75864	0.99996	0.00010	-0.00886	-0.00005	0.99998	0.00622	0.00886	-0.00622	0.99994		0.00000	0.00000	0.00000	0.00000	0.00000	0.00000	-1.00000	0.00000	0.00000	0.00000	0.00000	0.00000	0.00000	0.00000	0.00000	0.00000	
3	0.01500	-3.91617	1.75666	1.36669	0.35890	0.50736	-0.00447	1.76148	0.99996	0.00008	-0.00885	-0.00002	0.99998	0.00626	0.00886	-0.00626	0.99994		0.00000	0.00000	0.00000	0.00000	0.00000	0.00000	-1.00000	0.00000	0.00000	0.00000	0.00000	0.00000	0.00000	0.00000	0.00000	0.00000	
4	0.02000	-3.92647	1.74788	1.38406	0.35727	0.50928	-0.00465	1.75999	0.99996	0.00008	-0.00889	-0.00003	0.99998	0.00624	0.00889	-0.00623	0.99994		0.00000	0.00000	0.00000	0.00000	0.00000	0.00000	-1.00000	0.00000	0.00000	0.00000	0.00000	0.00000	0.00000	0.00000	0.00000	0.00000	
5	0.02500	-3.77337	1.75092	1.34404	0.35298	0.48324	-0.00120	1.74144	0.99996	0.00002	-0.00843	0.00003	0.99998	0.00616	0.00843	-0.00616	0.99995		0.00000	0.00000	0.00000	0.00000	0.00000	0.00000	-1.00000	0.00000	0.00000	0.00000	0.00000	0.00000	0.00000	0.00000	0.00000	0.00000	
6	0.03000	-3.80066	1.71250	1.37824	0.34955	0.48679	-0.00650	1.73558	0.99996	0.00011	-0.00850	-0.00006	0.99998	0.00610	0.00850	-0.00610	0.99995		0.00000	0.00000	0.00000	0.00000	0.00000	0.00000	-1.00000	0.00000	0.00000	0.00000	0.00000	0.00000	0.00000	0.00000	0.00000	0.00000	
7	0.03500	-3.84972	1.74076	1.39686	0.35017	0.48821	0.00082	1.73937	0.99996	-0.00001	-0.00852	0.00007	0.99998	0.00611	0.00852	-0.00611	0.99995		0.00000	0.00000	0.00000	0.00000	0.00000	0.00000	-1.00000	0.00000	0.00000	0.00000	0.00000	0.00000	0.00000	0.00000	0.00000	0.00000	
8	0.04000	-3.80687	1.74065	1.40675	0.34873	0.48410	0.00318	1.73990	0.99996	-0.00006	-0.00845	0.00011	0.99998	0.00609	0.00845	-0.00609	0.99995		0.00000	0.00000	0.00000	0.00000	0.00000	0.00000	-1.00000	0.00000	0.00000	0.00000	0.00000	0.00000	0.00000	0.00000	0.00000	0.00000	
9	0.04500	-3.78471	1.73016	1.45739	0.34795	0.48837	-0.00139	1.75155	0.99996	0.00002	-0.00852	0.00003	0.99998	0.00607	0.00852	-0.00607	0.99995		0.00000	0.00000	0.00000	0.00000	0.00000	0.00000	-1.00000	0.00000	0.00000	0.00000	0.00000	0.00000	0.00000	0.00000	0.00000	0.00000	
10	0.05000	-3.89843	1.76662	1.48940	0.34786	0.49587	0.00343	1.75014	0.99996	-0.00006	-0.00865	0.00011	0.99998	0.00607	0.00865	-0.00607	0.99994		0.00000	0.00000	0.00000	0.00000	0.00000	0.00000	-1.00000	0.00000	0.00000	0.00000	0.00000	0.00000	0.00000	0.00000	0.00000	0.00000	
11	0.05500	-3.84135	1.73048	1.48198	0.34310	0.48735	0.00140	1.74855	0.99996	-0.00002	-0.00851	0.00008	0.99998	0.00599	0.00851	-0.00599	0.99995		0.00000	0.00000	0.00000	0.00000	0.00000	0.00000	-1.00000	0.00000	0.00000	0.00000	0.00000	0.00000	0.00000	0.00000	0.00000	0.00000	
12	0.06000	-3.80576	1.71922	1.52040	0.34236	0.48769	-0.00526	1.75728	0.99996	0.00009	-0.00851	-0.00004	0.99998	0.00598	0.00851	-0.00597	0.99995		0.00000	0.00000	0.00000	0.00000	0.00000	0.00000	-1.00000	0.00000	0.00000	0.00000	0.00000	0.00000	0.00000	0.00000	0.00000	0.00000	
13	0.06500	-3.79509	1.72889	1.53764	0.33831	0.48615	0.00305	1.74936	0.99996	-0.00005	-0.00848	0.00010	0.99998	0.00590	0.00848	-0.00590	0.99995		0.00000	0.00000	0.00000	0.00000	0.00000	0.00000	-1.00000	0.00000	0.00000	0.00000	0.00000	0.00000	0.00000	0.00000	0.00000	0.00000	
14	0.07000	-3.81600	1.72220	1.56460	0.33599	0.48628	0.00069	1.76126	0.99996	-0.00001	-0.00849	0.00006	0.99998	0.00586	0.00849	-0.00586	0.99995		0.00000	0.00000	0.00000	0.00000	0.00000	0.00000	-1.00000	0.00000	0.00000	0.00000	0.00000	0.00000	0.00000	0.00000	0.00000	0.00000	
15	0.07500	-3.74385	1.72316	1.57901	0.33444	0.47295	-0.00079	1.73669	0.99997	0.00001	-0.00825	0.00003	0.99998	0.00584	0.00825	-0.00584	0.99995		0.00000	0.00000	0.00000	0.00000	0.00000	0.00000	-1.00000	0.00000	0.00000	0.00000	0.00000	0.00000	0.00000	0.00000	0.00000	0.00000	
16	0.08000	-3.81151	1.74281	1.60854	0.33461	0.48204	0.00281	1.76125	0.99996	-0.00005	-0.00841	0.00010	0.99998	0.00584	0.00841	-0.00584	0.99995		0.00000	0.00000	0.00000	0.00000	0.00000	0.00000	-1.00000	0.00000	0.00000	0.00000	0.00000	0.00000	0.00000	0.00000	0.00000	0.00000	
17	0.08500	-3.82851	1.73526	1.63269	0.32930	0.48187	0.00153	1.77209	0.99996	-0.00003	-0.00841	0.00008	0.99998	0.00575	0.00841	-0.00575	0.99995		0.00000	0.00000	0.00000	0.00000	0.00000	0.00000	-1.00000	0.00000	0.00000	0.00000	0.00000	0.00000	0.00000	0.00000	0.00000	0.00000	
18	0.09000	-3.79571	1.72936	1.63420	0.32543	0.47482	0.00078	1.74538	0.99997	-0.00001	-0.00829	0.00006	0.99998	0.00568	0.00829	-0.00568	0.99995		0.00000	0.00000	0.00000	0.00000	0.00000	0.00000	-1.00000	0.00000	0.00000	0.00000	0.00000	0.00000	0.00000	0.00000	0.00000	0.00000	
19	0.09500	-3.73067	1.69884	1.65622	0.32176	0.46847	0.00342	1.77251	0.99997	-0.00006	-0.00818	0.00011	0.99998	0.00562	0.00818	-0.00562	0.99995		0.00000	0.00000	0.00000	0.00000	0.00000	0.00000	-1.00000	0.00000	0.00000	0.00000	0.00000	0.00000	0.00000	0.00000	0.00000	0.00000	
20	0.10000	-3.73533	1.71928	1.68862	0.32091	0.47036	0.00348	1.75948	0.99997	-0.00006	-0.00821	0.00011	0.99998	0.00560	0.00821	-0.00560	0.99995		0.00000	0.00000	0.00000	0.00000	0.00000	0.00000	-1.00000	0.00000	0.00000	0.00000	0.00000	0.00000	0.00000	0.00000	0.00000	0.00000	
21	0.10500	-3.77067	1.73304	1.71985	0.31723	0.47249	0.00631	1.75761	0.99997	-0.00011	-0.00825	0.00016	0.99998	0.00554	0.00825	-0.00554	0.99995		0.00000	0.00000	0.00000	0.00000	0.00000	0.00000	-1.00000	0.00000	0.00000	0.00000	0.00000	0.00000	0.00000	0.00000	0.00000	0.00000	
22	0.11000	-3.74962	1.71836	1.73745	0.31415	0.46843	0.00689	1.75826	0.99997	-0.00012	-0.00818	0.00017	0.99999	0.00548	0.00817	-0.00548	0.99995		0.00000	0.00000	0.00000	0.00000	0.00000	0.00000	-1.00000	0.00000	0.00000	0.00000	0.00000	0.00000	0.00000	0.00000	0.00000	0.00000	
23	0.11500	-3.74167	1.69569	1.75765	0.30709	0.46473	0.00447	1.76805	0.99997	-0.00008	-0.00811	0.00012	0.99999	0.00536	0.00811	-0.00536	0.99995		0.00000	0.00000	0.00000	0.00000	0.00000	0.00000	-1.00000	0.00000	0.00000	0.00000	0.00000	0.00000	0.00000	0.00000	0.00000	0.00000	
24	0.12000	-3.59995	1.38237	1.27072	0.24545	0.44297	0.00341	1.75627	0.99997	-0.00006	-0.00773	0.00009	0.99999	0.00428	0.00773	-0.00428	0.99996		0.00000	0.00000	0.00000	0.00000	0.00000	0.00000	-1.00000	0.00000	0.00000	0.00000	0.00000	0.00000	0.00000	0.00000	0.00000	0.00000	
25	0.12500	-3.55016	1.38052	1.27957	0.24074	0.43399	0.00824	1.74395	0.99997	-0.00014	-0.00757	0.00018	0.99999	0.00420	0.00757	-0.00420	0.99996		0.00000	0.00000	0.00000	0.00000	0.00000	0.00000	-1.00000	0.00000	0.00000	0.00000	0.00000	0.00000	0.00000	0.00000	0.00000	0.00000	
26	0.13000	-3.52473	1.36163	1.26737	0.23420	0.42298	0.00750	1.74423	0.99997	-0.00013	-0.00738	0.00016	0.99999	0.00409	0.00738	-0.00409	0.99996		0.00000	0.00000	0.00000	0.00000	0.00000	0.00000	-1.00000	0.00000	0.00000	0.00000	0.00000	0.00000	0.00000	0.00000	0.00000	0.00000	
27	0.13500	-3.37971	1.33623	1.28641	0.22851	0.40692	0.00581	1.74538	0.99997	-0.00010	-0.00710	0.00013	0.99999	0.00399	0.00710	-0.00399	0.99997		0.00000	0.00000	0.00000	0.00000	0.00000	0.00000	-1.00000	0.00000	0.00000	0.00000	0.00000	0.00000	0.00000	0.00000	0.00000	0.00000	
28	0.14000	-3.49826	1.33240	1.33266	0.22384	0.42279	0.01245	1.75757	0.99997	-0.00022	-0.00738	0.00025	0.99999	0.00391	0.00738	-0.00391	0.99997		0.00000	0.00000	0.00000	0.00000	0.00000	0.00000	-1.00000	0.00000	0.00000	0.00000	0.00000	0.00000	0.00000	0.00000	0.00000	0.00000	
29	0.14500	-3.52617	1.36885	1.35467	0.22541	0.42829	0.01307	1.76784	0.99997	-0.00023	-0.00747	0.00026	0.99999	0.00393	0.00747	-0.00394	0.99996		0.00000	0.00000	0.00000	0.00000	0.00000	0.00000	-1.00000	0.00000	0.00000	0.00000	0.00000	0.00000	0.00000	0.00000	0.00000	0.00000	
30	0.15000	-3.44919	1.35842	1.37320	0.22100	0.41938	0.01377	1.75609	0.99997	-0.00024	-0.00732	0.00027	0.99999	0.00386	0.00732	-0.00386	0.99997		0.00000	0.00000	0.00000	0.00000	0.00000	0.00000	-1.00000	0.00000	0.00000	0.00000	0.00000	0.00000	0.00000	0.00000	0.00000	0.00000	
31	0.15500	-3.48039	1.34445	1.40215	0.21443	0.41791	0.01355	1.75392	0.99997	-0.00024	-0.00729	0.00026	0.99999	0.00374	0.00729	-0.00374	0.99997		0.00000	0.00000	0.00000	0.00000	0.00000	0.00000	-1.00000	0.00000	0.00000	0.00000	0.00000	0.00000	0.00000	0.00000	0.00000	0.00000	
32	0.16000	-3.45597	1.31989	1.41399	0.20828	0.41602	0.01433	1.76754	0.99997	-0.00025	-0.00726	0.00028	0.99999	0.00363	0.00726	-0.00364	0.99997		0.00000	0.00000	0.00000	0.00000	0.00000	0.00000	-1.00000	0.00000	0.00000	0.00000	0.00000	0.00000	0.00000	0.00000	0.00000	0.00000	
33	0.16500	-3.50186	1.32214	1.47442	0.20804	0.42391	0.01459	1.76529	0.99997	-0.00025	-0.00740	0.00028	0.99999	0.00363	0.00740	-0.00363	0.99997		0.00000	0.00000	0.00000	0.00000	0.00000	0.00000	-1.00000	0.00000	0.00000	0.00000	0.00000	0.00000	0.00000	0.00000	0.00000	0.00000	
34	0.17000	-3.48922	1.30947	1.48733	0.20377	0.42513	0.01126	1.76971	0.99997	-0.00020	-0.00742	0.00022	0.99999	0.00356	0.00742	-0.00356	0.99997		0.00000	0.00000	0.00000	0.00000	0.00000	0.00000	-1.00000	0.00000	0.00000	0.00000	0.00000	0.00000	0.00000	0.00000	0.00000	0.00000	
35	0.17500	-3.56037	1.34111	1.55986	0.20203	0.43418	0.01753	1.77271	0.99997	-0.00031	-0.00758	0.00033	0.99999	0.00353	0.00758	-0.00353	0.99997		0.00000	0.00000	0.00000	0.00000	0.00000	0.00000	-1.00000	0.00000	0.00000	0.00000	0.00000	0.00000	0.00000	0.00000	0.00000	0.00000	
36	0.18000	-3.56531	1.32832	1.60059	0.20053	0.44097	0.01636	1.76509	0.99997	-0.00029	-0.00770	0.00031	0.99999	0.00350	0.00770	-0.00350	0.99996		0.00000	0.00000	0.00000	0.00000	0.00000	0.00000	-1.00000	0.00000	0.00000	0.00000	0.00000	0.00000	0.00000	0.00000	0.00000	0.00000	
37	0.18500	-3.56443	1.33342	1.61190	0.19696	0.43301	0.01740	1.76745	0.99997	-0.00030	-0.00756	0.00033	0.99999	0.00344	0.00756	-0.00344	0.99997		0.00000	0.00000	0.00000	0.00000	0.00000	0.00000	-1.00000	0.00000	0.00000	0.00000	0.00000	0.00000	0.00000	0.00000	0.00000	0.00000	
38	0.19000	-3.60314	1.33158	1.68013	0.19825	0.44407	0.01166	1.74674	0.99997	-0.00020	-0.00775	0.00023	0.99999	0.00346	0.00775	-0.00346	0.99996		0.00000	0.00000	0.00000	0.00000	0.00000	0.00000	-1.00000	0.00000	0.00000	0.00000	0.00000	0.00000	0.00000	0.00000	0.00000	0.00000	
39	0.19500	-3.58859	1.31236	1.71969	0.19058	0.44288	0.01673	1.74725	0.99997	-0.00029	-0.00773	0.00032	0.99999	0.00333	0.00773	-0.00333	0.99996		0.00000	0.00000	0.00000	0.00000	0.00000	0.00000	-1.00000	0.00000	0.00000	0.00000	0.00000	0.00000	0.00000	0.00000	0.00000	0.00000	
40	0.20000	-3.61264	1.33797	1.72592	0.19444	0.44410	0.01519	1.77120	0.99997	-0.00027	-0.00775	0.00029	0.99999	0.00339	0.00775	-0.00340	0.99996		0.00000	0.00000	0.00000	0.00000	0.00000	0.00000	-1.00000	0.00000	0.00000	0.00000	0.00000	0.00000	0.00000	0.00000	0.00000	0.00000	
41	0.20500	-3.63620	1.31255	1.78048	0.19074	0.45189	0.01020	1.75046	0.99997	-0.00018	-0.00789	0.00020	0.99999	0.00333	0.00789	-0.00333	0.99996		0.00000	0.00000	0.00000	0.00000	0.00000	0.00000	-1.00000	0.00000	0.00000	0.00000	0.00000	0.00000	0.00000	0.00000	0.00000	0.00000	
42	0.21000	-3.70112	1.31804	1.84897	0.19211	0.46663	0.01222	1.78929	0.99997	-0.00021	-0.00814	0.00024	0.99999	0.00335	0.00814	-0.00335	0.99996		0.00000	0.00000	0.00000	0.00000	0.00000	0.00000	-1.00000	0.00000	0.00000	0.00000	0.00000	0.00000	0.00000	0.00000	0.00000	0.00000	
43	0.21500	-3.74250	1.34267	1.84348	0.19186	0.46608	0.01326	1.79081	0.99997	-0.00023	-0.00813	0.00026	0.99999	0.00335	0.00813	-0.00335	0.99996		0.00000	0.00000	0.00000	0.00000	0.00000	0.00000	-1.00000	0.00000	0.00000	0.00000	0.00000	0.00000	0.00000	0.00000	0.00000	0.00000	
44	0.22000	-3.71861	1.33640	1.90853	0.18875	0.47128	0.01148	1.78588	0.99997	-0.00020	-0.00823	0.00023	0.99999	0.00329	0.00822	-0.00330	0.99996		0.00000	0.00000	0.00000	0.00000	0.00000	0.00000	-1.00000	0.00000	0.00000	0.00000	0.00000	0.00000	0.00000	0.00000	0.00000	0.00000	
45	0.22500	-3.68729	1.32530	1.89288	0.18454	0.45878	0.01442	1.76196	0.99997	-0.00025	-0.00801	0.00028	0.99999	0.00322	0.00801	-0.00322	0.99996		0.00000	0.00000	0.00000	0.00000	0.00000	0.00000	-1.00000	0.00000	0.00000	0.00000	0.00000	0.00000	0.00000	0.00000	0.00000	0.00000	
46	0.23000	-3.70869	1.31641	1.92471	0.18369	0.46739	0.01185	1.76994	0.99997	-0.00021	-0.00816	0.00023	0.99999	0.00321	0.00816	-0.00321	0.99996		0.00000	0.00000	0.00000	0.00000	0.00000	0.00000	-1.00000	0.00000	0.00000	0.00000	0.00000	0.00000	0.00000	0.00000	0.00000	0.00000	
47	0.23500	-3.69324	1.30638	1.94965	0.18065	0.46458	0.01457	1.78893	0.99997	-0.00025	-0.00811	0.00028	1.00000	0.00315	0.00811	-0.00316	0.99996		0.00000	0.00000	0.00000	0.00000	0.00000	0.00000	-1.00000	0.00000	0.00000	0.00000	0.00000	0.00000	0.00000	0.00000	0.00000	0.00000	
48	0.24000	-3.73230	1.33352	2.00252	0.18325	0.47110	0.01944	1.78528	0.99997	-0.00034	-0.00822	0.00037	0.99999	0.00320	0.00822	-0.00320	0.99996		0.00000	0.00000	0.00000	0.00000	0.00000	0.00000	-1.00000	0.00000	0.00000	0.00000	0.00000	0.00000	0.00000	0.00000	0.00000	0.00000	
49	0.24500	-3.73226	1.31497	2.00063	0.18122	0.46985	0.01423	1.77108	0.99997	-0.00025	-0.00820	0.00027	0.99999	0.00316	0.00820	-0.00316	0.99996		0.00000	0.00000	0.00000	0.00000	0.00000	0.00000	-1.00000	0.00000	0.00000	0.00000	0.00000	0.00000	0.00000	0.00000	0.00000	0.00000	
50	0.25000	-3.72971	1.33877	2.04153	0.18370	0.47641	0.01568	1.78246	0.99997	-0.00027	-0.00831	0.00030	0.99999	0.00321	0.00831	-0.00321	0.99996		0.00000	0.00000	0.00000	0.00000	0.00000	0.00000	-1.00000	0.00000	0.00000	0.00000	0.00000	0.00000	0.00000	0.00000	0.00000	0.00000	
51	0.25500	-3.78951	1.34344	2.08903	0.18196	0.47994	0.01806	1.81023	0.99996	-0.00032	-0.00838	0.00034	0.99999	0.00318	0.00838	-0.00318	0.99996		0.00000	0.00000	0.00000	0.00000	0.00000	0.00000	-1.00000	0.00000	0.00000	0.00000	0.00000	0.00000	0.00000	0.00000	0.00000	0.00000	
52	0.26000	-3.77479	1.33162	2.05726	0.17961	0.47712	0.01832	1.81064	0.99997	-0.00032	-0.00833	0.00035	1.00000	0.00313	0.00833	-0.00314	0.99996		0.00000	0.00000	0.00000	0.00000	0.00000	0.00000	-1.00000	0.00000	0.00000	0.00000	0.00000	0.00000	0.00000	0.00000	0.00000	0.00000	
53	0.26500	-3.73445	1.34401	2.09929	0.18164	0.47958	0.01943	1.78213	0.99996	-0.00034	-0.00837	0.00037	0.99999	0.00317	0.00837	-0.00317	0.99996		0.00000	0.00000	0.00000	0.00000	0.00000	0.00000	-1.00000	0.00000	0.00000	0.00000	0.00000	0.00000	0.00000	0.00000	0.00000	0.00000	
54	0.27000	-3.75481	1.34969	2.11041	0.18370	0.47921	0.01790	1.78441	0.99996	-0.00031	-0.00836	0.00034	0.99999	0.00321	0.00836	-0.00321	0.99996		0.00000	0.00000	0.00000	0.00000	0.00000	0.00000	-1.00000	0.00000	0.00000	0.00000	0.00000	0.00000	0.00000	0.00000	0.00000	0.00000	
55	0.27500	-3.74338	1.34105	2.12656	0.18026	0.47679	0.01569	1.77796	0.99997	-0.00027	-0.00832	0.00030	1.00000	0.00315	0.00832	-0.00315	0.99996		0.00000	0.00000	0.00000	0.00000	0.00000	0.00000	-1.00000	0.00000	0.00000	0.00000	0.00000	0.00000	0.00000	0.00000	0.00000	0.00000	
56	0.28000	-3.70101	1.34249	2.14854	0.18026	0.47640	0.01987	1.79736	0.99997	-0.00035	-0.00831	0.00037	1.00000	0.00315	0.00831	-0.00315	0.99996		0.00000	0.00000	0.00000	0.00000	0.00000	0.00000	-1.00000	0.00000	0.00000	0.00000	0.00000	0.00000	0.00000	0.00000	0.00000	0.00000	
57	0.28500	-3.73588	1.35202	2.16327	0.18243	0.48214	0.01784	1.77822	0.99996	-0.00031	-0.00841	0.00034	0.99999	0.00318	0.00841	-0.00319	0.99996		0.00000	0.00000	0.00000	0.00000	0.00000	0.00000	-1.00000	0.00000	0.00000	0.00000	0.00000	0.00000	0.00000	0.00000	0.00000	0.00000	
58	0.29000	-3.84901	1.35862	2.22566	0.18264	0.50063	0.02222	1.80388	0.99996	-0.00039	-0.00874	0.00042	0.99999	0.00319	0.00874	-0.00319	0.99996		0.00000	0.00000	0.00000	0.00000	0.00000	0.00000	-1.00000	0.00000	0.00000	0.00000	0.00000	0.00000	0.00000	0.00000	0.00000	0.00000	
59	0.29500	-3.74225	1.37268	2.20685	0.18839	0.48611	0.01650	1.79319	0.99996	-0.00029	-0.00848	0.00032	0.99999	0.00329	0.00848	-0.00329	0.99996		0.00000	0.00000	0.00000	0.00000	0.00000	0.00000	-1.00000	0.00000	0.00000	0.00000	0.00000	0.00000	0.00000	0.00000	0.00000	0.00000	
60	0.30000	-3.75313	1.37040	2.21325	0.18539	0.48583	0.01952	1.79572	0.99996	-0.00034	-0.00848	0.00037	0.99999	0.00324	0.00848	-0.00324	0.99996		0.00000	0.00000	0.00000	0.00000	0.00000	0.00000	-1.00000	0.00000	0.00000	0.00000	0.00000	0.00000	0.00000	0.00000	0.00000	0.00000	
61	0.30500	-3.86007	1.36993	2.25822	0.18754	0.50012	0.01863	1.80508	0.99996	-0.00033	-0.00873	0.00035	0.99999	0.00327	0.00873	-0.00328	0.99996		0.00000	0.00000	0.00000	0.00000	0.00000	0.00000	-1.00000	0.00000	0.00000	0.00000	0.00000	0.00000	0.00000	0.00000	0.00000	0.00000	
62	0.31000	-3.83705	1.35822	2.26131	0.18567	0.49832	0.02099	1.80575	0.99996	-0.00037	-0.00870	0.00039	0.99999	0.00324	0.00870	-0.00324	0.99996		0.00000	0.00000	0.00000	0.00000	0.00000	0.00000	-1.00000	0.00000	0.00000	0.00000	0.00000	0.00000	0.00000	0.00000	0.00000	0.00000	
63	0.31500	-3.88303	1.36663	2.29972	0.18840	0.51166	0.01779	1.81276	0.99996	-0.00031	-0.00893	0.00034	0.99999	0.00329	0.00893	-0.00329	0.99995		0.00000	0.00000	0.00000	0.00000	0.00000	0.00000	-1.00000	0.00000	0.00000	0.00000	0.00000	0.00000	0.00000	0.00000	0.00000	0.00000	
64	0.32000	-3.82312	1.38786	2.29050	0.19091	0.50441	0.02055	1.79305	0.99996	-0.00036	-0.00880	0.00039	0.99999	0.00333	0.00880	-0.00334	0.99996		0.00000	0.00000	0.00000	0.00000	0.00000	0.00000	-1.00000	0.00000	0.00000	0.00000	0.00000	0.00000	0.00000	0.00000	0.00000	0.00000	
65	0.32500	-3.85250	1.37012	2.31102	0.19005	0.51069	0.02153	1.81830	0.99996	-0.00038	-0.00891	0.00041	0.99999	0.00332	0.00891	-0.00332	0.99995		0.00000	0.00000	0.00000	0.00000	0.00000	0.00000	-1.00000	0.00000	0.00000	0.00000	0.00000	0.00000	0.00000	0.00000	0.00000	0.00000	
66	0.33000	-3.83131	1.38420	2.30197	0.19255	0.50274	0.02327	1.80968	0.99996	-0.00041	-0.00877	0.00044	0.99999	0.00336	0.00877	-0.00336	0.99996		0.00000	0.00000	0.00000	0.00000	0.00000	0.00000	-1.00000	0.00000	0.00000	0.00000	0.00000	0.00000	0.00000	0.00000	0.00000	0.00000	
67	0.33500	-3.87220	1.38564	2.33718	0.19506	0.51612	0.01881	1.81496	0.99996	-0.00033	-0.00901	0.00036	0.99999	0.00340	0.00901	-0.00341	0.99995		0.00000	0.00000	0.00000	0.00000	0.00000	0.00000	-1.00000	0.00000	0.00000	0.00000	0.00000	0.00000	0.00000	0.00000	0.00000	0.00000	
68	0.34000	-3.86968	1.37786	2.32361	0.19685	0.51247	0.01929	1.79082	0.99996	-0.00034	-0.00894	0.00037	0.99999	0.00344	0.00894	-0.00344	0.99995		0.00000	0.00000	0.00000	0.00000	0.00000	0.00000	-1.00000	0.00000	0.00000	0.00000	0.00000	0.00000	0.00000	0.00000	0.00000	0.00000	
69	0.34500	-3.94400	1.38272	2.37074	0.19660	0.52621	0.01523	1.81150	0.99996	-0.00027	-0.00918	0.00030	0.99999	0.00343	0.00918	-0.00343	0.99995		0.00000	0.00000	0.00000	0.00000	0.00000	0.00000	-1.00000	0.00000	0.00000	0.00000	0.00000	0.00000	0.00000	0.00000	0.00000	0.00000	
70	0.35000	-3.87907	1.37916	2.35566	0.19741	0.51450	0.01882	1.78975	0.99996	-0.00033	-0.00898	0.00036	0.99999	0.00345	0.00898	-0.00345	0.99995		0.00000	0.00000	0.00000	0.00000	0.00000	0.00000	-1.00000	0.00000	0.00000	0.00000	0.00000	0.00000	0.00000	0.00000	0.00000	0.00000	
71	0.35500	-3.82909	1.36476	2.35367	0.19698	0.51336	0.01780	1.80118	0.99996	-0.00031	-0.00896	0.00034	0.99999	0.00344	0.00896	-0.00344	0.99995		0.00000	0.00000	0.00000	0.00000	0.00000	0.00000	-1.00000	0.00000	0.00000	0.00000	0.00000	0.00000	0.00000	0.00000	0.00000	0.00000	
72	0.36000	-3.86625	1.38059	2.38978	0.19854	0.52515	0.01469	1.79769	0.99996	-0.00026	-0.00917	0.00029	0.99999	0.00347	0.00916	-0.00347	0.99995		0.00000	0.00000	0.00000	0.00000	0.00000	0.00000	-1.00000	0.00000	0.00000	0.00000	0.00000	0.00000	0.00000	0.00000	0.00000	0.00000	
73	0.36500	-3.87271	1.38117	2.36684	0.20218	0.52473	0.02259	1.79285	0.99996	-0.00039	-0.00916	0.00043	0.99999	0.00353	0.00916	-0.00353	0.99995		0.00000	0.00000	0.00000	0.00000	0.00000	0.00000	-1.00000	0.00000	0.00000	0.00000	0.00000	0.00000	0.00000	0.00000	0.00000	0.00000	
74	0.37000	-3.92902	1.37550	2.39581	0.20364	0.53460	0.01545	1.79711	0.99996	-0.00027	-0.00933	0.00030	0.99999	0.00355	0.00933	-0.00356	0.99995		0.00000	0.00000	0.00000	0.00000	0.00000	0.00000	-1.00000	0.00000	0.00000	0.00000	0.00000	0.00000	0.00000	0.00000	0.00000	0.00000	
75	0.37500	-3.89812	1.37696	2.38880	0.20351	0.53130	0.01967	1.78776	0.99996	-0.00034	-0.00927	0.00038	0.99999	0.00355	0.00927	-0.00356	0.99995		0.00000	0.00000	0.00000	0.00000	0.00000	0.00000	-1.00000	0.00000	0.00000	0.00000	0.00000	0.00000	0.00000	0.00000	0.00000	0.00000	
76	0.38000	-3.88232	1.36291	2.36532	0.20605	0.53122	0.01131	1.80981	0.99996	-0.00020	-0.00927	0.00023	0.99999	0.00360	0.00927	-0.00360	0.99995		0.00000	0.00000	0.00000	0.00000	0.00000	0.00000	-1.00000	0.00000	0.00000	0.00000	0.00000	0.00000	0.00000	0.00000	0.00000	0.00000	
77	0.38500	-3.93751	1.35971	2.38344	0.20524	0.54010	0.01544	1.78178	0.99996	-0.00027	-0.00943	0.00030	0.99999	0.00358	0.00943	-0.00358	0.99995		0.00000	0.00000	0.00000	0.00000	0.00000	0.00000	-1.00000	0.00000	0.00000	0.00000	0.00000	0.00000	0.00000	0.00000	0.00000	0.00000	
78	0.39000	-3.83536	1.32951	2.35681	0.20466	0.52694	0.01149	1.79657	0.99996	-0.00020	-0.00920	0.00023	0.99999	0.00357	0.00920	-0.00357	0.99995		0.00000	0.00000	0.00000	0.00000	0.00000	0.00000	-1.00000	0.00000	0.00000	0.00000	0.00000	0.00000	0.00000	0.00000	0.00000	0.00000	
79	0.39500	-3.91481	1.35942	2.35780	0.21192	0.53788	0.00862	1.79561	0.99996	-0.00015	-0.00939	0.00019	0.99999	0.00370	0.00939	-0.00370	0.99995		0.00000	0.00000	0.00000	0.00000	0.00000	0.00000	-1.00000	0.00000	0.00000	0.00000	0.00000	0.00000	0.00000	0.00000	0.00000	0.00000	
80	0.40000	-3.96844	1.40140	2.36902	0.21418	0.54524	0.01840	1.81353	0.99995	-0.00032	-0.00952	0.00036	0.99999	0.00374	0.00951	-0.00374	0.99995		0.00000	0.00000	0.00000	0.00000	0.00000	0.00000	-1.00000	0.00000	0.00000	0.00000	0.00000	0.00000	0.00000	0.00000	0.00000	0.00000	
81	0.40500	-3.97875	1.38979	2.39249	0.21820	0.55644	0.01521	1.80747	0.99995	-0.00027	-0.00971	0.00030	0.99999	0.00381	0.00971	-0.00381	0.99995		0.00000	0.00000	0.00000	0.00000	0.00000	0.00000	-1.00000	0.00000	0.00000	0.00000	0.00000	0.00000	0.00000	0.00000	0.00000	0.00000	
82	0.41000	-3.94131	1.38213	2.35744	0.21948	0.54936	0.00895	1.79517	0.99995	-0.00016	-0.00959	0.00019	0.99999	0.00383	0.00959	-0.00383	0.99995		0.00000	0.00000	0.00000	0.00000	0.00000	0.00000	-1.00000	0.00000	0.00000	0.00000	0.00000	0.00000	0.00000	0.00000	0.00000	0.00000	
83	0.41500	-3.93187	1.36599	2.35123	0.21625	0.55026	0.01255	1.78234	0.99995	-0.00022	-0.00960	0.00026	0.99999	0.00377	0.00960	-0.00378	0.99995		0.00000	0.00000	0.00000	0.00000	0.00000	0.00000	-1.00000	0.00000	0.00000	0.00000	0.00000	0.00000	0.00000	0.00000	0.00000	0.00000	
84	0.42000	-3.93754	1.35441	2.35431	0.21832	0.55652	0.01505	1.79475	0.99995	-0.00026	-0.00971	0.00030	0.99999	0.00381	0.00971	-0.00381	0.99995		0.00000	0.00000	0.00000	0.00000	0.00000	0.00000	-1.00000	0.00000	0.00000	0.00000	0.00000	0.00000	0.00000	0.00000	0.00000	0.00000	
85	0.42500	-3.94610	1.40207	2.35163	0.22271	0.56122	0.01765	1.78409	0.99995	-0.00031	-0.00979	0.00035	0.99999	0.00389	0.00979	-0.00389	0.99994		0.00000	0.00000	0.00000	0.00000	0.00000	0.00000	-1.00000	0.00000	0.00000	0.00000	0.00000	0.00000	0.00000	0.00000	0.00000	0.00000	
86	0.43000	-3.98312	1.37055	2.33580	0.22150	0.56589	0.01562	1.80943	0.99995	-0.00027	-0.00988	0.00031	0.99999	0.00387	0.00988	-0.00387	0.99994		0.00000	0.00000	0.00000	0.00000	0.00000	0.00000	-1.00000	0.00000	0.00000	0.00000	0.00000	0.00000	0.00000	0.00000	0.00000	0.00000	
87	0.43500	-3.94526	1.37250	2.31609	0.22804	0.56179	0.00522	1.79326	0.99995	-0.00009	-0.00980	0.00013	0.99999	0.00398	0.00980	-0.00398	0.99994		0.00000	0.00000	0.00000	0.00000	0.00000	0.00000	-1.00000	0.00000	0.00000	0.00000	0.00000	0.00000	0.00000	0.00000	0.00000	0.00000	
88	0.44000	-4.10177	1.39560	2.35704	0.23169	0.58753	0.00756	1.79973	0.99995	-0.00013	-0.01025	0.00017	0.99999	0.00404	0.01025	-0.00405	0.99994		0.00000	0.00000	0.00000	0.00000	0.00000	0.00000	-1.00000	0.00000	0.00000	0.00000	0.00000	0.00000	0.00000	0.00000	0.00000	0.00000	
89	0.44500	-4.00240	1.37167	2.31559	0.23115	0.57753	0.00953	1.82094	0.99995	-0.00017	-0.01008	0.00021	0.99999	0.00403	0.01008	-0.00404	0.99994		0.00000	0.00000	0.00000	0.00000	0.00000	0.00000	-1.00000	0.00000	0.00000	0.00000	0.00000	0.00000	0.00000	0.00000	0.00000	0.00000	
90	0.45000	-4.01908	1.40581	2.31617	0.23281	0.58541	0.01435	1.77922	0.99995	-0.00025	-0.01022	0.00029	0.99999	0.00406	0.01022	-0.00407	0.99994		0.00000	0.00000	0.00000	0.00000	0.00000	0.00000	-1.00000	0.00000	0.00000	0.00000	0.00000	0.00000	0.00000	0.00000	0.00000	0.00000	
91	0.45500	-4.01727	1.40037	2.29474	0.23449	0.58612	0.01552	1.80751	0.99995	-0.00027	-0.01023	0.00031	0.99999	0.00409	0.01023	-0.00410	0.99994		0.00000	0.00000	0.00000	0.00000	0.00000	0.00000	-1.00000	0.00000	0.00000	0.00000	0.00000	0.00000	0.00000	0.00000	0.00000	0.00000	
92	0.46000	-4.03980	1.36167	2.29066	0.23431	0.59114	0.00544	1.78748	0.99995	-0.00009	-0.01032	0.00014	0.99999	0.00409	0.01032	-0.00409	0.99994		0.00000	0.00000	0.00000	0.00000	0.00000	0.00000	-1.00000	0.00000	0.00000	0.00000	0.00000	0.00000	0.00000	0.00000	0.00000	0.00000	
93	0.46500	-3.96588	1.39980	2.23486	0.23567	0.57903	0.01592	1.77005	0.99995	-0.00028	-0.01011	0.00032	0.99999	0.00411	0.01010	-0.00412	0.99994		0.00000	0.00000	0.00000	0.00000	0.00000	0.00000	-1.00000	0.00000	0.00000	0.00000	0.00000	0.00000	0.00000	0.00000	0.00000	0.00000	
94	0.47000	-4.01817	1.36473	2.24783	0.23465	0.58967	0.00940	1.77716	0.99995	-0.00016	-0.01029	0.00021	0.99999	0.00410	0.01029	-0.00410	0.99994		0.00000	0.00000	0.00000	0.00000	0.00000	0.00000	-1.00000	0.00000	0.00000	0.00000	0.00000	0.00000	0.00000	0.00000	0.00000	0.00000	
95	0.47500	-4.01981	1.35474	2.24511	0.23799	0.59566	0.00414	1.78567	0.99995	-0.00007	-0.01040	0.00012	0.99999	0.00415	0.01040	-0.00415	0.99994		0.00000	0.00000	0.00000	0.00000	0.00000	0.00000	-1.00000	0.00000	0.00000	0.00000	0.00000	0.00000	0.00000	0.00000	0.00000	0.00000	
96	0.48000	-3.98502	1.37873	2.20459	0.23810	0.59299	0.01352	1.77925	0.99995	-0.00024	-0.01035	0.00028	0.99999	0.00416	0.01035	-0.00416	0.99994		0.00000	0.00000	0.00000	0.00000	0.00000	0.00000	-1.00000	0.00000	0.00000	0.00000	0.00000	0.00000	0.00000	0.00000	0.00000	0.00000	
97	0.48500	-4.05136	1.36832	2.19894	0.24194	0.60536	0.00550	1.77003	0.99994	-0.00010	-0.01057	0.00014	0.99999	0.00422	0.01056	-0.00422	0.99994		0.00000	0.00000	0.00000	0.00000	0.00000	0.00000	-1.00000	0.00000	0.00000	0.00000	0.00000	0.00000	0.00000	0.00000	0.00000	0.00000	
98	0.49000	-4.03042	1.38231	2.17793	0.24536	0.60548	0.00282	1.77296	0.99994	-0.00005	-0.01057	0.00009	0.99999	0.00428	0.01057	-0.00428	0.99993		0.00000	0.00000	0.00000	0.00000	0.00000	0.00000	-1.00000	0.00000	0.00000	0.00000	0.00000	0.00000	0.00000	0.00000	0.00000	0.00000	
99	0.49500	-4.01308	1.35666	2.15552	0.23849	0.59959	0.00423	1.75823	0.99995	-0.00007	-0.01046	0.00012	0.99999	0.00416	0.01046	-0.00416	0.99994		0.00000	0.00000	0.00000	0.00000	0.00000	0.00000	-1.00000	0.00000	0.00000	0.00000	0.00000	0.00000	0.00000	0.00000	0.00000	0.00000	
100	0.50000	-4.03557	1.37567	2.16186	0.24400	0.60912	0.00624	1.75975	0.99994	-0.00011	-0.01063	0.00015	0.99999	0.00426	0.01063	-0.00426	0.99993		0.00000	0.00000	0.00000	0.00000	0.00000	0.00000	-1.00000	0.00000	0.00000	0.00000	0.00000	0.00000	0.00000	0.00000	0.00000	0.00000	
101	0.50500	-4.03145	1.37074	2.12504	0.24485	0.60992	0.00411	1.75705	0.99994	-0.00007	-0.01064	0.00012	0.99999	0.00427	0.01064	-0.00427	0.99993		0.00000	0.00000	0.00000	0.00000	0.00000	0.00000	-1.00000	0.00000	0.00000	0.00000	0.00000	0.00000	0.00000	0.00000	0.00000	0.00000	
102	0.51000	-3.98354	1.35698	2.07599	0.24262	0.60423	0.00758	1.74662	0.99994	-0.00013	-0.01055	0.00018	0.99999	0.00423	0.01054	-0.00424	0.99994		0.00000	0.00000	0.00000	0.00000	0.00000	0.00000	-1.00000	0.00000	0.00000	0.00000	0.00000	0.00000	0.00000	0.00000	0.00000	0.00000	
103	0.51500	-3.96969	1.36771	2.05478	0.24487	0.60920	0.00437	1.72828	0.99994	-0.00008	-0.01063	0.00012	0.99999	0.00427	0.01063	-0.00427	0.99993		0.00000	0.00000	0.00000	0.00000	0.00000	0.00000	-1.00000	0.00000	0.00000	0.00000	0.00000	0.00000	0.00000	0.00000	0.00000	0.00000	
104	0.52000	-4.01914	1.36443	2.04799	0.24404	0.61671	0.00845	1.75664	0.99994	-0.00015	-0.01076	0.00019	0.99999	0.00426	0.01076	-0.00426	0.99993		0.00000	0.00000	0.00000	0.00000	0.00000	0.00000	-1.00000	0.00000	0.00000	0.00000	0.00000	0.00000	0.00000	0.00000	0.00000	0.00000	
105	0.52500	-3.95984	1.33448	2.00269	0.24233	0.60947	0.00422	1.72991	0.99994	-0.00007	-0.01064	0.00012	0.99999	0.00423	0.01064	-0.00423	0.99993		0.00000	0.00000	0.00000	0.00000	0.00000	0.00000	-1.00000	0.00000	0.00000	0.00000	0.00000	0.00000	0.00000	0.00000	0.00000	0.00000	
106	0.53000	-3.99765	1.34053	2.00002	0.24349	0.61367	0.00048	1.74015	0.99994	-0.00001	-0.01071	0.00005	0.99999	0.00425	0.01071	-0.00425	0.99993		0.00000	0.00000	0.00000	0.00000	0.00000	0.00000	-1.00000	0.00000	0.00000	0.00000	0.00000	0.00000	0.00000	0.00000	0.00000	0.00000	
107	0.53500	-3.99709	1.32852	1.97087	0.24643	0.61916	-0.00474	1.74875	0.99994	0.00008	-0.01081	-0.00004	0.99999	0.00430	0.01081	-0.00430	0.99993		0.00000	0.00000	0.00000	0.00000	0.00000	0.00000	-1.00000	0.00000	0.00000	0.00000	0.00000	0.00000	0.00000	0.00000	0.00000	0.00000	
108	0.54000	-4.06333	1.33933	1.97029	0.24761	0.63054	-0.00440	1.74584	0.99994	0.00008	-0.01100	-0.00003	0.99999	0.00432	0.01100	-0.00432	0.99993		0.00000	0.00000	0.00000	0.00000	0.00000	0.00000	-1.00000	0.00000	0.00000	0.00000	0.00000	0.00000	0.00000	0.00000	0.00000	0.00000	
109	0.54500	-4.03660	1.33700	1.92988	0.24664	0.62748	-0.00667	1.73295	0.99994	0.00012	-0.01095	-0.00007	0.99999	0.00430	0.01095	-0.00430	0.99993		0.00000	0.00000	0.00000	0.00000	0.00000	0.00000	-1.00000	0.00000	0.00000	0.00000	0.00000	0.00000	0.00000	0.00000	0.00000	0.00000	
110	0.55000	-3.98274	1.31649	1.88130	0.24248	0.62510	-0.00230	1.71863	0.99994	0.00004	-0.01091	0.00001	0.99999	0.00423	0.01091	-0.00423	0.99993		0.00000	0.00000	0.00000	0.00000	0.00000	0.00000	-1.00000	0.00000	0.00000	0.00000	0.00000	0.00000	0.00000	0.00000	0.00000	0.00000	
111	0.55500	-4.04259	1.33606	1.87952	0.24752	0.63224	-0.00465	1.71858	0.99994	0.00008	-0.01103	-0.00003	0.99999	0.00432	0.01103	-0.00432	0.99993		0.00000	0.00000	0.00000	0.00000	0.00000	0.00000	-1.00000	0.00000	0.00000	0.00000	0.00000	0.00000	0.00000	0.00000	0.00000	0.00000	
112	0.56000	-3.99590	1.34653	1.81082	0.24888	0.62579	0.00004	1.71119	0.99994	-0.00000	-0.01092	0.00005	0.99999	0.00434	0.01092	-0.00434	0.99993		0.00000	0.00000	0.00000	0.00000	0.00000	0.00000	-1.00000	0.00000	0.00000	0.00000	0.00000	0.00000	0.00000	0.00000	0.00000	0.00000	
113	0.56500	-4.05490	1.31259	1.82440	0.24587	0.64420	-0.01157	1.72464	0.99994	0.00020	-0.01124	-0.00015	0.99999	0.00429	0.01124	-0.00429	0.99993		0.00000	0.00000	0.00000	0.00000	0.00000	0.00000	-1.00000	0.00000	0.00000	0.00000	0.00000	0.00000	0.00000	0.00000	0.00000	0.00000	
114	0.57000	-4.02948	1.31821	1.77705	0.24439	0.63833	-0.00680	1.71436	0.99994	0.00012	-0.01114	-0.00007	0.99999	0.00427	0.01114	-0.00426	0.99993		0.00000	0.00000	0.00000	0.00000	0.00000	0.00000	-1.00000	0.00000	0.00000	0.00000	0.00000	0.00000	0.00000	0.00000	0.00000	0.00000	
115	0.57500	-3.96986	1.32903	1.73583	0.24389	0.62784	0.00044	1.71099	0.99994	-0.00001	-0.01096	0.00005	0.99999	0.00426	0.01096	-0.00426	0.99993		0.00000	0.00000	0.00000	0.00000	0.00000	0.00000	-1.00000	0.00000	0.00000	0.00000	0.00000	0.00000	0.00000	0.00000	0.00000	0.00000	
116	0.58000	-4.07234	1.31679	1.74836	0.24725	0.65174	-0.00775	1.69459	0.99994	0.00014	-0.01137	-0.00009	0.99999	0.00432	0.01138	-0.00431	0.99993		0.00000	0.00000	0.00000	0.00000	0.00000	0.00000	-1.00000	0.00000	0.00000	0.00000	0.00000	0.00000	0.00000	0.00000	0.00000	0.00000	
117	0.58500	-4.06722	1.33936	1.69886	0.24777	0.65126	-0.00427	1.71308	0.99994	0.00007	-0.01137	-0.00003	0.99999	0.00432	0.01137	-0.00432	0.99993		0.00000	0.00000	0.00000	0.00000	0.00000	0.00000	-1.00000	0.00000	0.00000	0.00000	0.00000	0.00000	0.00000	0.00000	0.00000	0.00000	
118	0.59000	-4.01501	1.30553	1.65916	0.24358	0.64363	-0.00645	1.71132	0.99994	0.00011	-0.01123	-0.00006	0.99999	0.00425	0.01123	-0.00425	0.99993		0.00000	0.00000	0.00000	0.00000	0.00000	0.00000	-1.00000	0.00000	0.00000	0.00000	0.00000	0.00000	0.00000	0.00000	0.00000	0.00000	
119	0.59500	-3.95981	1.28464	1.61199	0.23985	0.63609	-0.00934	1.69811	0.99994	0.00016	-0.01110	-0.00012	0.99999	0.00419	0.01110	-0.00418	0.99993		0.00000	0.00000	0.00000	0.00000	0.00000	0.00000	-1.00000	0.00000	0.00000	0.00000	0.00000	0.00000	0.00000	0.00000	0.00000	0.00000	
120	0.60000	-3.99203	1.28586	1.57976	0.24240	0.64125	-0.01590	1.70507	0.99994	0.00028	-0.01119	-0.00023	0.99999	0.00423	0.01119	-0.00423	0.99993		0.00000	0.00000	0.00000	0.00000	0.00000	0.00000	-1.00000	0.00000	0.00000	0.00000	0.00000	0.00000	0.00000	0.00000	0.00000	0.00000	
121	0.60500	-3.87678	1.28845	1.45648	0.23906	0.61696	-0.00321	1.72206	0.99994	0.00006	-0.01077	-0.00001	0.99999	0.00417	0.01077	-0.00417	0.99993		0.00000	0.00000	0.00000	0.00000	0.00000	0.00000	-1.00000	0.00000	0.00000	0.00000	0.00000	0.00000	0.00000	0.00000	0.00000	0.00000	
122	0.61000	-3.80114	1.25289	1.38254	0.23229	0.60540	-0.00564	1.70959	0.99994	0.00010	-0.01057	-0.00006	0.99999	0.00405	0.01057	-0.00405	0.99994		0.00000	0.00000	0.00000	0.00000	0.00000	0.00000	-1.00000	0.00000	0.00000	0.00000	0.00000	0.00000	0.00000	0.00000	0.00000	0.00000	
123	0.61500	-3.84165	1.25554	1.37705	0.23327	0.61323	-0.00669	1.70623	0.99994	0.00012	-0.01070	-0.00007	0.99999	0.00407	0.01070	-0.00407	0.99993		0.00000	0.00000	0.00000	0.00000	0.00000	0.00000	-1.00000	0.00000	0.00000	0.00000	0.00000	0.00000	0.00000	0.00000	0.00000	0.00000	
124	0.62000	-3.85177	1.25824	1.34447	0.23395	0.61520	-0.00701	1.70535	0.99994	0.00012	-0.01074	-0.00008	0.99999	0.00408	0.01074	-0.00408	0.99993		0.00000	0.00000	0.00000	0.00000	0.00000	0.00000	-1.00000	0.00000	0.00000	0.00000	0.00000	0.00000	0.00000	0.00000	0.00000	0.00000	
125	0.62500	-3.85343	1.24220	1.32166	0.23081	0.61653	-0.01155	1.72817	0.99994	0.00020	-0.01076	-0.00016	0.99999	0.00403	0.01076	-0.00403	0.99993		0.00000	0.00000	0.00000	0.00000	0.00000	0.00000	-1.00000	0.00000	0.00000	0.00000	0.00000	0.00000	0.00000	0.00000	0.00000	0.00000	
126	0.63000	-3.83631	1.22304	1.29029	0.22706	0.61320	-0.00546	1.72117	0.99994	0.00010	-0.01070	-0.00005	0.99999	0.00396	0.01070	-0.00396	0.99993		0.00000	0.00000	0.00000	0.00000	0.00000	0.00000	-1.00000	0.00000	0.00000	0.00000	0.00000	0.00000	0.00000	0.00000	0.00000	0.00000	
127	0.63500	-3.81142	1.22057	1.25544	0.22677	0.61485	-0.00986	1.74156	0.99994	0.00017	-0.01073	-0.00013	0.99999	0.00396	0.01073	-0.00396	0.99993		0.00000	0.00000	0.00000	0.00000	0.00000	0.00000	-1.00000	0.00000	0.00000	0.00000	0.00000	0.00000	0.00000	0.00000	0.00000	0.00000	
128	0.64000	-3.75790	1.20497	1.19833	0.22155	0.60051	-0.00968	1.70369	0.99995	0.00017	-0.01048	-0.00013	0.99999	0.00387	0.01048	-0.00386	0.99994		0.00000	0.00000	0.00000	0.00000	0.00000	0.00000	-1.00000	0.00000	0.00000	0.00000	0.00000	0.00000	0.00000	0.00000	0.00000	0.00000	
129	0.64500	-3.71230	1.19388	1.15558	0.22057	0.59586	-0.00720	1.69224	0.99995	0.00013	-0.01040	-0.00009	0.99999	0.00385	0.01040	-0.00385	0.99994		0.00000	0.00000	0.00000	0.00000	0.00000	0.00000	-1.00000	0.00000	0.00000	0.00000	0.00000	0.00000	0.00000	0.00000	0.00000	0.00000	
130	0.65000	-3.71934	1.20168	1.12813	0.22349	0.59732	-0.01029	1.70640	0.99995	0.00018	-0.01043	-0.00014	0.99999	0.00390	0.01043	-0.00390	0.99994		0.00000	0.00000	0.00000	0.00000	0.00000	0.00000	-1.00000	0.00000	0.00000	0.00000	0.00000	0.00000	0.00000	0.00000	0.00000	0.00000	
131	0.65500	-3.77072	1.20383	1.09963	0.22169	0.60475	-0.00819	1.70600	0.99994	0.00014	-0.01055	-0.00010	0.99999	0.00387	0.01056	-0.00387	0.99994		0.00000	0.00000	0.00000	0.00000	0.00000	0.00000	-1.00000	0.00000	0.00000	0.00000	0.00000	0.00000	0.00000	0.00000	0.00000	0.00000	
132	0.66000	-3.79065	1.19807	1.09754	0.21976	0.60986	-0.01069	1.71286	0.99994	0.00019	-0.01064	-0.00015	0.99999	0.00384	0.01064	-0.00383	0.99994		0.00000	0.00000	0.00000	0.00000	0.00000	0.00000	-1.00000	0.00000	0.00000	0.00000	0.00000	0.00000	0.00000	0.00000	0.00000	0.00000	
133	0.66500	-3.72828	1.19523	1.04810	0.21685	0.59533	-0.00823	1.70375	0.99995	0.00014	-0.01039	-0.00010	0.99999	0.00378	0.01039	-0.00378	0.99994		0.00000	0.00000	0.00000	0.00000	0.00000	0.00000	-1.00000	0.00000	0.00000	0.00000	0.00000	0.00000	0.00000	0.00000	0.00000	0.00000	
134	0.67000	-3.78775	1.19134	1.05596	0.21849	0.60938	-0.01065	1.71253	0.99994	0.00019	-0.01064	-0.00015	0.99999	0.00381	0.01064	-0.00381	0.99994		0.00000	0.00000	0.00000	0.00000	0.00000	0.00000	-1.00000	0.00000	0.00000	0.00000	0.00000	0.00000	0.00000	0.00000	0.00000	0.00000	
135	0.67500	-3.76805	1.19983	0.99690	0.21820	0.60398	-0.00806	1.71733	0.99994	0.00014	-0.01054	-0.00010	0.99999	0.00381	0.01054	-0.00381	0.99994		0.00000	0.00000	0.00000	0.00000	0.00000	0.00000	-1.00000	0.00000	0.00000	0.00000	0.00000	0.00000	0.00000	0.00000	0.00000	0.00000	
136	0.68000	-3.75412	1.17662	0.97572	0.21358	0.59985	-0.01548	1.69703	0.99995	0.00027	-0.01047	-0.00023	0.99999	0.00373	0.01047	-0.00372	0.99994		0.00000	0.00000	0.00000	0.00000	0.00000	0.00000	-1.00000	0.00000	0.00000	0.00000	0.00000	0.00000	0.00000	0.00000	0.00000	0.00000	
137	0.68500	-3.68553	1.14749	0.93005	0.20996	0.59177	-0.01372	1.68463	0.99995	0.00024	-0.01033	-0.00020	0.99999	0.00366	0.01033	-0.00366	0.99994		0.00000	0.00000	0.00000	0.00000	0.00000	0.00000	-1.00000	0.00000	0.00000	0.00000	0.00000	0.00000	0.00000	0.00000	0.00000	0.00000	
138	0.69000	-3.71189	1.17404	0.90876	0.21197	0.59106	-0.01360	1.70162	0.99995	0.00024	-0.01032	-0.00020	0.99999	0.00370	0.01032	-0.00370	0.99994		0.00000	0.00000	0.00000	0.00000	0.00000	0.00000	-1.00000	0.00000	0.00000	0.00000	0.00000	0.00000	0.00000	0.00000	0.00000	0.00000	
139	0.69500	-3.68841	1.15804	0.87032	0.20949	0.58724	-0.01405	1.70137	0.99995	0.00025	-0.01025	-0.00021	0.99999	0.00366	0.01025	-0.00365	0.99994		0.00000	0.00000	0.00000	0.00000	0.00000	0.00000	-1.00000	0.00000	0.00000	0.00000	0.00000	0.00000	0.00000	0.00000	0.00000	0.00000	
140	0.70000	-3.70731	1.16315	0.86606	0.20971	0.59278	-0.01002	1.68900	0.99995	0.00017	-0.01035	-0.00014	0.99999	0.00366	0.01035	-0.00366	0.99994		0.00000	0.00000	0.00000	0.00000	0.00000	0.00000	-1.00000	0.00000	0.00000	0.00000	0.00000	0.00000	0.00000	0.00000	0.00000	0.00000	
141	0.70500	-3.75260	1.16155	0.86136	0.20815	0.60010	-0.01476	1.69433	0.99995	0.00026	-0.01047	-0.00022	0.99999	0.00363	0.01047	-0.00363	0.99994		0.00000	0.00000	0.00000	0.00000	0.00000	0.00000	-1.00000	0.00000	0.00000	0.00000	0.00000	0.00000	0.00000	0.00000	0.00000	0.00000	
142	0.71000	-3.67211	1.11877	0.82883	0.20183	0.58409	-0.01370	1.70007	0.99995	0.00024	-0.01019	-0.00020	0.99999	0.00352	0.01019	-0.00352	0.99994		0.00000	0.00000	0.00000	0.00000	0.00000	0.00000	-1.00000	0.00000	0.00000	0.00000	0.00000	0.00000	0.00000	0.00000	0.00000	0.00000	
143	0.71500	-3.71157	1.13933	0.78793	0.20470	0.58658	-0.01738	1.69564	0.99995	0.00030	-0.01024	-0.00027	0.99999	0.00357	0.01024	-0.00357	0.99994		0.00000	0.00000	0.00000	0.00000	0.00000	0.00000	-1.00000	0.00000	0.00000	0.00000	0.00000	0.00000	0.00000	0.00000	0.00000	0.00000	
