NO_OF_FRAMES	12048
NO_OF_CAMERAS	8
NO_OF_BODIES	2
FREQUENCY	200
NO_OF_ANALOG	0
ANALOG_FREQUENCY	0
DESCRIPTION	--
TIME_STAMP	2013-07-04, 17:53:51	119646.27291401
DATA_INCLUDED	6D
BODY_NAMES	Ice 2 V2	Ice 3
Frame	Time	Ice 2 V2 X	Y	Z	Roll	Pitch	Yaw	Residual	Rot[0]	Rot[1]	Rot[2]	Rot[3]	Rot[4]	Rot[5]	Rot[6]	Rot[7]	Rot[8]	Ice 3 X	Y	Z	Roll	Pitch	Yaw	Residual	Rot[0]	Rot[1]	Rot[2]	Rot[3]	Rot[4]	Rot[5]	Rot[6]	Rot[7]	Rot[8]	
1	0.00500	1.30354	0.53004	0.58855	0.17537	-0.08913	-0.45453	1.82740	0.99997	0.00793	0.00156	-0.00794	0.99996	0.00306	-0.00153	-0.00307	0.99999		-0.11494	4.21876	0.08237	0.11342	-0.01301	4.19980	0.18766	0.99731	-0.07323	0.00023	0.07323	0.99731	0.00198	-0.00037	-0.00196	1.00000	
2	0.01000	1.31604	0.51441	0.56800	0.18043	-0.08946	-0.45778	1.76036	0.99997	0.00799	0.00156	-0.00799	0.99996	0.00315	-0.00154	-0.00316	0.99999		-0.16859	4.20171	0.10809	0.10998	-0.01105	4.19959	0.16681	0.99731	-0.07323	0.00019	0.07323	0.99731	0.00192	-0.00033	-0.00190	1.00000	
3	0.01500	1.30637	0.53364	0.56146	0.18898	-0.08426	-0.46026	1.76328	0.99997	0.00803	0.00147	-0.00804	0.99996	0.00330	-0.00144	-0.00331	0.99999		-0.13505	4.18119	0.09266	0.10852	-0.01370	4.20034	0.16168	0.99731	-0.07324	0.00024	0.07324	0.99731	0.00189	-0.00038	-0.00187	1.00000	
4	0.02000	1.28708	0.50731	0.57927	0.19079	-0.08737	-0.46214	1.76701	0.99997	0.00807	0.00152	-0.00807	0.99996	0.00333	-0.00150	-0.00334	0.99999		-0.14101	4.16988	0.09618	0.10795	-0.01300	4.19920	0.16932	0.99732	-0.07322	0.00023	0.07322	0.99731	0.00188	-0.00036	-0.00186	1.00000	
5	0.02500	1.32937	0.49402	0.59212	0.19490	-0.08841	-0.46443	1.75484	0.99997	0.00811	0.00154	-0.00811	0.99996	0.00340	-0.00152	-0.00341	0.99999		-0.13791	4.18963	0.09725	0.10961	-0.01341	4.19746	0.17186	0.99732	-0.07319	0.00023	0.07319	0.99732	0.00191	-0.00037	-0.00189	1.00000	
6	0.03000	1.32673	0.50440	0.59373	0.20052	-0.08963	-0.46315	1.75272	0.99997	0.00808	0.00156	-0.00809	0.99996	0.00350	-0.00154	-0.00351	0.99999		-0.14624	4.18423	0.08197	0.10799	-0.01015	4.19917	0.19090	0.99732	-0.07322	0.00018	0.07322	0.99731	0.00188	-0.00031	-0.00187	1.00000	
7	0.03500	1.30910	0.49373	0.59871	0.20662	-0.08836	-0.46794	1.75867	0.99997	0.00817	0.00154	-0.00817	0.99996	0.00361	-0.00151	-0.00362	0.99999		-0.13178	4.16104	0.07970	0.10691	-0.01350	4.19546	0.18052	0.99732	-0.07316	0.00024	0.07316	0.99732	0.00187	-0.00037	-0.00184	1.00000	
8	0.04000	1.33197	0.50200	0.61283	0.21208	-0.08778	-0.47194	1.74454	0.99996	0.00824	0.00153	-0.00824	0.99996	0.00370	-0.00150	-0.00371	0.99999		-0.12122	4.16840	0.07716	0.10858	-0.01488	4.19779	0.17131	0.99732	-0.07320	0.00026	0.07320	0.99732	0.00190	-0.00040	-0.00187	1.00000	
9	0.04500	1.31579	0.48800	0.62884	0.21340	-0.08750	-0.46867	1.73233	0.99997	0.00818	0.00153	-0.00819	0.99996	0.00372	-0.00150	-0.00374	0.99999		-0.14806	4.14068	0.07360	0.10426	-0.01257	4.19657	0.17832	0.99732	-0.07318	0.00022	0.07318	0.99732	0.00182	-0.00035	-0.00180	1.00000	
10	0.05000	1.34394	0.47711	0.63351	0.21621	-0.09235	-0.46856	1.73295	0.99997	0.00818	0.00161	-0.00818	0.99996	0.00377	-0.00158	-0.00379	0.99999		-0.10796	4.14730	0.07275	0.10587	-0.01592	4.19662	0.18756	0.99732	-0.07318	0.00028	0.07318	0.99732	0.00185	-0.00041	-0.00182	1.00000	
11	0.05500	1.34206	0.49347	0.63740	0.22238	-0.09230	-0.47137	1.72186	0.99996	0.00823	0.00161	-0.00823	0.99996	0.00388	-0.00158	-0.00389	0.99999		-0.10908	4.15928	0.07246	0.10967	-0.01895	4.19891	0.17042	0.99732	-0.07322	0.00033	0.07322	0.99731	0.00191	-0.00047	-0.00188	1.00000	
12	0.06000	1.37665	0.47725	0.65903	0.22546	-0.09542	-0.46946	1.74481	0.99997	0.00819	0.00167	-0.00820	0.99996	0.00394	-0.00163	-0.00395	0.99999		-0.12728	4.14562	0.08413	0.10941	-0.01797	4.19881	0.16902	0.99732	-0.07322	0.00031	0.07322	0.99731	0.00191	-0.00045	-0.00188	1.00000	
13	0.06500	1.32649	0.48019	0.65568	0.22977	-0.09450	-0.47003	1.74776	0.99997	0.00820	0.00165	-0.00821	0.99996	0.00401	-0.00162	-0.00402	0.99999		-0.09426	4.12240	0.08023	0.10588	-0.02051	4.19849	0.17465	0.99732	-0.07321	0.00036	0.07321	0.99731	0.00185	-0.00049	-0.00182	1.00000	
14	0.07000	1.38323	0.44827	0.66548	0.23073	-0.10019	-0.46947	1.72952	0.99996	0.00819	0.00175	-0.00820	0.99996	0.00403	-0.00172	-0.00404	0.99999		-0.08515	4.13244	0.08527	0.10936	-0.02525	4.19999	0.16040	0.99731	-0.07324	0.00044	0.07324	0.99731	0.00191	-0.00058	-0.00187	1.00000	
15	0.07500	1.35215	0.45889	0.67503	0.23636	-0.09250	-0.47285	1.73079	0.99996	0.00825	0.00161	-0.00826	0.99996	0.00413	-0.00158	-0.00414	0.99999		-0.07451	4.12087	0.08947	0.11073	-0.02415	4.20118	0.17452	0.99731	-0.07326	0.00042	0.07326	0.99731	0.00193	-0.00056	-0.00190	1.00000	
16	0.08000	1.37069	0.45547	0.68839	0.23796	-0.09703	-0.47486	1.73634	0.99996	0.00829	0.00169	-0.00829	0.99996	0.00415	-0.00166	-0.00417	0.99999		-0.06785	4.12924	0.09261	0.11222	-0.02742	4.19404	0.17127	0.99732	-0.07313	0.00048	0.07313	0.99732	0.00196	-0.00062	-0.00192	1.00000	
17	0.08500	1.34965	0.44615	0.69508	0.24266	-0.09596	-0.47305	1.72749	0.99996	0.00826	0.00167	-0.00826	0.99996	0.00424	-0.00164	-0.00425	0.99999		-0.08698	4.08997	0.09087	0.10932	-0.02675	4.19498	0.17158	0.99732	-0.07315	0.00047	0.07315	0.99732	0.00191	-0.00061	-0.00187	1.00000	
18	0.09000	1.34823	0.45612	0.71335	0.24744	-0.09600	-0.47600	1.73619	0.99996	0.00831	0.00168	-0.00831	0.99996	0.00432	-0.00164	-0.00433	0.99999		-0.04370	4.09645	0.08288	0.11285	-0.03050	4.19850	0.16770	0.99732	-0.07321	0.00053	0.07321	0.99731	0.00197	-0.00068	-0.00193	1.00000	
19	0.09500	1.35076	0.44999	0.72029	0.24637	-0.10023	-0.47627	1.71822	0.99996	0.00831	0.00175	-0.00832	0.99996	0.00430	-0.00171	-0.00431	0.99999		-0.06434	4.11223	0.09997	0.11679	-0.03384	4.19806	0.17730	0.99732	-0.07320	0.00059	0.07320	0.99731	0.00204	-0.00074	-0.00199	1.00000	
20	0.10000	1.37665	0.45164	0.73892	0.24998	-0.09943	-0.47465	1.72891	0.99996	0.00828	0.00174	-0.00829	0.99996	0.00436	-0.00170	-0.00438	0.99999		-0.05934	4.09801	0.10551	0.11726	-0.03534	4.19557	0.17365	0.99732	-0.07316	0.00062	0.07316	0.99732	0.00205	-0.00076	-0.00200	1.00000	
21	0.10500	1.37863	0.43294	0.74436	0.24803	-0.10403	-0.47407	1.73395	0.99996	0.00827	0.00182	-0.00828	0.99996	0.00433	-0.00178	-0.00434	0.99999		-0.04202	4.09701	0.10870	0.11890	-0.03832	4.19611	0.18369	0.99732	-0.07317	0.00067	0.07317	0.99732	0.00208	-0.00082	-0.00202	1.00000	
22	0.11000	1.33622	0.44678	0.75923	0.25440	-0.10105	-0.47394	1.72458	0.99996	0.00827	0.00176	-0.00828	0.99996	0.00444	-0.00173	-0.00445	0.99999		-0.01597	4.09115	0.12570	0.12130	-0.04315	4.19625	0.17030	0.99732	-0.07317	0.00075	0.07317	0.99732	0.00212	-0.00091	-0.00206	1.00000	
23	0.11500	1.34838	0.43726	0.77946	0.25352	-0.10262	-0.47798	1.73197	0.99996	0.00834	0.00179	-0.00835	0.99996	0.00442	-0.00175	-0.00444	0.99999		-0.02026	4.07276	0.12145	0.12136	-0.04290	4.19724	0.16555	0.99732	-0.07319	0.00075	0.07319	0.99732	0.00212	-0.00090	-0.00206	1.00000	
24	0.12000	1.23953	0.13475	0.35041	0.19049	-0.08138	-0.46871	1.69068	0.99997	0.00818	0.00142	-0.00819	0.99996	0.00332	-0.00139	-0.00334	0.99999		0.08645	3.82135	0.37041	0.08311	-0.06819	4.19263	0.27596	0.99732	-0.07311	0.00119	0.07311	0.99732	0.00145	-0.00129	-0.00136	1.00000	
25	0.12500	1.24776	0.14547	0.34177	0.19096	-0.08272	-0.46893	1.67383	0.99997	0.00818	0.00144	-0.00819	0.99996	0.00333	-0.00142	-0.00334	0.99999		0.04334	3.80402	0.36526	0.08363	-0.06665	4.19320	0.27922	0.99732	-0.07312	0.00116	0.07312	0.99732	0.00146	-0.00127	-0.00137	1.00000	
26	0.13000	1.26621	0.12386	0.35728	0.18936	-0.08753	-0.46335	1.69956	0.99997	0.00809	0.00153	-0.00809	0.99996	0.00330	-0.00150	-0.00332	0.99999		0.10913	3.82271	0.39558	0.08918	-0.07740	4.19419	0.26869	0.99732	-0.07314	0.00135	0.07313	0.99732	0.00156	-0.00146	-0.00145	1.00000	
27	0.13500	1.22385	0.12344	0.35935	0.19005	-0.08269	-0.46912	1.68469	0.99997	0.00819	0.00144	-0.00819	0.99996	0.00332	-0.00142	-0.00333	0.99999		0.08902	3.78343	0.40691	0.08673	-0.07868	4.19204	0.26912	0.99732	-0.07310	0.00137	0.07310	0.99732	0.00151	-0.00148	-0.00141	1.00000	
28	0.14000	1.20195	0.11273	0.38660	0.18841	-0.08607	-0.47300	1.68567	0.99996	0.00826	0.00150	-0.00826	0.99996	0.00329	-0.00148	-0.00330	0.99999		0.09846	3.80421	0.41184	0.09197	-0.08009	4.19276	0.26989	0.99732	-0.07311	0.00140	0.07311	0.99732	0.00161	-0.00151	-0.00150	1.00000	
29	0.14500	1.19477	0.14232	0.38058	0.19441	-0.08551	-0.47285	1.69281	0.99996	0.00825	0.00149	-0.00826	0.99996	0.00339	-0.00146	-0.00341	0.99999		0.12361	3.80570	0.42017	0.09532	-0.08476	4.19027	0.27315	0.99733	-0.07307	0.00148	0.07307	0.99733	0.00166	-0.00160	-0.00155	1.00000	
30	0.15000	1.20767	0.10932	0.37225	0.18594	-0.08850	-0.46636	1.70108	0.99997	0.00814	0.00154	-0.00814	0.99996	0.00325	-0.00152	-0.00326	0.99999		0.13713	3.76052	0.43611	0.09319	-0.08998	4.18954	0.27755	0.99733	-0.07306	0.00157	0.07305	0.99733	0.00163	-0.00169	-0.00151	1.00000	
31	0.15500	1.21875	0.12851	0.38988	0.18748	-0.09261	-0.46861	1.70755	0.99997	0.00818	0.00162	-0.00818	0.99996	0.00327	-0.00159	-0.00329	0.99999		0.11527	3.77618	0.45210	0.09885	-0.08966	4.19153	0.28215	0.99732	-0.07309	0.00156	0.07309	0.99732	0.00173	-0.00169	-0.00161	1.00000	
32	0.16000	1.18707	0.11593	0.40230	0.18588	-0.08688	-0.46671	1.68251	0.99997	0.00815	0.00152	-0.00815	0.99996	0.00324	-0.00149	-0.00326	0.99999		0.11506	3.75091	0.44968	0.09922	-0.09061	4.19144	0.29696	0.99732	-0.07309	0.00158	0.07309	0.99732	0.00173	-0.00170	-0.00161	1.00000	
33	0.16500	1.15167	0.11597	0.40547	0.18361	-0.08791	-0.46829	1.68632	0.99997	0.00817	0.00153	-0.00818	0.99996	0.00320	-0.00151	-0.00322	0.99999		0.14767	3.74146	0.46881	0.10110	-0.09987	4.19120	0.27768	0.99732	-0.07308	0.00174	0.07308	0.99732	0.00176	-0.00187	-0.00163	1.00000	
34	0.17000	1.19013	0.11808	0.41396	0.18297	-0.09387	-0.46695	1.68908	0.99997	0.00815	0.00164	-0.00815	0.99996	0.00319	-0.00161	-0.00321	0.99999		0.14868	3.74802	0.48225	0.10516	-0.10384	4.18975	0.29989	0.99733	-0.07306	0.00181	0.07306	0.99733	0.00184	-0.00194	-0.00170	1.00000	
35	0.17500	1.14274	0.11258	0.40943	0.17924	-0.09045	-0.46077	1.69918	0.99997	0.00804	0.00158	-0.00805	0.99996	0.00313	-0.00155	-0.00314	0.99999		0.17742	3.74334	0.50694	0.10769	-0.10901	4.18922	0.29109	0.99733	-0.07305	0.00190	0.07305	0.99733	0.00188	-0.00203	-0.00174	1.00000	
36	0.18000	1.15286	0.10943	0.42999	0.17721	-0.09584	-0.46311	1.70963	0.99997	0.00808	0.00167	-0.00809	0.99996	0.00309	-0.00165	-0.00311	0.99999		0.15195	3.73512	0.51739	0.11060	-0.10882	4.18927	0.29596	0.99733	-0.07305	0.00190	0.07305	0.99733	0.00193	-0.00204	-0.00179	1.00000	
37	0.18500	1.11612	0.10981	0.44458	0.17639	-0.08951	-0.46368	1.70335	0.99997	0.00809	0.00156	-0.00810	0.99996	0.00308	-0.00154	-0.00309	0.99999		0.18409	3.72834	0.53982	0.11236	-0.11607	4.19065	0.27560	0.99732	-0.07308	0.00203	0.07307	0.99732	0.00196	-0.00216	-0.00181	1.00000	
38	0.19000	1.12621	0.10206	0.44730	0.17198	-0.09626	-0.46173	1.71823	0.99997	0.00806	0.00168	-0.00806	0.99996	0.00300	-0.00166	-0.00302	0.99999		0.20365	3.73220	0.54779	0.11700	-0.11814	4.19040	0.29332	0.99732	-0.07307	0.00206	0.07307	0.99732	0.00204	-0.00221	-0.00189	1.00000	
39	0.19500	1.15345	0.10513	0.43919	0.16822	-0.10137	-0.45969	1.70608	0.99997	0.00802	0.00177	-0.00803	0.99996	0.00294	-0.00175	-0.00295	0.99999		0.20644	3.74741	0.56283	0.12176	-0.12381	4.18898	0.27798	0.99733	-0.07305	0.00216	0.07304	0.99733	0.00213	-0.00231	-0.00196	1.00000	
40	0.20000	1.14099	0.07770	0.44589	0.15888	-0.10422	-0.45836	1.71813	0.99997	0.00800	0.00182	-0.00800	0.99996	0.00277	-0.00180	-0.00279	0.99999		0.17639	3.71471	0.55487	0.12005	-0.12114	4.19172	0.29445	0.99732	-0.07309	0.00211	0.07309	0.99732	0.00210	-0.00226	-0.00194	1.00000	
41	0.20500	1.10791	0.10408	0.45646	0.16160	-0.09863	-0.45776	1.74268	0.99997	0.00799	0.00172	-0.00799	0.99996	0.00282	-0.00170	-0.00283	0.99999		0.25029	3.71195	0.60067	0.12423	-0.13242	4.19108	0.28799	0.99732	-0.07308	0.00231	0.07308	0.99732	0.00217	-0.00246	-0.00199	0.99999	
42	0.21000	1.10442	0.11495	0.46107	0.15774	-0.10130	-0.45893	1.73082	0.99997	0.00801	0.00177	-0.00801	0.99996	0.00275	-0.00175	-0.00277	0.99999		0.19224	3.72012	0.60604	0.12565	-0.12784	4.19046	0.29905	0.99732	-0.07307	0.00223	0.07307	0.99732	0.00219	-0.00239	-0.00202	1.00000	
43	0.21500	1.08567	0.09830	0.46517	0.15187	-0.10044	-0.45641	1.72267	0.99997	0.00797	0.00175	-0.00797	0.99996	0.00265	-0.00173	-0.00266	0.99999		0.22728	3.70918	0.62310	0.12849	-0.13454	4.18749	0.28720	0.99733	-0.07302	0.00235	0.07301	0.99733	0.00224	-0.00251	-0.00207	0.99999	
44	0.22000	1.03623	0.09826	0.47597	0.14613	-0.09535	-0.45439	1.71899	0.99997	0.00793	0.00166	-0.00793	0.99997	0.00255	-0.00164	-0.00256	1.00000		0.21059	3.70002	0.63442	0.12922	-0.13371	4.18905	0.30489	0.99733	-0.07305	0.00233	0.07304	0.99733	0.00226	-0.00249	-0.00208	0.99999	
45	0.22500	1.06286	0.12816	0.47856	0.14605	-0.10136	-0.45482	1.73699	0.99997	0.00794	0.00177	-0.00794	0.99997	0.00255	-0.00175	-0.00256	1.00000		0.24800	3.70896	0.64864	0.13439	-0.14004	4.19025	0.31436	0.99732	-0.07307	0.00244	0.07306	0.99732	0.00235	-0.00261	-0.00216	0.99999	
46	0.23000	1.04662	0.10220	0.48996	0.13790	-0.10105	-0.45090	1.75630	0.99997	0.00787	0.00176	-0.00787	0.99997	0.00241	-0.00174	-0.00242	1.00000		0.22669	3.70083	0.65324	0.13422	-0.14030	4.18919	0.31256	0.99733	-0.07305	0.00245	0.07304	0.99733	0.00234	-0.00261	-0.00216	0.99999	
47	0.23500	1.03001	0.12513	0.48361	0.13786	-0.09981	-0.45519	1.74559	0.99997	0.00794	0.00174	-0.00795	0.99997	0.00241	-0.00172	-0.00242	1.00000		0.21305	3.67918	0.67961	0.13341	-0.14192	4.18819	0.29536	0.99733	-0.07303	0.00248	0.07303	0.99733	0.00233	-0.00264	-0.00214	0.99999	
48	0.24000	1.01766	0.12204	0.51632	0.13166	-0.09611	-0.44643	1.73743	0.99997	0.00779	0.00168	-0.00780	0.99997	0.00230	-0.00166	-0.00231	1.00000		0.26167	3.68921	0.71644	0.13642	-0.14838	4.18844	0.29873	0.99733	-0.07304	0.00259	0.07303	0.99733	0.00238	-0.00276	-0.00219	0.99999	
49	0.24500	1.00189	0.11645	0.49061	0.12602	-0.09935	-0.44125	1.75553	0.99997	0.00770	0.00173	-0.00771	0.99997	0.00220	-0.00172	-0.00221	1.00000		0.26142	3.68981	0.72248	0.13817	-0.15178	4.18950	0.30200	0.99732	-0.07306	0.00265	0.07305	0.99733	0.00241	-0.00282	-0.00221	0.99999	
50	0.25000	1.00693	0.12380	0.51980	0.12025	-0.10231	-0.44372	1.74162	0.99997	0.00774	0.00179	-0.00775	0.99997	0.00210	-0.00177	-0.00211	1.00000		0.25214	3.69218	0.74048	0.14074	-0.15220	4.18900	0.31305	0.99733	-0.07305	0.00266	0.07304	0.99733	0.00246	-0.00283	-0.00226	0.99999	
51	0.25500	1.00555	0.11748	0.51161	0.11621	-0.10262	-0.44337	1.75129	0.99997	0.00774	0.00179	-0.00774	0.99997	0.00203	-0.00178	-0.00204	1.00000		0.23247	3.67973	0.76698	0.13945	-0.15416	4.19103	0.30547	0.99732	-0.07308	0.00269	0.07308	0.99732	0.00243	-0.00286	-0.00223	0.99999	
52	0.26000	0.97039	0.11615	0.52301	0.10962	-0.09864	-0.44484	1.77033	0.99997	0.00776	0.00172	-0.00777	0.99997	0.00191	-0.00171	-0.00193	1.00000		0.24797	3.69377	0.76415	0.14202	-0.15541	4.18513	0.31231	0.99733	-0.07298	0.00271	0.07297	0.99733	0.00248	-0.00289	-0.00227	0.99999	
53	0.26500	0.97837	0.12635	0.52823	0.10589	-0.10181	-0.44028	1.77299	0.99997	0.00768	0.00178	-0.00769	0.99997	0.00185	-0.00176	-0.00186	1.00000		0.25552	3.69404	0.78632	0.14264	-0.15975	4.18915	0.31286	0.99732	-0.07305	0.00279	0.07304	0.99733	0.00249	-0.00296	-0.00228	0.99999	
54	0.27000	0.95723	0.12180	0.53255	0.09883	-0.09951	-0.43871	1.77246	0.99997	0.00766	0.00174	-0.00766	0.99997	0.00172	-0.00172	-0.00174	1.00000		0.25150	3.68197	0.79582	0.14279	-0.16108	4.18824	0.30654	0.99733	-0.07303	0.00281	0.07303	0.99733	0.00249	-0.00299	-0.00228	0.99999	
55	0.27500	0.97939	0.10883	0.55022	0.08956	-0.09972	-0.43962	1.77122	0.99997	0.00767	0.00174	-0.00768	0.99997	0.00156	-0.00173	-0.00158	1.00000		0.28424	3.68742	0.80698	0.14406	-0.16319	4.18862	0.31054	0.99732	-0.07304	0.00285	0.07303	0.99733	0.00251	-0.00302	-0.00230	0.99999	
56	0.28000	0.92037	0.12314	0.55483	0.08351	-0.09729	-0.43180	1.79222	0.99997	0.00754	0.00170	-0.00754	0.99997	0.00146	-0.00169	-0.00147	1.00000		0.27958	3.71660	0.82545	0.14593	-0.16511	4.18876	0.31600	0.99732	-0.07304	0.00288	0.07304	0.99733	0.00255	-0.00306	-0.00233	0.99999	
57	0.28500	0.90023	0.12226	0.55165	0.08075	-0.09534	-0.43809	1.76616	0.99997	0.00765	0.00166	-0.00765	0.99997	0.00141	-0.00165	-0.00142	1.00000		0.26899	3.70848	0.84251	0.14607	-0.16353	4.18952	0.30410	0.99732	-0.07306	0.00285	0.07305	0.99733	0.00255	-0.00303	-0.00233	0.99999	
58	0.29000	0.90475	0.14823	0.55813	0.07770	-0.09499	-0.43483	1.78364	0.99997	0.00759	0.00166	-0.00759	0.99997	0.00136	-0.00165	-0.00137	1.00000		0.29242	3.71251	0.87783	0.14359	-0.16716	4.18644	0.32247	0.99733	-0.07300	0.00292	0.07299	0.99733	0.00251	-0.00309	-0.00229	0.99999	
59	0.29500	0.89724	0.13509	0.55260	0.06884	-0.09210	-0.43604	1.78248	0.99997	0.00761	0.00161	-0.00761	0.99997	0.00120	-0.00160	-0.00121	1.00000		0.28802	3.71048	0.86860	0.14160	-0.16632	4.18596	0.31134	0.99733	-0.07299	0.00290	0.07299	0.99733	0.00247	-0.00308	-0.00225	0.99999	
60	0.30000	0.90241	0.14518	0.55904	0.06397	-0.09690	-0.43219	1.78464	0.99997	0.00754	0.00169	-0.00754	0.99997	0.00112	-0.00168	-0.00113	1.00000		0.28012	3.70199	0.87847	0.13942	-0.16663	4.18707	0.31313	0.99733	-0.07301	0.00291	0.07301	0.99733	0.00243	-0.00308	-0.00221	0.99999	
61	0.30500	0.84381	0.14323	0.57154	0.05833	-0.08897	-0.43084	1.79696	0.99997	0.00752	0.00155	-0.00752	0.99997	0.00102	-0.00155	-0.00103	1.00000		0.31305	3.70373	0.91507	0.13858	-0.17193	4.18735	0.32631	0.99733	-0.07302	0.00300	0.07301	0.99733	0.00242	-0.00317	-0.00219	0.99999	
62	0.31000	0.86907	0.14286	0.57557	0.04859	-0.09517	-0.42925	1.78647	0.99997	0.00749	0.00166	-0.00749	0.99997	0.00085	-0.00165	-0.00086	1.00000		0.27503	3.71379	0.92926	0.13703	-0.16833	4.18952	0.32127	0.99732	-0.07306	0.00294	0.07305	0.99733	0.00239	-0.00310	-0.00217	0.99999	
63	0.31500	0.84114	0.14751	0.57461	0.04593	-0.08698	-0.42758	1.77391	0.99997	0.00746	0.00152	-0.00746	0.99997	0.00080	-0.00151	-0.00081	1.00000		0.25943	3.71612	0.92796	0.13379	-0.16556	4.18646	0.32582	0.99733	-0.07300	0.00289	0.07300	0.99733	0.00234	-0.00305	-0.00212	0.99999	
64	0.32000	0.86301	0.15137	0.55118	0.03952	-0.08560	-0.43142	1.79789	0.99997	0.00753	0.00149	-0.00753	0.99997	0.00069	-0.00149	-0.00070	1.00000		0.24403	3.71647	0.94180	0.13159	-0.16431	4.18812	0.33259	0.99733	-0.07303	0.00287	0.07302	0.99733	0.00230	-0.00303	-0.00208	0.99999	
65	0.32500	0.81949	0.16410	0.57160	0.03688	-0.08200	-0.43160	1.80260	0.99997	0.00753	0.00143	-0.00753	0.99997	0.00064	-0.00143	-0.00065	1.00000		0.28423	3.73663	0.95201	0.13046	-0.16706	4.18528	0.32719	0.99733	-0.07298	0.00292	0.07298	0.99733	0.00228	-0.00307	-0.00206	0.99999	
66	0.33000	0.83234	0.16989	0.57278	0.03204	-0.08372	-0.43201	1.80250	0.99997	0.00754	0.00146	-0.00754	0.99997	0.00056	-0.00146	-0.00057	1.00000		0.27116	3.72027	0.94318	0.12432	-0.16487	4.18372	0.31465	0.99733	-0.07295	0.00288	0.07295	0.99733	0.00217	-0.00303	-0.00195	0.99999	
67	0.33500	0.80632	0.16719	0.58076	0.02373	-0.08270	-0.42805	1.80909	0.99997	0.00747	0.00144	-0.00747	0.99997	0.00041	-0.00144	-0.00043	1.00000		0.27150	3.73779	0.98349	0.12242	-0.16537	4.18824	0.32905	0.99733	-0.07303	0.00289	0.07303	0.99733	0.00214	-0.00303	-0.00192	0.99999	
68	0.34000	0.78285	0.16067	0.59612	0.01876	-0.07625	-0.43030	1.78551	0.99997	0.00751	0.00133	-0.00751	0.99997	0.00033	-0.00133	-0.00034	1.00000		0.26175	3.74054	0.99136	0.11847	-0.16520	4.18394	0.33229	0.99733	-0.07296	0.00288	0.07295	0.99733	0.00207	-0.00303	-0.00185	0.99999	
69	0.34500	0.77703	0.16706	0.59120	0.01404	-0.07295	-0.42761	1.79710	0.99997	0.00746	0.00127	-0.00746	0.99997	0.00025	-0.00127	-0.00025	1.00000		0.23994	3.76134	0.99710	0.11688	-0.16099	4.18228	0.33130	0.99733	-0.07293	0.00281	0.07292	0.99734	0.00204	-0.00295	-0.00183	0.99999	
70	0.35000	0.79954	0.17753	0.60465	0.00694	-0.07828	-0.42662	1.78536	0.99997	0.00745	0.00137	-0.00745	0.99997	0.00012	-0.00137	-0.00013	1.00000		0.26842	3.75255	1.00481	0.10994	-0.16492	4.18516	0.33032	0.99733	-0.07298	0.00288	0.07297	0.99733	0.00192	-0.00301	-0.00170	0.99999	
71	0.35500	0.75201	0.19484	0.60867	0.00581	-0.07011	-0.43138	1.77579	0.99997	0.00753	0.00122	-0.00753	0.99997	0.00010	-0.00122	-0.00011	1.00000		0.25200	3.74560	1.00991	0.10399	-0.16169	4.18533	0.32703	0.99733	-0.07298	0.00282	0.07298	0.99733	0.00182	-0.00295	-0.00160	0.99999	
72	0.36000	0.77051	0.18299	0.62304	-0.00465	-0.07342	-0.42248	1.79366	0.99997	0.00737	0.00128	-0.00737	0.99997	-0.00008	-0.00128	0.00007	1.00000		0.24418	3.74783	1.03151	0.09810	-0.15960	4.18511	0.32501	0.99733	-0.07298	0.00279	0.07297	0.99733	0.00171	-0.00290	-0.00150	0.99999	
73	0.36500	0.73644	0.18011	0.61980	-0.00909	-0.06674	-0.43006	1.78350	0.99997	0.00751	0.00116	-0.00751	0.99997	-0.00016	-0.00117	0.00015	1.00000		0.25437	3.77068	1.03925	0.09587	-0.16037	4.18469	0.32549	0.99733	-0.07297	0.00280	0.07297	0.99733	0.00167	-0.00291	-0.00146	0.99999	
74	0.37000	0.74158	0.18424	0.61981	-0.01341	-0.06844	-0.42718	1.78769	0.99997	0.00746	0.00119	-0.00746	0.99997	-0.00023	-0.00120	0.00023	1.00000		0.24985	3.78452	1.03456	0.09181	-0.15547	4.18319	0.32980	0.99733	-0.07295	0.00271	0.07294	0.99733	0.00160	-0.00282	-0.00140	1.00000	
75	0.37500	0.71261	0.20117	0.63810	-0.01586	-0.06540	-0.42827	1.77343	0.99997	0.00747	0.00114	-0.00747	0.99997	-0.00028	-0.00114	0.00027	1.00000		0.25730	3.77259	1.04883	0.08370	-0.15614	4.18256	0.32598	0.99733	-0.07293	0.00273	0.07293	0.99734	0.00146	-0.00282	-0.00126	1.00000	
76	0.38000	0.72014	0.19427	0.64846	-0.02120	-0.06165	-0.42820	1.78867	0.99997	0.00747	0.00108	-0.00747	0.99997	-0.00037	-0.00108	0.00036	1.00000		0.24587	3.80759	1.05553	0.08028	-0.15279	4.18343	0.34060	0.99733	-0.07295	0.00267	0.07295	0.99733	0.00140	-0.00276	-0.00120	1.00000	
77	0.38500	0.72135	0.19065	0.63185	-0.02586	-0.06579	-0.43143	1.78218	0.99997	0.00753	0.00115	-0.00753	0.99997	-0.00045	-0.00115	0.00044	1.00000		0.26026	3.80636	1.06226	0.07481	-0.15296	4.18281	0.32328	0.99733	-0.07294	0.00267	0.07294	0.99734	0.00131	-0.00276	-0.00111	1.00000	
78	0.39000	0.71190	0.20697	0.66125	-0.02865	-0.05853	-0.43072	1.77283	0.99997	0.00752	0.00102	-0.00752	0.99997	-0.00050	-0.00103	0.00049	1.00000		0.22449	3.82384	1.08330	0.06959	-0.14925	4.18241	0.33097	0.99733	-0.07293	0.00260	0.07293	0.99734	0.00121	-0.00269	-0.00102	1.00000	
79	0.39500	0.65934	0.21758	0.66646	-0.03014	-0.04980	-0.43039	1.77486	0.99997	0.00751	0.00087	-0.00751	0.99997	-0.00053	-0.00087	0.00052	1.00000		0.23909	3.81944	1.08654	0.06281	-0.14768	4.18176	0.31951	0.99733	-0.07292	0.00258	0.07292	0.99734	0.00110	-0.00265	-0.00091	1.00000	
80	0.40000	0.67518	0.23611	0.65058	-0.03294	-0.04964	-0.43127	1.78048	0.99997	0.00753	0.00087	-0.00753	0.99997	-0.00057	-0.00087	0.00057	1.00000		0.23611	3.84132	1.08279	0.05829	-0.14286	4.17790	0.33309	0.99734	-0.07285	0.00249	0.07285	0.99734	0.00102	-0.00256	-0.00083	1.00000	
81	0.40500	0.64610	0.23205	0.66668	-0.03840	-0.04345	-0.43207	1.76177	0.99997	0.00754	0.00076	-0.00754	0.99997	-0.00067	-0.00076	0.00066	1.00000		0.23060	3.85806	1.10429	0.05202	-0.14060	4.17979	0.32853	0.99734	-0.07289	0.00245	0.07288	0.99734	0.00091	-0.00251	-0.00073	1.00000	
82	0.41000	0.60174	0.22139	0.66830	-0.04003	-0.03784	-0.43671	1.76305	0.99997	0.00762	0.00066	-0.00762	0.99997	-0.00070	-0.00067	0.00069	1.00000		0.22455	3.86253	1.09239	0.04363	-0.13844	4.18080	0.33570	0.99734	-0.07290	0.00242	0.07290	0.99734	0.00076	-0.00247	-0.00058	1.00000	
83	0.41500	0.64950	0.22738	0.67339	-0.04444	-0.04158	-0.43468	1.75854	0.99997	0.00759	0.00073	-0.00759	0.99997	-0.00078	-0.00073	0.00077	1.00000		0.21307	3.86346	1.10409	0.03749	-0.13575	4.18061	0.32600	0.99734	-0.07290	0.00237	0.07290	0.99734	0.00065	-0.00241	-0.00048	1.00000	
84	0.42000	0.63566	0.21813	0.68691	-0.04916	-0.03661	-0.43974	1.76053	0.99997	0.00767	0.00064	-0.00767	0.99997	-0.00086	-0.00065	0.00085	1.00000		0.22614	3.88078	1.11940	0.03105	-0.13677	4.17819	0.32340	0.99734	-0.07286	0.00239	0.07286	0.99734	0.00054	-0.00242	-0.00037	1.00000	
85	0.42500	0.60196	0.24234	0.68704	-0.04943	-0.03498	-0.43814	1.75972	0.99997	0.00765	0.00061	-0.00765	0.99997	-0.00086	-0.00062	0.00086	1.00000		0.24012	3.88920	1.12230	0.02340	-0.13462	4.17794	0.33763	0.99734	-0.07285	0.00235	0.07285	0.99734	0.00041	-0.00237	-0.00024	1.00000	
86	0.43000	0.66304	0.22640	0.69414	-0.05236	-0.03898	-0.43854	1.73528	0.99997	0.00765	0.00068	-0.00765	0.99997	-0.00091	-0.00069	0.00091	1.00000		0.21917	3.86643	1.12480	0.01319	-0.13069	4.17814	0.32705	0.99734	-0.07286	0.00228	0.07286	0.99734	0.00023	-0.00229	-0.00006	1.00000	
87	0.43500	0.59048	0.24180	0.72457	-0.05633	-0.02756	-0.43598	1.74603	0.99997	0.00761	0.00048	-0.00761	0.99997	-0.00098	-0.00049	0.00098	1.00000		0.19563	3.88685	1.14683	0.00877	-0.12898	4.17848	0.32800	0.99734	-0.07286	0.00225	0.07286	0.99734	0.00015	-0.00226	0.00001	1.00000	
88	0.44000	0.56163	0.23230	0.72180	-0.05835	-0.02309	-0.44327	1.73422	0.99997	0.00774	0.00040	-0.00774	0.99997	-0.00102	-0.00041	0.00102	1.00000		0.21308	3.90134	1.15811	0.00038	-0.12710	4.17640	0.32325	0.99734	-0.07283	0.00222	0.07283	0.99734	0.00001	-0.00221	0.00015	1.00000	
89	0.44500	0.55218	0.24739	0.71323	-0.06035	-0.02230	-0.44240	1.71874	0.99997	0.00772	0.00039	-0.00772	0.99997	-0.00105	-0.00040	0.00105	1.00000		0.18778	3.91134	1.14534	-0.00452	-0.12213	4.17512	0.33653	0.99734	-0.07280	0.00213	0.07281	0.99735	-0.00008	-0.00212	0.00023	1.00000	
90	0.45000	0.53269	0.25551	0.72424	-0.06013	-0.01659	-0.44178	1.73007	0.99997	0.00771	0.00029	-0.00771	0.99997	-0.00105	-0.00030	0.00105	1.00000		0.20698	3.90406	1.16702	-0.01366	-0.12242	4.17814	0.31639	0.99734	-0.07286	0.00214	0.07286	0.99734	-0.00024	-0.00211	0.00039	1.00000	
91	0.45500	0.52908	0.24170	0.73403	-0.06232	-0.01518	-0.44587	1.70969	0.99997	0.00778	0.00027	-0.00778	0.99997	-0.00109	-0.00027	0.00109	1.00000		0.17342	3.91755	1.15454	-0.01965	-0.11948	4.17609	0.31567	0.99734	-0.07282	0.00209	0.07282	0.99734	-0.00034	-0.00205	0.00049	1.00000	
92	0.46000	0.55068	0.24070	0.74898	-0.06506	-0.01525	-0.44232	1.71367	0.99997	0.00772	0.00027	-0.00772	0.99997	-0.00114	-0.00027	0.00113	1.00000		0.15965	3.90969	1.18003	-0.02873	-0.11622	4.17697	0.32357	0.99734	-0.07284	0.00203	0.07284	0.99734	-0.00050	-0.00199	0.00065	1.00000	
93	0.46500	0.52807	0.26038	0.73707	-0.06518	-0.01154	-0.44678	1.71743	0.99997	0.00780	0.00020	-0.00780	0.99997	-0.00114	-0.00021	0.00114	1.00000		0.21905	3.94752	1.18352	-0.03031	-0.11959	4.17551	0.30483	0.99734	-0.07281	0.00209	0.07281	0.99735	-0.00053	-0.00204	0.00068	1.00000	
94	0.47000	0.52179	0.24828	0.75333	-0.06694	-0.00879	-0.44799	1.71124	0.99997	0.00782	0.00015	-0.00782	0.99997	-0.00117	-0.00016	0.00117	1.00000		0.17946	3.94454	1.19201	-0.03911	-0.11239	4.17383	0.32248	0.99735	-0.07278	0.00196	0.07278	0.99735	-0.00068	-0.00191	0.00082	1.00000	
95	0.47500	0.50685	0.26492	0.76509	-0.06568	-0.00615	-0.44948	1.69614	0.99997	0.00784	0.00011	-0.00784	0.99997	-0.00115	-0.00012	0.00115	1.00000		0.16844	3.94217	1.20230	-0.04578	-0.10979	4.17363	0.31385	0.99735	-0.07278	0.00192	0.07278	0.99735	-0.00080	-0.00185	0.00094	1.00000	
96	0.48000	0.49808	0.26865	0.75479	-0.06542	-0.00633	-0.45272	1.70109	0.99997	0.00790	0.00011	-0.00790	0.99997	-0.00114	-0.00012	0.00114	1.00000		0.13428	3.97383	1.20121	-0.05012	-0.10943	4.17304	0.31757	0.99735	-0.07277	0.00191	0.07277	0.99735	-0.00087	-0.00184	0.00101	1.00000	
97	0.48500	0.52604	0.26995	0.76450	-0.06523	-0.00388	-0.45185	1.67949	0.99997	0.00789	0.00007	-0.00789	0.99997	-0.00114	-0.00008	0.00114	1.00000		0.11794	3.97725	1.21279	-0.05539	-0.10453	4.17041	0.32321	0.99735	-0.07272	0.00182	0.07272	0.99735	-0.00097	-0.00175	0.00110	1.00000	
98	0.49000	0.48977	0.26743	0.76858	-0.06716	0.00208	-0.45022	1.68605	0.99997	0.00786	-0.00004	-0.00786	0.99997	-0.00117	0.00003	0.00117	1.00000		0.13149	3.99167	1.20520	-0.05966	-0.10407	4.17122	0.31748	0.99735	-0.07274	0.00182	0.07274	0.99735	-0.00104	-0.00174	0.00117	1.00000	
99	0.49500	0.47608	0.26369	0.77681	-0.06930	0.00300	-0.44916	1.67569	0.99997	0.00784	-0.00005	-0.00784	0.99997	-0.00121	0.00004	0.00121	1.00000		0.13153	3.99764	1.21504	-0.06535	-0.10118	4.17304	0.32353	0.99735	-0.07277	0.00177	0.07277	0.99735	-0.00114	-0.00168	0.00127	1.00000	
100	0.50000	0.41741	0.27237	0.78373	-0.06476	0.01108	-0.45345	1.67317	0.99997	0.00791	-0.00019	-0.00791	0.99997	-0.00113	0.00018	0.00113	1.00000		0.12469	4.00155	1.24635	-0.06964	-0.09968	4.17096	0.31984	0.99735	-0.07273	0.00174	0.07273	0.99735	-0.00122	-0.00165	0.00134	1.00000	
101	0.50500	0.42231	0.27711	0.78362	-0.06588	0.01129	-0.45003	1.67765	0.99997	0.00785	-0.00020	-0.00785	0.99997	-0.00115	0.00019	0.00115	1.00000		0.12949	4.02189	1.25322	-0.07443	-0.10091	4.17208	0.32409	0.99735	-0.07275	0.00176	0.07275	0.99735	-0.00130	-0.00166	0.00142	1.00000	
102	0.51000	0.44164	0.26016	0.78711	-0.06696	0.00976	-0.45736	1.65396	0.99997	0.00798	-0.00017	-0.00798	0.99997	-0.00117	0.00016	0.00117	1.00000		0.08598	4.01361	1.24094	-0.08183	-0.09815	4.17058	0.30964	0.99735	-0.07273	0.00171	0.07273	0.99735	-0.00143	-0.00160	0.00155	1.00000	
103	0.51500	0.43609	0.27316	0.77659	-0.06071	0.01623	-0.46060	1.66775	0.99997	0.00804	-0.00028	-0.00804	0.99997	-0.00106	0.00027	0.00106	1.00000		0.17001	4.01949	1.24448	-0.08514	-0.10314	4.17200	0.31359	0.99735	-0.07275	0.00180	0.07275	0.99735	-0.00149	-0.00169	0.00161	1.00000	
104	0.52000	0.41227	0.27042	0.79288	-0.06365	0.01374	-0.45819	1.64871	0.99997	0.00800	-0.00024	-0.00800	0.99997	-0.00111	0.00023	0.00111	1.00000		0.10042	4.02091	1.25532	-0.09092	-0.09923	4.17246	0.31306	0.99735	-0.07276	0.00173	0.07276	0.99735	-0.00159	-0.00161	0.00171	1.00000	
105	0.52500	0.41398	0.27127	0.79196	-0.06237	0.01655	-0.45447	1.65278	0.99997	0.00793	-0.00029	-0.00793	0.99997	-0.00109	0.00028	0.00109	1.00000		0.10907	4.03413	1.26316	-0.09353	-0.10015	4.16992	0.31293	0.99735	-0.07271	0.00175	0.07272	0.99735	-0.00163	-0.00162	0.00176	1.00000	
106	0.53000	0.39427	0.25852	0.80151	-0.06186	0.02066	-0.46181	1.65540	0.99997	0.00806	-0.00036	-0.00806	0.99997	-0.00108	0.00035	0.00108	1.00000		0.08184	4.04959	1.27810	-0.09424	-0.09506	4.17062	0.33084	0.99735	-0.07273	0.00166	0.07273	0.99735	-0.00164	-0.00154	0.00176	1.00000	
107	0.53500	0.39800	0.27365	0.79587	-0.05898	0.02346	-0.46115	1.64257	0.99997	0.00805	-0.00041	-0.00805	0.99997	-0.00103	0.00040	0.00103	1.00000		0.09256	4.04756	1.27537	-0.10012	-0.09468	4.16799	0.32907	0.99735	-0.07268	0.00165	0.07268	0.99735	-0.00175	-0.00152	0.00186	1.00000	
108	0.54000	0.36830	0.29047	0.81362	-0.05290	0.02892	-0.46500	1.63722	0.99997	0.00812	-0.00050	-0.00812	0.99997	-0.00092	0.00050	0.00093	1.00000		0.09520	4.04300	1.28366	-0.10273	-0.09634	4.17155	0.32500	0.99735	-0.07274	0.00168	0.07275	0.99735	-0.00179	-0.00155	0.00191	1.00000	
109	0.54500	0.36538	0.29249	0.79330	-0.05031	0.02450	-0.46713	1.63120	0.99997	0.00815	-0.00043	-0.00815	0.99997	-0.00088	0.00042	0.00088	1.00000		0.08059	4.07851	1.29609	-0.10106	-0.09818	4.16892	0.32058	0.99735	-0.07270	0.00171	0.07270	0.99735	-0.00176	-0.00158	0.00188	1.00000	
110	0.55000	0.33663	0.27932	0.79583	-0.05093	0.02699	-0.46616	1.63470	0.99997	0.00814	-0.00047	-0.00814	0.99997	-0.00089	0.00046	0.00089	1.00000		0.07789	4.07839	1.30799	-0.10247	-0.09410	4.17057	0.33017	0.99735	-0.07273	0.00164	0.07273	0.99735	-0.00179	-0.00151	0.00190	1.00000	
111	0.55500	0.32051	0.27766	0.80626	-0.04992	0.02988	-0.46310	1.62252	0.99997	0.00808	-0.00052	-0.00808	0.99997	-0.00087	0.00051	0.00088	1.00000		0.04867	4.08815	1.31053	-0.10269	-0.09556	4.17057	0.32139	0.99735	-0.07273	0.00167	0.07273	0.99735	-0.00179	-0.00153	0.00191	1.00000	
112	0.56000	0.34145	0.26694	0.80440	-0.04978	0.02959	-0.46417	1.63635	0.99997	0.00810	-0.00052	-0.00810	0.99997	-0.00087	0.00051	0.00087	1.00000		0.06300	4.11060	1.32108	-0.10299	-0.09594	4.16706	0.33152	0.99736	-0.07266	0.00167	0.07267	0.99735	-0.00180	-0.00154	0.00191	1.00000	
113	0.56500	0.28867	0.28269	0.80639	-0.04427	0.03544	-0.46785	1.61885	0.99997	0.00817	-0.00062	-0.00817	0.99997	-0.00077	0.00061	0.00078	1.00000		0.02821	4.09611	1.32559	-0.10517	-0.09337	4.17279	0.32003	0.99735	-0.07276	0.00163	0.07277	0.99735	-0.00184	-0.00149	0.00195	1.00000	
114	0.57000	0.30961	0.27134	0.81484	-0.04195	0.03577	-0.46767	1.61943	0.99997	0.00816	-0.00062	-0.00816	0.99997	-0.00073	0.00062	0.00074	1.00000		0.01951	4.10813	1.33604	-0.10330	-0.09502	4.17199	0.31562	0.99735	-0.07275	0.00166	0.07275	0.99735	-0.00180	-0.00152	0.00192	1.00000	
115	0.57500	0.28597	0.27904	0.80632	-0.03797	0.03594	-0.47038	1.61410	0.99997	0.00821	-0.00063	-0.00821	0.99997	-0.00066	0.00062	0.00067	1.00000		0.01926	4.10801	1.33817	-0.10336	-0.09500	4.17199	0.31525	0.99735	-0.07275	0.00166	0.07275	0.99735	-0.00180	-0.00152	0.00192	1.00000	
116	0.58000	0.30776	0.26698	0.80519	-0.03697	0.03807	-0.47001	1.60499	0.99997	0.00820	-0.00066	-0.00820	0.99997	-0.00065	0.00066	0.00065	1.00000		0.02295	4.11370	1.34966	-0.10238	-0.09897	4.17148	0.30931	0.99735	-0.07274	0.00173	0.07274	0.99735	-0.00179	-0.00159	0.00191	1.00000	
117	0.58500	0.24912	0.25749	0.80614	-0.03727	0.03832	-0.46759	1.61361	0.99997	0.00816	-0.00067	-0.00816	0.99997	-0.00065	0.00066	0.00066	1.00000		-0.00159	4.12721	1.34947	-0.10120	-0.09633	4.17102	0.32513	0.99735	-0.07273	0.00168	0.07274	0.99735	-0.00177	-0.00155	0.00188	1.00000	
118	0.59000	0.27896	0.26848	0.79537	-0.03160	0.03695	-0.47007	1.62643	0.99997	0.00820	-0.00064	-0.00820	0.99997	-0.00055	0.00064	0.00056	1.00000		-0.00919	4.12555	1.36069	-0.10003	-0.09868	4.17115	0.31503	0.99735	-0.07274	0.00172	0.07274	0.99735	-0.00175	-0.00159	0.00187	1.00000	
119	0.59500	0.24631	0.28182	0.79546	-0.02604	0.04047	-0.47040	1.60390	0.99997	0.00821	-0.00071	-0.00821	0.99997	-0.00045	0.00070	0.00046	1.00000		-0.07438	4.12717	1.37629	-0.09949	-0.09607	4.17309	0.32418	0.99735	-0.07277	0.00168	0.07277	0.99735	-0.00174	-0.00155	0.00185	1.00000	
120	0.60000	0.23977	0.26744	0.79798	-0.02657	0.04253	-0.47122	1.61728	0.99997	0.00822	-0.00074	-0.00822	0.99997	-0.00046	0.00074	0.00047	1.00000		-0.03117	4.12814	1.38202	-0.09573	-0.10039	4.17333	0.32327	0.99735	-0.07277	0.00175	0.07278	0.99735	-0.00167	-0.00163	0.00179	1.00000	
121	0.60500	0.23007	0.25643	0.78019	-0.02435	0.04234	-0.46528	1.61793	0.99997	0.00812	-0.00074	-0.00812	0.99997	-0.00043	0.00074	0.00043	1.00000		-0.03655	4.12720	1.38403	-0.09376	-0.10145	4.17228	0.32431	0.99735	-0.07276	0.00177	0.07276	0.99735	-0.00164	-0.00165	0.00176	1.00000	
122	0.61000	0.21274	0.28191	0.77831	-0.01543	0.04242	-0.46968	1.61242	0.99997	0.00820	-0.00074	-0.00820	0.99997	-0.00027	0.00074	0.00028	1.00000		-0.06025	4.15583	1.39363	-0.08764	-0.10048	4.17236	0.31793	0.99735	-0.07276	0.00175	0.07276	0.99735	-0.00153	-0.00164	0.00165	1.00000	
123	0.61500	0.22139	0.27884	0.77067	-0.00900	0.04421	-0.47347	1.60929	0.99997	0.00826	-0.00077	-0.00826	0.99997	-0.00016	0.00077	0.00016	1.00000		-0.09021	4.13678	1.40479	-0.08639	-0.09963	4.17432	0.30990	0.99735	-0.07279	0.00174	0.07279	0.99735	-0.00151	-0.00162	0.00163	1.00000	
124	0.62000	0.18165	0.29025	0.77247	-0.00538	0.04877	-0.46618	1.61356	0.99997	0.00814	-0.00085	-0.00814	0.99997	-0.00009	0.00085	0.00010	1.00000		-0.09803	4.13647	1.40734	-0.08365	-0.10212	4.17220	0.31764	0.99735	-0.07275	0.00178	0.07276	0.99735	-0.00146	-0.00167	0.00159	1.00000	
125	0.62500	0.13294	0.28965	0.76471	0.00063	0.05282	-0.46993	1.62107	0.99997	0.00820	-0.00092	-0.00820	0.99997	0.00001	0.00092	-0.00000	1.00000		-0.12369	4.13363	1.40828	-0.08044	-0.10005	4.17390	0.33298	0.99735	-0.07278	0.00175	0.07279	0.99735	-0.00140	-0.00164	0.00153	1.00000	
126	0.63000	0.13494	0.27414	0.76461	0.00018	0.05425	-0.46854	1.61833	0.99997	0.00818	-0.00095	-0.00818	0.99997	0.00000	0.00095	0.00000	1.00000		-0.15153	4.13663	1.43724	-0.07485	-0.10104	4.17347	0.32451	0.99735	-0.07278	0.00176	0.07278	0.99735	-0.00131	-0.00166	0.00143	1.00000	
127	0.63500	0.13846	0.29596	0.76900	0.00820	0.05133	-0.46716	1.63008	0.99997	0.00815	-0.00090	-0.00815	0.99997	0.00014	0.00090	-0.00014	1.00000		-0.14948	4.11892	1.43239	-0.07195	-0.10350	4.17819	0.31107	0.99734	-0.07286	0.00181	0.07286	0.99734	-0.00126	-0.00171	0.00138	1.00000	
128	0.64000	0.13066	0.27118	0.73537	0.00906	0.05199	-0.46822	1.62552	0.99997	0.00817	-0.00091	-0.00817	0.99997	0.00016	0.00091	-0.00015	1.00000		-0.14966	4.12600	1.43100	-0.06686	-0.10897	4.17880	0.31197	0.99734	-0.07287	0.00190	0.07287	0.99734	-0.00117	-0.00181	0.00130	1.00000	
129	0.64500	0.17022	0.27386	0.76003	0.01297	0.05358	-0.46814	1.62000	0.99997	0.00817	-0.00094	-0.00817	0.99997	0.00023	0.00094	-0.00022	1.00000		-0.17862	4.14038	1.44979	-0.05777	-0.10629	4.17955	0.31809	0.99734	-0.07288	0.00186	0.07288	0.99734	-0.00101	-0.00178	0.00114	1.00000	
130	0.65000	0.12879	0.26470	0.74530	0.01359	0.05006	-0.47074	1.62818	0.99997	0.00822	-0.00087	-0.00822	0.99997	0.00024	0.00088	-0.00023	1.00000		-0.18308	4.13525	1.47040	-0.05405	-0.10969	4.17928	0.31606	0.99734	-0.07288	0.00191	0.07288	0.99734	-0.00094	-0.00184	0.00108	1.00000	
131	0.65500	0.08399	0.26325	0.72619	0.01973	0.05533	-0.46997	1.62632	0.99997	0.00820	-0.00097	-0.00820	0.99997	0.00034	0.00097	-0.00034	1.00000		-0.21378	4.14151	1.45768	-0.04508	-0.10719	4.17792	0.32146	0.99734	-0.07285	0.00187	0.07286	0.99734	-0.00079	-0.00181	0.00092	1.00000	
132	0.66000	0.10975	0.26518	0.73742	0.02475	0.05096	-0.46606	1.62553	0.99997	0.00813	-0.00089	-0.00813	0.99997	0.00043	0.00089	-0.00042	1.00000		-0.20666	4.14718	1.46288	-0.03909	-0.10871	4.18146	0.33049	0.99734	-0.07292	0.00190	0.07292	0.99734	-0.00068	-0.00184	0.00082	1.00000	
133	0.66500	0.07611	0.27465	0.72426	0.02950	0.05901	-0.46613	1.63530	0.99997	0.00814	-0.00103	-0.00813	0.99997	0.00051	0.00103	-0.00051	1.00000		-0.23672	4.14038	1.44806	-0.03290	-0.10805	4.18121	0.31562	0.99734	-0.07291	0.00189	0.07291	0.99734	-0.00057	-0.00184	0.00071	1.00000	
134	0.67000	0.03888	0.27609	0.70754	0.03370	0.06308	-0.46203	1.62540	0.99997	0.00806	-0.00110	-0.00806	0.99997	0.00059	0.00111	-0.00058	1.00000		-0.22430	4.14109	1.47176	-0.02487	-0.11099	4.18189	0.32836	0.99734	-0.07292	0.00194	0.07292	0.99734	-0.00043	-0.00190	0.00057	1.00000	
135	0.67500	0.06750	0.26099	0.68950	0.03483	0.05235	-0.46233	1.63331	0.99997	0.00807	-0.00091	-0.00807	0.99997	0.00061	0.00092	-0.00060	1.00000		-0.23719	4.14608	1.47065	-0.01582	-0.11481	4.18114	0.30975	0.99734	-0.07291	0.00200	0.07291	0.99734	-0.00028	-0.00198	0.00042	1.00000	
136	0.68000	0.07454	0.27896	0.66910	0.04291	0.05258	-0.46692	1.63369	0.99997	0.00815	-0.00092	-0.00815	0.99997	0.00075	0.00092	-0.00074	1.00000		-0.28592	4.13254	1.49492	-0.01215	-0.11077	4.18447	0.32912	0.99733	-0.07297	0.00193	0.07297	0.99733	-0.00021	-0.00191	0.00035	1.00000	
137	0.68500	0.02145	0.28032	0.66477	0.04768	0.05637	-0.46532	1.63142	0.99997	0.00812	-0.00098	-0.00812	0.99997	0.00083	0.00099	-0.00082	1.00000		-0.28638	4.13306	1.47472	-0.00657	-0.11291	4.18529	0.33175	0.99733	-0.07298	0.00197	0.07298	0.99733	-0.00011	-0.00196	0.00026	1.00000	
138	0.69000	0.02969	0.26765	0.64160	0.05051	0.05203	-0.46628	1.64917	0.99997	0.00814	-0.00091	-0.00814	0.99997	0.00088	0.00092	-0.00087	1.00000		-0.27860	4.13006	1.47875	0.00344	-0.11335	4.18982	0.31511	0.99733	-0.07306	0.00198	0.07306	0.99733	0.00006	-0.00198	0.00008	1.00000	
139	0.69500	0.02239	0.27175	0.62666	0.05376	0.05533	-0.46086	1.66225	0.99997	0.00804	-0.00097	-0.00804	0.99997	0.00094	0.00097	-0.00093	1.00000		-0.31585	4.11582	1.49266	0.01016	-0.11384	4.18609	0.32462	0.99733	-0.07300	0.00199	0.07300	0.99733	0.00018	-0.00199	-0.00003	1.00000	
140	0.70000	-0.00489	0.25932	0.62107	0.05676	0.06021	-0.45834	1.65686	0.99997	0.00800	-0.00105	-0.00800	0.99997	0.00099	0.00106	-0.00098	1.00000		-0.28742	4.13033	1.50761	0.01926	-0.11901	4.18775	0.30645	0.99733	-0.07302	0.00208	0.07302	0.99733	0.00034	-0.00210	-0.00018	1.00000	
141	0.70500	0.00176	0.27100	0.58198	0.06286	0.05577	-0.46182	1.66082	0.99997	0.00806	-0.00097	-0.00806	0.99997	0.00110	0.00098	-0.00109	1.00000		-0.32746	4.12898	1.49371	0.02813	-0.11665	4.19044	0.32105	0.99732	-0.07307	0.00204	0.07307	0.99733	0.00049	-0.00207	-0.00034	1.00000	
