NO_OF_FRAMES	12041
NO_OF_CAMERAS	8
NO_OF_BODIES	2
FREQUENCY	200
NO_OF_ANALOG	0
ANALOG_FREQUENCY	0
DESCRIPTION	--
TIME_STAMP	2013-07-05, 12:38:55	187148.89813893
DATA_INCLUDED	6D
BODY_NAMES	Ice 2 V2	Ice 3
Frame	Time	Ice 2 V2 X	Y	Z	Roll	Pitch	Yaw	Residual	Rot[0]	Rot[1]	Rot[2]	Rot[3]	Rot[4]	Rot[5]	Rot[6]	Rot[7]	Rot[8]	Ice 3 X	Y	Z	Roll	Pitch	Yaw	Residual	Rot[0]	Rot[1]	Rot[2]	Rot[3]	Rot[4]	Rot[5]	Rot[6]	Rot[7]	Rot[8]	
1	0.00500	-0.01499	-13.02712	1.08438	0.15257	0.07528	-0.85624	0.15119	0.99989	0.01494	-0.00131	-0.01494	0.99988	0.00266	0.00135	-0.00264	1.00000		2.04475	7.18881	-0.29777	0.12855	-0.10205	5.55680	0.35896	0.99530	-0.09683	0.00178	0.09683	0.99530	0.00224	-0.00199	-0.00206	1.00000	
2	0.01000	-0.02599	-13.03011	1.12465	0.15256	0.07157	-0.85368	0.15895	0.99989	0.01490	-0.00125	-0.01490	0.99989	0.00266	0.00129	-0.00264	1.00000		2.12496	7.21548	-0.21688	0.13169	-0.10799	5.55362	0.36249	0.99530	-0.09678	0.00188	0.09677	0.99530	0.00230	-0.00210	-0.00211	1.00000	
3	0.01500	-0.01532	-13.01963	1.15758	0.15834	0.07463	-0.85673	0.15228	0.99989	0.01495	-0.00130	-0.01495	0.99988	0.00276	0.00134	-0.00274	1.00000		2.13186	7.22844	-0.18462	0.13184	-0.10385	5.55046	0.35595	0.99531	-0.09672	0.00181	0.09672	0.99531	0.00230	-0.00203	-0.00212	1.00000	
4	0.02000	-0.02942	-13.00541	1.20351	0.16293	0.07354	-0.85169	0.15218	0.99989	0.01486	-0.00128	-0.01486	0.99989	0.00284	0.00133	-0.00282	1.00000		2.08578	7.21398	-0.13752	0.12847	-0.09930	5.55104	0.34775	0.99531	-0.09673	0.00173	0.09673	0.99531	0.00224	-0.00194	-0.00206	1.00000	
5	0.02500	-0.02429	-13.00575	1.23183	0.16490	0.07570	-0.85329	0.15348	0.99989	0.01489	-0.00132	-0.01489	0.99989	0.00288	0.00136	-0.00286	0.99999		2.09107	7.21372	-0.07563	0.12302	-0.09601	5.54990	0.36317	0.99531	-0.09671	0.00168	0.09671	0.99531	0.00215	-0.00188	-0.00198	1.00000	
6	0.03000	0.00977	-13.03012	1.29116	0.16191	0.06531	-0.85102	0.15596	0.99989	0.01485	-0.00114	-0.01485	0.99989	0.00283	0.00118	-0.00281	1.00000		2.10024	7.20505	-0.04633	0.12063	-0.09295	5.55241	0.35502	0.99531	-0.09676	0.00162	0.09675	0.99531	0.00211	-0.00182	-0.00194	1.00000	
7	0.03500	-0.02732	-13.00057	1.30582	0.17188	0.07427	-0.85501	0.16202	0.99989	0.01492	-0.00130	-0.01492	0.99988	0.00300	0.00134	-0.00298	0.99999		2.07822	7.20880	0.01218	0.11729	-0.08869	5.54821	0.35967	0.99531	-0.09668	0.00155	0.09668	0.99531	0.00205	-0.00174	-0.00189	1.00000	
8	0.04000	0.00561	-13.03186	1.35438	0.16793	0.06885	-0.85398	0.15582	0.99989	0.01490	-0.00120	-0.01490	0.99988	0.00293	0.00125	-0.00291	1.00000		2.05939	7.24027	0.05279	0.11716	-0.08323	5.54856	0.36862	0.99531	-0.09669	0.00145	0.09669	0.99531	0.00204	-0.00164	-0.00189	1.00000	
9	0.04500	0.00906	-13.05021	1.40652	0.16560	0.06400	-0.85114	0.15578	0.99989	0.01485	-0.00112	-0.01485	0.99989	0.00289	0.00116	-0.00287	1.00000		2.06717	7.18411	0.09489	0.10629	-0.08060	5.55051	0.35907	0.99531	-0.09672	0.00141	0.09672	0.99531	0.00186	-0.00158	-0.00171	1.00000	
10	0.05000	-0.01198	-13.03270	1.42366	0.17039	0.06231	-0.84962	0.14708	0.99989	0.01483	-0.00109	-0.01482	0.99989	0.00297	0.00113	-0.00296	1.00000		2.02950	7.18301	0.13891	0.10148	-0.07580	5.54735	0.35499	0.99532	-0.09667	0.00132	0.09667	0.99532	0.00177	-0.00149	-0.00163	1.00000	
11	0.05500	-0.00768	-13.05272	1.46144	0.16863	0.06126	-0.85339	0.15293	0.99989	0.01489	-0.00107	-0.01489	0.99988	0.00294	0.00111	-0.00293	1.00000		2.06276	7.19899	0.20593	0.09920	-0.07571	5.54861	0.35549	0.99531	-0.09669	0.00132	0.09669	0.99531	0.00173	-0.00148	-0.00160	1.00000	
12	0.06000	-0.03000	-13.04830	1.48965	0.17288	0.06317	-0.85516	0.16338	0.99989	0.01492	-0.00110	-0.01492	0.99988	0.00302	0.00115	-0.00300	0.99999		2.01916	7.15816	0.23822	0.09046	-0.06775	5.54966	0.35492	0.99531	-0.09671	0.00118	0.09671	0.99531	0.00158	-0.00133	-0.00146	1.00000	
13	0.06500	-0.02462	-13.04645	1.51926	0.17641	0.05904	-0.85693	0.15529	0.99989	0.01496	-0.00103	-0.01495	0.99988	0.00308	0.00108	-0.00306	0.99999		2.03635	7.18195	0.31195	0.09012	-0.06612	5.54818	0.34566	0.99531	-0.09668	0.00115	0.09668	0.99531	0.00157	-0.00130	-0.00145	1.00000	
14	0.07000	0.00109	-13.08175	1.57245	0.16822	0.05347	-0.85544	0.15627	0.99989	0.01493	-0.00093	-0.01493	0.99988	0.00294	0.00098	-0.00292	1.00000		2.02484	7.18405	0.35985	0.08504	-0.06408	5.54785	0.34977	0.99532	-0.09668	0.00112	0.09668	0.99531	0.00148	-0.00126	-0.00137	1.00000	
15	0.07500	-0.01499	-13.07389	1.58144	0.17040	0.04598	-0.85298	0.15419	0.99989	0.01489	-0.00080	-0.01488	0.99988	0.00297	0.00085	-0.00296	1.00000		2.03658	7.19352	0.40559	0.07868	-0.06224	5.54378	0.33966	0.99532	-0.09661	0.00109	0.09660	0.99532	0.00137	-0.00121	-0.00126	1.00000	
16	0.08000	-0.01259	-13.08319	1.63147	0.17256	0.04842	-0.85558	0.15722	0.99989	0.01493	-0.00085	-0.01493	0.99988	0.00301	0.00089	-0.00300	1.00000		2.02763	7.17926	0.43809	0.07263	-0.05842	5.54560	0.34335	0.99532	-0.09664	0.00102	0.09664	0.99532	0.00127	-0.00114	-0.00116	1.00000	
17	0.08500	-0.03945	-13.08352	1.66369	0.17259	0.04976	-0.85771	0.16278	0.99989	0.01497	-0.00087	-0.01497	0.99988	0.00301	0.00091	-0.00300	1.00000		2.02175	7.15665	0.49213	0.06404	-0.05376	5.54536	0.33290	0.99532	-0.09663	0.00094	0.09663	0.99532	0.00112	-0.00104	-0.00102	1.00000	
18	0.09000	-0.07430	-13.09455	1.69814	0.17336	0.04995	-0.86085	0.16898	0.99989	0.01502	-0.00087	-0.01502	0.99988	0.00303	0.00092	-0.00301	1.00000		2.04449	7.16870	0.54534	0.06078	-0.05638	5.54455	0.36428	0.99532	-0.09662	0.00098	0.09662	0.99532	0.00106	-0.00108	-0.00096	1.00000	
19	0.09500	-0.07225	-13.10013	1.72492	0.17439	0.04168	-0.85928	0.16310	0.99989	0.01500	-0.00073	-0.01499	0.99988	0.00304	0.00077	-0.00303	1.00000		2.01476	7.18316	0.59372	0.05538	-0.05151	5.54416	0.33185	0.99532	-0.09661	0.00090	0.09661	0.99532	0.00097	-0.00099	-0.00088	1.00000	
20	0.10000	-0.06338	-13.10964	1.74986	0.17297	0.04085	-0.86003	0.17019	0.99989	0.01501	-0.00071	-0.01501	0.99988	0.00302	0.00076	-0.00301	1.00000		1.98205	7.12955	0.62381	0.04294	-0.04651	5.54701	0.33269	0.99532	-0.09666	0.00081	0.09666	0.99532	0.00075	-0.00088	-0.00067	1.00000	
21	0.10500	-0.08213	-13.09801	1.76985	0.17671	0.03883	-0.86014	0.16693	0.99989	0.01501	-0.00068	-0.01501	0.99988	0.00308	0.00072	-0.00307	1.00000		2.00886	7.13544	0.69716	0.03959	-0.04805	5.54602	0.34469	0.99532	-0.09665	0.00084	0.09664	0.99532	0.00069	-0.00090	-0.00061	1.00000	
22	0.11000	-0.07591	-13.12532	1.79468	0.17351	0.02968	-0.86212	0.15517	0.99989	0.01505	-0.00052	-0.01504	0.99988	0.00303	0.00056	-0.00302	1.00000		2.01266	7.15961	0.75091	0.03597	-0.04783	5.54514	0.33971	0.99532	-0.09663	0.00083	0.09663	0.99532	0.00063	-0.00089	-0.00054	1.00000	
23	0.11500	-0.06829	-13.14042	1.81106	0.17465	0.02265	-0.86664	0.17374	0.99989	0.01513	-0.00040	-0.01512	0.99988	0.00305	0.00044	-0.00304	1.00000		2.02071	7.16583	0.79426	0.03063	-0.04671	5.54413	0.31744	0.99532	-0.09661	0.00082	0.09661	0.99532	0.00053	-0.00086	-0.00045	1.00000	
24	0.12000	0.02190	-13.40309	1.55388	0.11399	-0.00442	-0.84913	0.18590	0.99989	0.01482	0.00008	-0.01482	0.99989	0.00199	-0.00005	-0.00199	1.00000		2.31102	7.15040	1.06762	0.02830	-0.08569	5.54866	0.33922	0.99531	-0.09669	0.00150	0.09669	0.99531	0.00049	-0.00154	-0.00035	1.00000	
25	0.12500	0.02958	-13.40429	1.57524	0.11201	-0.01211	-0.84514	0.17181	0.99989	0.01475	0.00021	-0.01475	0.99989	0.00195	-0.00018	-0.00196	1.00000		2.28978	7.12998	1.12402	0.01806	-0.08264	5.54756	0.33803	0.99532	-0.09667	0.00144	0.09667	0.99532	0.00032	-0.00147	-0.00017	1.00000	
26	0.13000	-0.01235	-13.41710	1.60230	0.11155	-0.01290	-0.85187	0.20083	0.99989	0.01487	0.00023	-0.01487	0.99989	0.00195	-0.00020	-0.00195	1.00000		2.30014	7.12151	1.17755	0.01059	-0.08220	5.54562	0.34293	0.99532	-0.09664	0.00143	0.09664	0.99532	0.00018	-0.00145	-0.00005	1.00000	
27	0.13500	0.01220	-13.44005	1.60602	0.11030	-0.02112	-0.84330	0.17644	0.99989	0.01472	0.00037	-0.01472	0.99989	0.00193	-0.00034	-0.00193	1.00000		2.34666	7.14703	1.23911	0.00815	-0.08365	5.54733	0.30784	0.99532	-0.09667	0.00146	0.09667	0.99532	0.00014	-0.00147	-0.00000	1.00000	
28	0.14000	0.00374	-13.44686	1.61046	0.11010	-0.02668	-0.84872	0.18678	0.99989	0.01481	0.00047	-0.01481	0.99989	0.00192	-0.00044	-0.00193	1.00000		2.31311	7.14186	1.28765	0.00126	-0.07907	5.54469	0.33104	0.99532	-0.09662	0.00138	0.09662	0.99532	0.00002	-0.00138	0.00011	1.00000	
29	0.14500	-0.04103	-13.44076	1.64490	0.11220	-0.02540	-0.85398	0.19051	0.99989	0.01490	0.00044	-0.01490	0.99989	0.00196	-0.00041	-0.00196	1.00000		2.33272	7.13110	1.34918	-0.00694	-0.08138	5.54418	0.33271	0.99532	-0.09661	0.00142	0.09661	0.99532	-0.00012	-0.00140	0.00026	1.00000	
30	0.15000	-0.03391	-13.45813	1.64662	0.11408	-0.02848	-0.85250	0.18121	0.99989	0.01488	0.00050	-0.01488	0.99989	0.00199	-0.00047	-0.00200	1.00000		2.31621	7.14997	1.39472	-0.01130	-0.08197	5.54408	0.31600	0.99532	-0.09661	0.00143	0.09661	0.99532	-0.00020	-0.00140	0.00033	1.00000	
31	0.15500	-0.01890	-13.48432	1.64185	0.11117	-0.03499	-0.85405	0.19401	0.99989	0.01491	0.00061	-0.01491	0.99989	0.00194	-0.00058	-0.00195	1.00000		2.32589	7.11747	1.44009	-0.02098	-0.08055	5.54754	0.30014	0.99532	-0.09667	0.00141	0.09667	0.99532	-0.00037	-0.00136	0.00050	1.00000	
32	0.16000	-0.04466	-13.48510	1.66107	0.11162	-0.03654	-0.85417	0.18902	0.99989	0.01491	0.00064	-0.01491	0.99989	0.00195	-0.00061	-0.00196	1.00000		2.29448	7.10194	1.46951	-0.03024	-0.07847	5.54408	0.31320	0.99532	-0.09661	0.00137	0.09661	0.99532	-0.00053	-0.00131	0.00066	1.00000	
33	0.16500	-0.02920	-13.52011	1.67013	0.10900	-0.04704	-0.85464	0.18567	0.99989	0.01492	0.00082	-0.01492	0.99989	0.00190	-0.00079	-0.00191	1.00000		2.31725	7.08824	1.51798	-0.03709	-0.07761	5.54430	0.30768	0.99532	-0.09662	0.00135	0.09662	0.99532	-0.00065	-0.00129	0.00078	1.00000	
34	0.17000	-0.05809	-13.48580	1.67413	0.11458	-0.04420	-0.85342	0.18621	0.99989	0.01489	0.00077	-0.01490	0.99989	0.00200	-0.00074	-0.00201	1.00000		2.30723	7.12366	1.56312	-0.04047	-0.07846	5.54551	0.26173	0.99532	-0.09664	0.00137	0.09664	0.99532	-0.00071	-0.00129	0.00084	1.00000	
35	0.17500	-0.05656	-13.52196	1.67904	0.11453	-0.04629	-0.85282	0.18636	0.99989	0.01488	0.00081	-0.01489	0.99989	0.00200	-0.00078	-0.00201	1.00000		2.29869	7.10047	1.60244	-0.05086	-0.07715	5.54462	0.26164	0.99532	-0.09662	0.00135	0.09662	0.99532	-0.00089	-0.00125	0.00101	1.00000	
36	0.18000	-0.04740	-13.52267	1.69942	0.11620	-0.05458	-0.85752	0.17563	0.99989	0.01497	0.00095	-0.01497	0.99989	0.00203	-0.00092	-0.00204	1.00000		2.29198	7.09458	1.65620	-0.05483	-0.07558	5.54626	0.26167	0.99532	-0.09665	0.00132	0.09665	0.99532	-0.00096	-0.00122	0.00108	1.00000	
37	0.18500	-0.06979	-13.53265	1.68212	0.11725	-0.05888	-0.85294	0.17010	0.99989	0.01489	0.00103	-0.01489	0.99989	0.00205	-0.00100	-0.00206	1.00000		2.23612	7.10345	1.67268	-0.06267	-0.07341	5.54271	0.25429	0.99532	-0.09659	0.00128	0.09659	0.99532	-0.00109	-0.00117	0.00121	1.00000	
38	0.19000	-0.06194	-13.55027	1.68506	0.11866	-0.05697	-0.85926	0.19531	0.99989	0.01500	0.00099	-0.01500	0.99989	0.00207	-0.00096	-0.00209	1.00000		2.29039	7.09070	1.73224	-0.06641	-0.07524	5.54284	0.25911	0.99532	-0.09659	0.00131	0.09659	0.99532	-0.00116	-0.00120	0.00128	1.00000	
39	0.19500	-0.04058	-13.57580	1.69855	0.11721	-0.06155	-0.85795	0.18980	0.99989	0.01497	0.00107	-0.01498	0.99989	0.00205	-0.00104	-0.00206	1.00000		2.24273	7.05945	1.75185	-0.07770	-0.07162	5.54475	0.27001	0.99532	-0.09662	0.00125	0.09662	0.99532	-0.00136	-0.00111	0.00147	1.00000	
40	0.20000	-0.06227	-13.59475	1.70295	0.11842	-0.06378	-0.85892	0.19607	0.99989	0.01499	0.00111	-0.01499	0.99989	0.00207	-0.00108	-0.00208	1.00000		2.28061	7.07053	1.79799	-0.07998	-0.07444	5.54492	0.25576	0.99532	-0.09663	0.00130	0.09663	0.99532	-0.00140	-0.00116	0.00151	1.00000	
41	0.20500	-0.04042	-13.59371	1.68641	0.12337	-0.06481	-0.86120	0.19672	0.99989	0.01503	0.00113	-0.01503	0.99988	0.00215	-0.00110	-0.00217	1.00000		2.28403	7.10632	1.84554	-0.08110	-0.07607	5.54382	0.24301	0.99532	-0.09661	0.00133	0.09661	0.99532	-0.00142	-0.00118	0.00154	1.00000	
42	0.21000	-0.08110	-13.60013	1.69396	0.12406	-0.06333	-0.85741	0.18287	0.99989	0.01496	0.00111	-0.01497	0.99989	0.00217	-0.00107	-0.00218	1.00000		2.29487	7.12472	1.88507	-0.08352	-0.07681	5.54379	0.24530	0.99532	-0.09661	0.00134	0.09661	0.99532	-0.00146	-0.00119	0.00158	1.00000	
43	0.21500	-0.04991	-13.63861	1.69233	0.12500	-0.07107	-0.86286	0.18166	0.99989	0.01506	0.00124	-0.01506	0.99988	0.00218	-0.00121	-0.00220	1.00000		2.28373	7.08216	1.91764	-0.09149	-0.07584	5.54306	0.24386	0.99532	-0.09659	0.00132	0.09660	0.99532	-0.00160	-0.00116	0.00172	1.00000	
44	0.22000	-0.05405	-13.66323	1.68744	0.12593	-0.07129	-0.86480	0.19914	0.99989	0.01509	0.00124	-0.01510	0.99988	0.00220	-0.00121	-0.00222	1.00000		2.20973	7.05006	1.91732	-0.10220	-0.06946	5.54212	0.24861	0.99532	-0.09658	0.00121	0.09658	0.99532	-0.00178	-0.00103	0.00189	1.00000	
45	0.22500	-0.06179	-13.67246	1.68412	0.13089	-0.06874	-0.86306	0.18606	0.99989	0.01506	0.00120	-0.01507	0.99988	0.00228	-0.00117	-0.00230	1.00000		2.23357	7.04747	1.96800	-0.10331	-0.07195	5.54495	0.25482	0.99532	-0.09663	0.00126	0.09663	0.99532	-0.00180	-0.00108	0.00192	1.00000	
46	0.23000	-0.05743	-13.67969	1.68544	0.13611	-0.06641	-0.86641	0.18983	0.99988	0.01512	0.00116	-0.01512	0.99988	0.00238	-0.00112	-0.00239	1.00000		2.24250	7.03820	1.99089	-0.10677	-0.07087	5.54658	0.23648	0.99532	-0.09665	0.00124	0.09666	0.99532	-0.00186	-0.00105	0.00197	1.00000	
47	0.23500	-0.07209	-13.68176	1.66566	0.14023	-0.06768	-0.86711	0.19210	0.99988	0.01513	0.00118	-0.01514	0.99988	0.00245	-0.00114	-0.00247	1.00000		2.25597	7.10869	2.03917	-0.10217	-0.07451	5.54092	0.24806	0.99533	-0.09656	0.00130	0.09656	0.99533	-0.00178	-0.00112	0.00190	1.00000	
48	0.24000	-0.05762	-13.71918	1.66459	0.14097	-0.06673	-0.86770	0.20193	0.99988	0.01514	0.00116	-0.01515	0.99988	0.00246	-0.00113	-0.00248	1.00000		2.24907	7.07286	2.04240	-0.10814	-0.07200	5.54114	0.25859	0.99533	-0.09656	0.00126	0.09656	0.99533	-0.00189	-0.00107	0.00200	1.00000	
49	0.24500	-0.03288	-13.72867	1.65455	0.14582	-0.07215	-0.86832	0.17940	0.99988	0.01515	0.00126	-0.01516	0.99988	0.00254	-0.00122	-0.00256	1.00000		2.23346	7.04698	2.04887	-0.11485	-0.06933	5.54371	0.23651	0.99532	-0.09661	0.00121	0.09661	0.99532	-0.00200	-0.00101	0.00211	1.00000	
50	0.25000	-0.07552	-13.73651	1.64989	0.15328	-0.06239	-0.86743	0.18687	0.99988	0.01514	0.00109	-0.01514	0.99988	0.00268	-0.00105	-0.00269	1.00000		2.20466	7.02192	2.06876	-0.11725	-0.06697	5.54647	0.23059	0.99532	-0.09665	0.00117	0.09666	0.99532	-0.00205	-0.00097	0.00215	1.00000	
51	0.25500	-0.06903	-13.75687	1.62841	0.15747	-0.06162	-0.87191	0.19591	0.99988	0.01522	0.00108	-0.01522	0.99988	0.00275	-0.00103	-0.00276	1.00000		2.22200	7.02782	2.10211	-0.11659	-0.06976	5.54456	0.22147	0.99532	-0.09662	0.00122	0.09662	0.99532	-0.00203	-0.00102	0.00214	1.00000	
52	0.26000	-0.05766	-13.78097	1.62609	0.15990	-0.06235	-0.87186	0.19654	0.99988	0.01522	0.00109	-0.01522	0.99988	0.00279	-0.00105	-0.00281	1.00000		2.17518	7.00454	2.09848	-0.12107	-0.06117	5.54625	0.23824	0.99532	-0.09665	0.00107	0.09665	0.99532	-0.00211	-0.00086	0.00221	1.00000	
53	0.26500	-0.10604	-13.78791	1.61435	0.16985	-0.05263	-0.87545	0.19387	0.99988	0.01528	0.00092	-0.01528	0.99988	0.00296	-0.00087	-0.00298	1.00000		2.20144	7.02176	2.10586	-0.11736	-0.06652	5.54641	0.23023	0.99532	-0.09665	0.00116	0.09665	0.99532	-0.00205	-0.00096	0.00215	1.00000	
54	0.27000	-0.08253	-13.79883	1.59546	0.17765	-0.05229	-0.87783	0.20574	0.99988	0.01532	0.00091	-0.01532	0.99988	0.00310	-0.00086	-0.00311	0.99999		2.20087	7.04541	2.13416	-0.11410	-0.06614	5.54631	0.22812	0.99532	-0.09665	0.00115	0.09665	0.99532	-0.00199	-0.00096	0.00209	1.00000	
55	0.27500	-0.09981	-13.81411	1.58632	0.18330	-0.04323	-0.87378	0.19210	0.99988	0.01525	0.00075	-0.01525	0.99988	0.00320	-0.00071	-0.00321	0.99999		2.18070	7.02908	2.14515	-0.11670	-0.06364	5.54605	0.22717	0.99532	-0.09665	0.00111	0.09665	0.99532	-0.00204	-0.00091	0.00213	1.00000	
56	0.28000	-0.11770	-13.82656	1.57481	0.19209	-0.04029	-0.87802	0.20006	0.99988	0.01532	0.00070	-0.01533	0.99988	0.00335	-0.00065	-0.00336	0.99999		2.12671	7.02489	2.14441	-0.11432	-0.06002	5.54688	0.23678	0.99532	-0.09666	0.00105	0.09666	0.99532	-0.00200	-0.00085	0.00209	1.00000	
57	0.28500	-0.15882	-13.79881	1.53991	0.20403	-0.02763	-0.87239	0.17109	0.99988	0.01523	0.00048	-0.01523	0.99988	0.00356	-0.00043	-0.00357	0.99999		2.18393	7.03745	2.15927	-0.11239	-0.06164	5.54882	0.23738	0.99531	-0.09669	0.00108	0.09670	0.99531	-0.00196	-0.00088	0.00206	1.00000	
58	0.29000	-0.13976	-13.82010	1.52460	0.21189	-0.02802	-0.88133	0.19716	0.99988	0.01538	0.00049	-0.01538	0.99987	0.00370	-0.00043	-0.00371	0.99999		2.16762	7.04611	2.17763	-0.10758	-0.06207	5.54663	0.22513	0.99532	-0.09666	0.00108	0.09666	0.99532	-0.00188	-0.00090	0.00197	1.00000	
59	0.29500	-0.18621	-13.83447	1.50545	0.21925	-0.01498	-0.88012	0.19115	0.99988	0.01536	0.00026	-0.01536	0.99987	0.00383	-0.00020	-0.00383	0.99999		2.20312	7.05729	2.17379	-0.10229	-0.06358	5.54633	0.21470	0.99532	-0.09665	0.00111	0.09665	0.99532	-0.00179	-0.00093	0.00188	1.00000	
60	0.30000	-0.12507	-13.83850	1.48628	0.23038	-0.01269	-0.88753	0.20141	0.99988	0.01549	0.00022	-0.01549	0.99987	0.00402	-0.00016	-0.00402	0.99999		2.16702	7.03317	2.17963	-0.10327	-0.06061	5.54768	0.23658	0.99532	-0.09667	0.00106	0.09668	0.99531	-0.00180	-0.00088	0.00190	1.00000	
61	0.30500	-0.14504	-13.85309	1.45682	0.23759	-0.00906	-0.88457	0.19075	0.99988	0.01544	0.00016	-0.01544	0.99987	0.00415	-0.00009	-0.00415	0.99999		2.13639	7.01577	2.14794	-0.10104	-0.05718	5.54740	0.23186	0.99532	-0.09667	0.00100	0.09667	0.99531	-0.00176	-0.00082	0.00185	1.00000	
62	0.31000	-0.14311	-13.85842	1.43910	0.24846	0.00279	-0.88887	0.20351	0.99988	0.01551	-0.00005	-0.01551	0.99987	0.00434	0.00012	-0.00434	0.99999		2.16440	7.03835	2.15656	-0.09334	-0.05547	5.54783	0.23161	0.99532	-0.09668	0.00097	0.09668	0.99531	-0.00163	-0.00081	0.00171	1.00000	
63	0.31500	-0.13165	-13.88669	1.39984	0.25321	0.00388	-0.88852	0.21298	0.99988	0.01551	-0.00007	-0.01551	0.99987	0.00442	0.00014	-0.00442	0.99999		2.13994	7.09213	2.16516	-0.08198	-0.05471	5.55089	0.21389	0.99531	-0.09673	0.00095	0.09673	0.99531	-0.00143	-0.00081	0.00152	1.00000	
64	0.32000	-0.14631	-13.89050	1.39031	0.26417	0.01121	-0.89142	0.21425	0.99988	0.01556	-0.00020	-0.01556	0.99987	0.00461	0.00027	-0.00461	0.99999		2.12994	7.03170	2.14534	-0.08341	-0.05048	5.55288	0.24162	0.99531	-0.09676	0.00088	0.09677	0.99531	-0.00146	-0.00074	0.00153	1.00000	
65	0.32500	-0.15581	-13.91138	1.36492	0.27183	0.01883	-0.89226	0.21907	0.99988	0.01557	-0.00033	-0.01557	0.99987	0.00474	0.00040	-0.00474	0.99999		2.09691	7.05140	2.13788	-0.07610	-0.04625	5.55239	0.23278	0.99531	-0.09676	0.00081	0.09676	0.99531	-0.00133	-0.00067	0.00140	1.00000	
66	0.33000	-0.15812	-13.93425	1.33855	0.27763	0.02304	-0.89091	0.21765	0.99988	0.01555	-0.00040	-0.01555	0.99987	0.00485	0.00048	-0.00484	0.99999		2.11244	7.06764	2.12559	-0.06658	-0.04862	5.55344	0.23439	0.99531	-0.09677	0.00085	0.09677	0.99531	-0.00116	-0.00073	0.00124	1.00000	
67	0.33500	-0.11535	-13.97640	1.32276	0.28230	0.02548	-0.89501	0.20874	0.99988	0.01562	-0.00044	-0.01562	0.99987	0.00493	0.00052	-0.00492	0.99999		2.10322	7.04405	2.11749	-0.06146	-0.04460	5.55383	0.25174	0.99531	-0.09678	0.00078	0.09678	0.99531	-0.00107	-0.00067	0.00114	1.00000	
68	0.34000	-0.16118	-13.96379	1.29666	0.29711	0.03328	-0.89231	0.21305	0.99988	0.01557	-0.00058	-0.01557	0.99987	0.00519	0.00066	-0.00518	0.99999		2.08516	7.06891	2.08735	-0.05131	-0.04230	5.55429	0.24882	0.99530	-0.09679	0.00074	0.09679	0.99530	-0.00090	-0.00065	0.00096	1.00000	
69	0.34500	-0.16144	-13.99240	1.27199	0.30199	0.04471	-0.89498	0.22583	0.99988	0.01562	-0.00078	-0.01562	0.99986	0.00527	0.00086	-0.00526	0.99999		2.09702	7.05419	2.06757	-0.04549	-0.03898	5.55519	0.27647	0.99530	-0.09680	0.00068	0.09681	0.99530	-0.00079	-0.00060	0.00086	1.00000	
70	0.35000	-0.18323	-14.00467	1.24315	0.31160	0.04697	-0.89511	0.21607	0.99988	0.01562	-0.00082	-0.01562	0.99986	0.00544	0.00090	-0.00543	0.99998		2.12151	7.09341	2.07297	-0.03236	-0.03817	5.55817	0.24066	0.99530	-0.09686	0.00067	0.09686	0.99530	-0.00056	-0.00061	0.00063	1.00000	
71	0.35500	-0.14287	-14.01610	1.19856	0.31834	0.05050	-0.89612	0.21291	0.99988	0.01564	-0.00088	-0.01563	0.99986	0.00556	0.00097	-0.00554	0.99998		2.12826	7.10696	2.03620	-0.02339	-0.03463	5.55558	0.26483	0.99530	-0.09681	0.00060	0.09681	0.99530	-0.00041	-0.00056	0.00046	1.00000	
72	0.36000	-0.14044	-14.06783	1.18646	0.32360	0.05581	-0.89556	0.20651	0.99988	0.01563	-0.00097	-0.01562	0.99986	0.00565	0.00106	-0.00563	0.99998		2.07331	7.07156	2.01489	-0.01851	-0.02800	5.55727	0.26415	0.99530	-0.09684	0.00049	0.09684	0.99530	-0.00032	-0.00046	0.00037	1.00000	
73	0.36500	-0.17863	-14.06446	1.13507	0.33319	0.06278	-0.89832	0.22286	0.99988	0.01568	-0.00110	-0.01567	0.99986	0.00582	0.00119	-0.00580	0.99998		2.09999	7.07626	1.98857	-0.00885	-0.02851	5.55814	0.28365	0.99530	-0.09686	0.00050	0.09686	0.99530	-0.00015	-0.00048	0.00020	1.00000	
74	0.37000	-0.16457	-14.08731	1.11658	0.34151	0.07236	-0.89586	0.22859	0.99988	0.01563	-0.00126	-0.01563	0.99986	0.00596	0.00136	-0.00594	0.99998		2.04868	7.03357	1.93228	-0.00452	-0.01819	5.56196	0.30524	0.99529	-0.09692	0.00032	0.09692	0.99529	-0.00008	-0.00031	0.00011	1.00000	
75	0.37500	-0.15123	-14.10449	1.08498	0.34820	0.07599	-0.89685	0.22013	0.99988	0.01565	-0.00133	-0.01564	0.99986	0.00608	0.00142	-0.00606	0.99998		2.08507	7.09151	1.92247	0.01372	-0.02115	5.56360	0.28924	0.99529	-0.09695	0.00037	0.09695	0.99529	0.00024	-0.00039	-0.00020	1.00000	
76	0.38000	-0.13263	-14.12181	1.04697	0.35411	0.07711	-0.89736	0.21432	0.99988	0.01566	-0.00135	-0.01565	0.99986	0.00618	0.00144	-0.00616	0.99998		2.09425	7.07863	1.90867	0.02135	-0.01782	5.56402	0.28864	0.99529	-0.09696	0.00031	0.09696	0.99529	0.00037	-0.00035	-0.00034	1.00000	
77	0.38500	-0.12933	-14.12066	1.01896	0.36496	0.08276	-0.89839	0.22396	0.99988	0.01568	-0.00144	-0.01567	0.99986	0.00637	0.00154	-0.00635	0.99998		2.04697	7.08226	1.87065	0.03005	-0.01071	5.56154	0.31741	0.99529	-0.09691	0.00019	0.09691	0.99529	0.00052	-0.00024	-0.00050	1.00000	
78	0.39000	-0.15250	-14.14266	0.98002	0.37177	0.09245	-0.89850	0.22528	0.99988	0.01568	-0.00161	-0.01567	0.99986	0.00649	0.00172	-0.00646	0.99998		2.08366	7.11556	1.84597	0.04543	-0.01257	5.56204	0.30955	0.99529	-0.09692	0.00022	0.09692	0.99529	0.00079	-0.00030	-0.00077	1.00000	
79	0.39500	-0.11829	-14.16138	0.93639	0.37885	0.09268	-0.89965	0.21830	0.99988	0.01570	-0.00162	-0.01569	0.99986	0.00661	0.00172	-0.00659	0.99998		2.05285	7.10320	1.79702	0.05546	-0.00544	5.56363	0.32392	0.99529	-0.09695	0.00009	0.09695	0.99529	0.00097	-0.00019	-0.00095	1.00000	
80	0.40000	-0.13471	-14.17500	0.90376	0.38599	0.10250	-0.89886	0.21840	0.99988	0.01569	-0.00179	-0.01567	0.99985	0.00674	0.00189	-0.00671	0.99998		2.04731	7.07597	1.75266	0.06243	-0.00150	5.56698	0.31609	0.99528	-0.09701	0.00003	0.09701	0.99528	0.00109	-0.00013	-0.00108	1.00000	
81	0.40500	-0.14036	-14.15776	0.85772	0.39422	0.10195	-0.90333	0.22722	0.99987	0.01577	-0.00178	-0.01575	0.99985	0.00688	0.00189	-0.00685	0.99997		2.03623	7.08821	1.71226	0.07507	0.00491	5.56768	0.31726	0.99528	-0.09702	-0.00009	0.09702	0.99528	0.00131	-0.00004	-0.00131	1.00000	
82	0.41000	-0.16163	-14.16485	0.80832	0.40112	0.11167	-0.89568	0.20598	0.99988	0.01563	-0.00195	-0.01562	0.99985	0.00700	0.00206	-0.00697	0.99997		2.03303	7.08060	1.68105	0.08523	0.00633	5.56880	0.32270	0.99528	-0.09704	-0.00011	0.09704	0.99528	0.00149	-0.00003	-0.00149	1.00000	
83	0.41500	-0.12401	-14.18473	0.77879	0.40478	0.10995	-0.89562	0.21173	0.99988	0.01563	-0.00192	-0.01562	0.99985	0.00706	0.00203	-0.00703	0.99997		2.02022	7.08617	1.62117	0.09534	0.01327	5.56995	0.35051	0.99528	-0.09706	-0.00023	0.09706	0.99528	0.00166	0.00007	-0.00168	1.00000	
84	0.42000	-0.21611	-14.14741	0.72823	0.42307	0.12581	-0.90018	0.21887	0.99987	0.01571	-0.00220	-0.01569	0.99985	0.00738	0.00231	-0.00735	0.99997		2.00078	7.15241	1.59982	0.11667	0.01232	5.57146	0.33008	0.99528	-0.09709	-0.00022	0.09709	0.99527	0.00204	0.00002	-0.00205	1.00000	
85	0.42500	-0.20038	-14.15127	0.68421	0.42967	0.13212	-0.89936	0.20017	0.99987	0.01570	-0.00231	-0.01568	0.99985	0.00750	0.00242	-0.00746	0.99997		2.04063	7.15541	1.57546	0.12857	0.01520	5.57192	0.34850	0.99528	-0.09710	-0.00027	0.09710	0.99527	0.00224	0.00005	-0.00226	1.00000	
86	0.43000	-0.19059	-14.14509	0.64077	0.43477	0.13166	-0.90212	0.20265	0.99987	0.01574	-0.00230	-0.01573	0.99985	0.00759	0.00242	-0.00755	0.99997		2.04542	7.16812	1.54107	0.14202	0.01707	5.57068	0.36524	0.99528	-0.09707	-0.00030	0.09707	0.99527	0.00248	0.00006	-0.00250	1.00000	
87	0.43500	-0.20110	-14.14886	0.60737	0.44016	0.13699	-0.90183	0.20383	0.99987	0.01574	-0.00239	-0.01572	0.99985	0.00768	0.00251	-0.00764	0.99997		2.02651	7.17485	1.47587	0.15118	0.02279	5.57084	0.38294	0.99528	-0.09708	-0.00040	0.09708	0.99527	0.00264	0.00014	-0.00266	1.00000	
88	0.44000	-0.17739	-14.16878	0.57412	0.44292	0.13860	-0.89524	0.18944	0.99988	0.01562	-0.00242	-0.01561	0.99985	0.00773	0.00254	-0.00769	0.99997		2.03323	7.15507	1.44099	0.16243	0.02441	5.57262	0.37351	0.99527	-0.09711	-0.00043	0.09711	0.99527	0.00283	0.00015	-0.00286	1.00000	
89	0.44500	-0.16291	-14.17838	0.53222	0.44324	0.13892	-0.89850	0.20827	0.99987	0.01568	-0.00242	-0.01566	0.99985	0.00774	0.00255	-0.00770	0.99997		1.99379	7.15723	1.36282	0.17007	0.03134	5.57372	0.38286	0.99527	-0.09713	-0.00055	0.09713	0.99527	0.00297	0.00026	-0.00301	1.00000	
90	0.45000	-0.17713	-14.19090	0.49294	0.44821	0.14146	-0.90591	0.21569	0.99987	0.01581	-0.00247	-0.01579	0.99984	0.00782	0.00259	-0.00778	0.99997		1.97885	7.11253	1.29993	0.17546	0.03838	5.57785	0.38614	0.99526	-0.09720	-0.00067	0.09720	0.99526	0.00306	0.00037	-0.00311	1.00000	
91	0.45500	-0.15785	-14.19370	0.45821	0.44762	0.14694	-0.90137	0.20692	0.99987	0.01573	-0.00256	-0.01571	0.99985	0.00781	0.00269	-0.00777	0.99997		1.99892	7.14257	1.26533	0.19155	0.03839	5.57681	0.40270	0.99527	-0.09718	-0.00067	0.09718	0.99526	0.00334	0.00034	-0.00339	0.99999	
92	0.46000	-0.16502	-14.18627	0.43052	0.45218	0.14902	-0.90312	0.20657	0.99987	0.01576	-0.00260	-0.01574	0.99985	0.00789	0.00272	-0.00785	0.99997		1.98813	7.12508	1.18784	0.19753	0.04272	5.57716	0.42241	0.99527	-0.09719	-0.00075	0.09719	0.99526	0.00345	0.00041	-0.00350	0.99999	
93	0.46500	-0.14422	-14.20227	0.39770	0.45194	0.14520	-0.90697	0.21573	0.99987	0.01583	-0.00253	-0.01581	0.99984	0.00789	0.00266	-0.00785	0.99997		1.95308	7.10092	1.13539	0.20584	0.05028	5.57873	0.43738	0.99526	-0.09721	-0.00088	0.09722	0.99526	0.00359	0.00052	-0.00366	0.99999	
94	0.47000	-0.12538	-14.19506	0.36329	0.45325	0.14797	-0.90992	0.21569	0.99987	0.01588	-0.00258	-0.01586	0.99984	0.00791	0.00271	-0.00787	0.99997		1.97048	7.10024	1.08487	0.21524	0.04857	5.57816	0.42168	0.99526	-0.09720	-0.00085	0.09721	0.99526	0.00376	0.00048	-0.00382	0.99999	
95	0.47500	-0.19131	-14.19831	0.32770	0.45340	0.15182	-0.90841	0.22110	0.99987	0.01585	-0.00265	-0.01583	0.99984	0.00791	0.00277	-0.00787	0.99997		1.97459	7.11725	1.03504	0.22723	0.05338	5.57954	0.44942	0.99526	-0.09723	-0.00093	0.09723	0.99525	0.00397	0.00054	-0.00404	0.99999	
96	0.48000	-0.12853	-14.19008	0.28573	0.45300	0.14765	-0.90484	0.21724	0.99987	0.01579	-0.00258	-0.01577	0.99984	0.00791	0.00270	-0.00786	0.99997		1.92789	7.07123	0.97210	0.23097	0.05506	5.58146	0.46270	0.99526	-0.09726	-0.00096	0.09726	0.99525	0.00403	0.00056	-0.00411	0.99999	
97	0.48500	-0.12054	-14.17834	0.26465	0.45312	0.14995	-0.90339	0.21816	0.99987	0.01577	-0.00262	-0.01575	0.99984	0.00791	0.00274	-0.00787	0.99997		2.02511	7.13174	0.94864	0.24828	0.05105	5.58207	0.45711	0.99526	-0.09727	-0.00089	0.09727	0.99525	0.00433	0.00047	-0.00440	0.99999	
98	0.49000	-0.15346	-14.19768	0.20917	0.44938	0.14905	-0.90598	0.21633	0.99987	0.01581	-0.00260	-0.01579	0.99984	0.00784	0.00272	-0.00780	0.99997		1.97750	7.09147	0.87899	0.25149	0.05437	5.58199	0.47181	0.99526	-0.09727	-0.00095	0.09727	0.99525	0.00439	0.00052	-0.00446	0.99999	
99	0.49500	-0.11333	-14.20464	0.18444	0.44574	0.14478	-0.90576	0.22642	0.99987	0.01581	-0.00253	-0.01579	0.99985	0.00778	0.00265	-0.00774	0.99997		1.99820	7.07661	0.82248	0.25763	0.05662	5.58402	0.47109	0.99525	-0.09731	-0.00099	0.09731	0.99524	0.00450	0.00055	-0.00457	0.99999	
100	0.50000	-0.11532	-14.21257	0.14175	0.43895	0.14592	-0.90060	0.21344	0.99987	0.01572	-0.00255	-0.01570	0.99985	0.00766	0.00267	-0.00762	0.99997		1.98587	7.08326	0.77426	0.26594	0.05940	5.58339	0.47912	0.99526	-0.09729	-0.00104	0.09730	0.99524	0.00464	0.00058	-0.00472	0.99999	
101	0.50500	-0.12787	-14.20708	0.11961	0.43593	0.14394	-0.90443	0.22726	0.99987	0.01578	-0.00251	-0.01577	0.99985	0.00761	0.00263	-0.00757	0.99997		1.98082	7.08316	0.71224	0.27387	0.06171	5.58504	0.49040	0.99525	-0.09732	-0.00108	0.09733	0.99524	0.00478	0.00061	-0.00486	0.99999	
102	0.51000	-0.08890	-14.20227	0.07745	0.43012	0.13627	-0.90097	0.21665	0.99987	0.01572	-0.00238	-0.01571	0.99985	0.00751	0.00250	-0.00747	0.99997		1.98971	7.11794	0.67055	0.28686	0.06254	5.58680	0.49967	0.99525	-0.09735	-0.00109	0.09736	0.99524	0.00501	0.00060	-0.00509	0.99999	
103	0.51500	-0.10681	-14.19405	0.04817	0.42470	0.13926	-0.90159	0.21918	0.99987	0.01573	-0.00243	-0.01572	0.99985	0.00741	0.00255	-0.00737	0.99997		1.97230	7.13135	0.61971	0.29448	0.06257	5.58644	0.48959	0.99525	-0.09735	-0.00109	0.09735	0.99524	0.00514	0.00059	-0.00522	0.99999	
104	0.52000	-0.07111	-14.20948	0.00248	0.41619	0.13179	-0.89672	0.21079	0.99987	0.01565	-0.00230	-0.01563	0.99985	0.00726	0.00241	-0.00723	0.99997		1.99623	7.12280	0.56809	0.29986	0.06081	5.58786	0.49850	0.99525	-0.09737	-0.00106	0.09738	0.99523	0.00523	0.00055	-0.00531	0.99999	
105	0.52500	-0.08865	-14.19993	-0.02216	0.41034	0.13003	-0.89487	0.20442	0.99988	0.01562	-0.00227	-0.01560	0.99985	0.00716	0.00238	-0.00713	0.99997		1.99699	7.12248	0.53989	0.30685	0.06025	5.58873	0.50030	0.99525	-0.09739	-0.00105	0.09739	0.99523	0.00536	0.00053	-0.00543	0.99999	
106	0.53000	-0.07944	-14.18976	-0.05246	0.40401	0.12697	-0.90085	0.22849	0.99987	0.01572	-0.00222	-0.01571	0.99985	0.00705	0.00233	-0.00702	0.99997		2.02393	7.09246	0.46615	0.30832	0.06046	5.58590	0.52766	0.99525	-0.09734	-0.00106	0.09734	0.99524	0.00538	0.00053	-0.00546	0.99998	
107	0.53500	-0.08733	-14.18023	-0.08436	0.39776	0.12683	-0.89803	0.21554	0.99987	0.01567	-0.00221	-0.01566	0.99985	0.00694	0.00232	-0.00691	0.99997		1.97587	7.08637	0.40059	0.31210	0.06208	5.58994	0.52668	0.99524	-0.09741	-0.00108	0.09741	0.99523	0.00545	0.00055	-0.00553	0.99998	
108	0.54000	-0.08995	-14.16663	-0.09750	0.38937	0.12487	-0.89213	0.20874	0.99988	0.01557	-0.00218	-0.01555	0.99986	0.00680	0.00228	-0.00676	0.99997		2.03613	7.10762	0.38666	0.32013	0.05538	5.58986	0.51445	0.99524	-0.09741	-0.00097	0.09741	0.99523	0.00559	0.00042	-0.00565	0.99998	
109	0.54500	-0.09978	-14.18038	-0.14332	0.37722	0.11910	-0.89101	0.20916	0.99988	0.01555	-0.00208	-0.01554	0.99986	0.00658	0.00218	-0.00655	0.99998		2.03336	7.11919	0.33577	0.32615	0.05375	5.59018	0.53079	0.99524	-0.09741	-0.00094	0.09742	0.99523	0.00569	0.00038	-0.00576	0.99998	
110	0.55000	-0.09584	-14.17411	-0.16442	0.36735	0.11411	-0.89140	0.21252	0.99988	0.01556	-0.00199	-0.01554	0.99986	0.00641	0.00209	-0.00638	0.99998		2.03076	7.09449	0.29758	0.32786	0.05332	5.59035	0.52982	0.99524	-0.09742	-0.00093	0.09742	0.99523	0.00572	0.00037	-0.00579	0.99998	
111	0.55500	-0.04279	-14.15914	-0.19929	0.35798	0.10657	-0.88342	0.20309	0.99988	0.01542	-0.00186	-0.01541	0.99986	0.00625	0.00196	-0.00622	0.99998		2.06625	7.12856	0.26173	0.33509	0.04897	5.59153	0.53345	0.99524	-0.09744	-0.00085	0.09744	0.99522	0.00585	0.00028	-0.00590	0.99998	
112	0.56000	-0.06780	-14.15662	-0.22809	0.34771	0.10335	-0.88793	0.20808	0.99988	0.01550	-0.00180	-0.01549	0.99986	0.00607	0.00190	-0.00604	0.99998		2.04811	7.11377	0.21414	0.33507	0.04886	5.58983	0.55166	0.99524	-0.09741	-0.00085	0.09741	0.99523	0.00585	0.00028	-0.00590	0.99998	
113	0.56500	-0.04547	-14.15887	-0.24683	0.33485	0.09683	-0.88744	0.20680	0.99988	0.01549	-0.00169	-0.01548	0.99986	0.00584	0.00178	-0.00582	0.99998		2.04749	7.09258	0.17938	0.33883	0.04700	5.59316	0.54259	0.99524	-0.09746	-0.00082	0.09747	0.99522	0.00591	0.00024	-0.00597	0.99998	
114	0.57000	-0.05229	-14.13006	-0.28222	0.32539	0.09536	-0.88344	0.20207	0.99988	0.01542	-0.00166	-0.01541	0.99987	0.00568	0.00175	-0.00565	0.99998		2.07104	7.09808	0.12796	0.34021	0.04018	5.59363	0.55729	0.99524	-0.09747	-0.00070	0.09747	0.99522	0.00594	0.00012	-0.00598	0.99998	
115	0.57500	-0.04842	-14.16376	-0.28420	0.30615	0.08593	-0.88297	0.20852	0.99988	0.01541	-0.00150	-0.01540	0.99987	0.00534	0.00158	-0.00532	0.99998		2.04042	7.10745	0.07679	0.34147	0.04200	5.59092	0.56945	0.99524	-0.09743	-0.00073	0.09743	0.99522	0.00596	0.00015	-0.00600	0.99998	
116	0.58000	-0.03316	-14.16415	-0.30190	0.29067	0.08091	-0.87804	0.20056	0.99988	0.01532	-0.00141	-0.01532	0.99987	0.00507	0.00149	-0.00505	0.99999		2.08074	7.10619	0.04480	0.34359	0.03616	5.59115	0.54562	0.99524	-0.09743	-0.00063	0.09743	0.99522	0.00600	0.00004	-0.00603	0.99998	
117	0.58500	-0.03705	-14.16015	-0.32997	0.27587	0.07888	-0.87519	0.20617	0.99988	0.01527	-0.00138	-0.01527	0.99987	0.00481	0.00145	-0.00479	0.99999		2.09654	7.06049	-0.01061	0.33912	0.03226	5.59468	0.54180	0.99524	-0.09749	-0.00056	0.09749	0.99522	0.00592	-0.00002	-0.00595	0.99998	
118	0.59000	-0.04016	-14.14714	-0.35093	0.26309	0.07141	-0.87598	0.20565	0.99988	0.01529	-0.00125	-0.01528	0.99987	0.00459	0.00132	-0.00457	0.99999		2.06790	7.07689	-0.03968	0.34154	0.03024	5.59209	0.56712	0.99524	-0.09745	-0.00053	0.09745	0.99522	0.00596	-0.00006	-0.00598	0.99998	
119	0.59500	-0.01778	-14.13927	-0.36641	0.25043	0.06994	-0.87374	0.19557	0.99988	0.01525	-0.00122	-0.01524	0.99987	0.00437	0.00129	-0.00435	0.99999		2.09142	7.05159	-0.07368	0.33846	0.02674	5.59257	0.57040	0.99524	-0.09745	-0.00047	0.09745	0.99522	0.00591	-0.00011	-0.00592	0.99998	
120	0.60000	-0.04057	-14.13007	-0.38891	0.23669	0.06302	-0.87252	0.20092	0.99988	0.01523	-0.00110	-0.01522	0.99988	0.00413	0.00116	-0.00411	0.99999		2.09780	7.04989	-0.10944	0.33981	0.02057	5.59475	0.54607	0.99524	-0.09749	-0.00036	0.09749	0.99522	0.00593	-0.00022	-0.00594	0.99998	
121	0.60500	-0.01720	-14.11866	-0.40535	0.22116	0.05570	-0.86675	0.20321	0.99989	0.01513	-0.00097	-0.01512	0.99988	0.00386	0.00103	-0.00384	0.99999		2.05592	7.08776	-0.13941	0.34003	0.01824	5.58841	0.55624	0.99525	-0.09738	-0.00032	0.09738	0.99523	0.00593	-0.00026	-0.00594	0.99998	
122	0.61000	-0.00137	-14.10224	-0.40983	0.20723	0.05311	-0.86775	0.19344	0.99988	0.01514	-0.00093	-0.01514	0.99988	0.00362	0.00098	-0.00360	0.99999		2.09559	7.06735	-0.17955	0.33790	0.01259	5.58912	0.55997	0.99525	-0.09739	-0.00022	0.09739	0.99523	0.00590	-0.00036	-0.00589	0.99998	
123	0.61500	-0.00593	-14.08623	-0.45538	0.19418	0.04857	-0.86774	0.19752	0.99988	0.01514	-0.00085	-0.01514	0.99988	0.00339	0.00090	-0.00338	0.99999		2.11190	7.05906	-0.19309	0.33779	0.00340	5.59176	0.55707	0.99524	-0.09744	-0.00006	0.09744	0.99522	0.00590	-0.00052	-0.00587	0.99998	
124	0.62000	-0.00682	-14.06875	-0.45954	0.17919	0.04149	-0.86042	0.19071	0.99989	0.01502	-0.00072	-0.01501	0.99988	0.00313	0.00077	-0.00312	0.99999		2.14650	7.07348	-0.23740	0.33656	-0.00228	5.59409	0.52227	0.99524	-0.09748	0.00004	0.09748	0.99522	0.00587	-0.00061	-0.00584	0.99998	
125	0.62500	0.02466	-14.07020	-0.47663	0.16557	0.03125	-0.86006	0.19821	0.99989	0.01501	-0.00055	-0.01501	0.99988	0.00289	0.00059	-0.00288	1.00000		2.13071	7.04924	-0.26407	0.33012	-0.00536	5.58801	0.55575	0.99525	-0.09737	0.00009	0.09737	0.99523	0.00576	-0.00065	-0.00573	0.99998	
126	0.63000	0.03772	-14.04640	-0.49921	0.15328	0.02369	-0.86549	0.19645	0.99989	0.01511	-0.00041	-0.01510	0.99988	0.00268	0.00045	-0.00267	1.00000		2.13530	7.03756	-0.30937	0.32637	-0.01129	5.58878	0.55918	0.99525	-0.09739	0.00020	0.09739	0.99523	0.00570	-0.00075	-0.00565	0.99998	
127	0.63500	0.04877	-14.03213	-0.51199	0.13859	0.02085	-0.85521	0.18378	0.99989	0.01493	-0.00036	-0.01492	0.99989	0.00242	0.00040	-0.00241	1.00000		2.15583	7.03717	-0.32692	0.32345	-0.02133	5.58886	0.55299	0.99525	-0.09739	0.00037	0.09739	0.99523	0.00565	-0.00092	-0.00558	0.99998	
128	0.64000	0.06633	-14.01142	-0.52621	0.12882	0.01095	-0.85668	0.19810	0.99989	0.01495	-0.00019	-0.01495	0.99989	0.00225	0.00022	-0.00225	1.00000		2.21531	7.05220	-0.34678	0.32559	-0.03124	5.58889	0.54548	0.99525	-0.09739	0.00055	0.09739	0.99523	0.00568	-0.00110	-0.00560	0.99998	
129	0.64500	0.05434	-13.99226	-0.55015	0.11353	0.00754	-0.85441	0.18422	0.99989	0.01491	-0.00013	-0.01491	0.99989	0.00198	0.00016	-0.00198	1.00000		2.20442	7.02879	-0.38522	0.31805	-0.03527	5.58872	0.54500	0.99525	-0.09739	0.00062	0.09738	0.99523	0.00555	-0.00115	-0.00546	0.99998	
130	0.65000	0.06804	-13.98607	-0.55996	0.10317	0.00386	-0.85454	0.19538	0.99989	0.01491	-0.00007	-0.01491	0.99989	0.00180	0.00009	-0.00180	1.00000		2.19197	7.02503	-0.40910	0.31410	-0.04086	5.58829	0.53693	0.99525	-0.09738	0.00071	0.09737	0.99523	0.00548	-0.00124	-0.00539	0.99998	
131	0.65500	0.10208	-13.96399	-0.56948	0.08973	-0.00795	-0.85462	0.18849	0.99989	0.01492	0.00014	-0.01492	0.99989	0.00157	-0.00012	-0.00157	1.00000		2.23808	6.98794	-0.43846	0.30578	-0.04789	5.58658	0.53972	0.99525	-0.09735	0.00084	0.09734	0.99524	0.00534	-0.00135	-0.00523	0.99999	
132	0.66000	0.07780	-13.96100	-0.59444	0.07546	-0.00731	-0.84798	0.18939	0.99989	0.01480	0.00013	-0.01480	0.99989	0.00132	-0.00011	-0.00132	1.00000		2.25504	7.02895	-0.44375	0.30640	-0.05815	5.58802	0.52525	0.99525	-0.09737	0.00101	0.09737	0.99523	0.00535	-0.00153	-0.00522	0.99999	
133	0.66500	0.13049	-13.91914	-0.59426	0.06875	-0.01503	-0.84846	0.18193	0.99989	0.01481	0.00026	-0.01481	0.99989	0.00120	-0.00024	-0.00120	1.00000		2.26394	7.04073	-0.45470	0.30406	-0.06445	5.58805	0.52469	0.99525	-0.09738	0.00112	0.09737	0.99523	0.00531	-0.00164	-0.00517	0.99999	
134	0.67000	0.15605	-13.90977	-0.62634	0.05476	-0.02371	-0.84403	0.17147	0.99989	0.01473	0.00041	-0.01473	0.99989	0.00096	-0.00040	-0.00096	1.00000		2.26741	7.01389	-0.48227	0.29563	-0.07128	5.58485	0.52626	0.99525	-0.09732	0.00124	0.09731	0.99524	0.00516	-0.00174	-0.00501	0.99999	
135	0.67500	0.20239	-13.92085	-0.62697	0.03832	-0.03028	-0.84444	0.18164	0.99989	0.01474	0.00053	-0.01474	0.99989	0.00067	-0.00052	-0.00068	1.00000		2.31004	6.96975	-0.50670	0.28738	-0.07968	5.58408	0.51805	0.99525	-0.09731	0.00139	0.09730	0.99524	0.00502	-0.00187	-0.00486	0.99999	
136	0.68000	0.17984	-13.88786	-0.64605	0.03068	-0.03674	-0.84635	0.18549	0.99989	0.01477	0.00064	-0.01477	0.99989	0.00054	-0.00063	-0.00054	1.00000		2.30247	6.96872	-0.51421	0.28186	-0.08313	5.58631	0.52209	0.99525	-0.09735	0.00145	0.09734	0.99524	0.00492	-0.00192	-0.00475	0.99999	
137	0.68500	0.20061	-13.88404	-0.64866	0.01907	-0.03781	-0.84190	0.18249	0.99989	0.01469	0.00066	-0.01469	0.99989	0.00033	-0.00065	-0.00034	1.00000		2.34200	7.02248	-0.51976	0.28422	-0.09286	5.58684	0.49917	0.99525	-0.09735	0.00162	0.09735	0.99524	0.00496	-0.00210	-0.00478	0.99999	
138	0.69000	0.19046	-13.83605	-0.68137	0.01418	-0.04246	-0.83885	0.17414	0.99989	0.01464	0.00074	-0.01464	0.99989	0.00025	-0.00074	-0.00026	1.00000		2.33217	6.98136	-0.55377	0.27424	-0.09727	5.58675	0.50024	0.99525	-0.09735	0.00170	0.09734	0.99524	0.00479	-0.00216	-0.00460	0.99999	
139	0.69500	0.17331	-13.82405	-0.66736	0.00351	-0.04637	-0.83814	0.17018	0.99989	0.01463	0.00081	-0.01463	0.99989	0.00006	-0.00081	-0.00007	1.00000		2.39741	7.01899	-0.53629	0.27233	-0.11045	5.58045	0.50673	0.99526	-0.09724	0.00193	0.09723	0.99525	0.00475	-0.00238	-0.00454	0.99999	
140	0.70000	0.19645	-13.80909	-0.68532	-0.00535	-0.04826	-0.83666	0.16666	0.99989	0.01460	0.00084	-0.01460	0.99989	-0.00009	-0.00084	0.00008	1.00000		2.37168	6.97167	-0.58333	0.26033	-0.11079	5.58028	0.51457	0.99526	-0.09724	0.00193	0.09723	0.99525	0.00454	-0.00237	-0.00433	0.99999	
