NO_OF_FRAMES	12052
NO_OF_CAMERAS	8
NO_OF_BODIES	2
FREQUENCY	200
NO_OF_ANALOG	0
ANALOG_FREQUENCY	0
DESCRIPTION	--
TIME_STAMP	2013-07-05, 11:04:01	181455.40736055
DATA_INCLUDED	6D
BODY_NAMES	Ice 2 V2	Ice 3
Frame	Time	Ice 2 V2 X	Y	Z	Roll	Pitch	Yaw	Residual	Rot[0]	Rot[1]	Rot[2]	Rot[3]	Rot[4]	Rot[5]	Rot[6]	Rot[7]	Rot[8]	Ice 3 X	Y	Z	Roll	Pitch	Yaw	Residual	Rot[0]	Rot[1]	Rot[2]	Rot[3]	Rot[4]	Rot[5]	Rot[6]	Rot[7]	Rot[8]	
1	0.00500	0.92840	-13.69161	0.75260	0.19158	-0.04566	-0.88643	0.21232	0.99988	0.01547	0.00080	-0.01547	0.99987	0.00334	-0.00075	-0.00336	0.99999		0.11191	6.94045	0.87991	0.02777	0.02023	4.15514	1.53826	0.99737	-0.07246	-0.00035	0.07246	0.99737	0.00048	0.00032	-0.00051	1.00000	
2	0.01000	0.86329	-13.67610	0.72688	0.19505	-0.04260	-0.89614	0.20065	0.99988	0.01564	0.00074	-0.01564	0.99987	0.00340	-0.00069	-0.00342	0.99999		0.10365	6.91525	0.87619	0.01819	0.01916	4.14233	1.55460	0.99739	-0.07223	-0.00033	0.07223	0.99739	0.00032	0.00031	-0.00034	1.00000	
3	0.01500	0.90385	-13.67003	0.71506	0.19392	-0.04293	-0.89393	0.20697	0.99988	0.01560	0.00075	-0.01560	0.99987	0.00338	-0.00070	-0.00340	0.99999		0.12168	6.91216	0.88311	0.01737	0.01471	4.14459	1.54606	0.99738	-0.07227	-0.00026	0.07227	0.99738	0.00030	0.00023	-0.00032	1.00000	
4	0.02000	0.88085	-13.65540	0.71681	0.18984	-0.03881	-0.89374	0.21171	0.99988	0.01560	0.00068	-0.01560	0.99987	0.00331	-0.00063	-0.00332	0.99999		0.11829	6.91440	0.87523	0.01389	0.01728	4.14498	1.53253	0.99738	-0.07228	-0.00030	0.07228	0.99738	0.00024	0.00028	-0.00026	1.00000	
5	0.02500	0.84067	-13.65949	0.71875	0.18808	-0.03467	-0.88993	0.20282	0.99988	0.01553	0.00061	-0.01553	0.99987	0.00328	-0.00055	-0.00329	0.99999		0.12035	6.92490	0.86195	0.01238	0.01738	4.14324	1.53112	0.99739	-0.07225	-0.00030	0.07225	0.99739	0.00022	0.00029	-0.00024	1.00000	
6	0.03000	0.86369	-13.64395	0.71000	0.18893	-0.03041	-0.89862	0.19034	0.99988	0.01568	0.00053	-0.01568	0.99987	0.00330	-0.00048	-0.00331	0.99999		0.09896	6.93450	0.85174	0.01156	0.01964	4.14375	1.53062	0.99739	-0.07226	-0.00034	0.07226	0.99739	0.00020	0.00033	-0.00023	1.00000	
7	0.03500	0.88108	-13.65708	0.70472	0.18356	-0.03396	-0.89666	0.20169	0.99988	0.01565	0.00059	-0.01565	0.99987	0.00320	-0.00054	-0.00321	0.99999		0.09389	6.94150	0.84906	0.01124	0.01738	4.14455	1.51896	0.99738	-0.07227	-0.00030	0.07227	0.99738	0.00020	0.00029	-0.00022	1.00000	
8	0.04000	0.88357	-13.64698	0.71335	0.18270	-0.02781	-0.89701	0.19993	0.99988	0.01566	0.00049	-0.01566	0.99987	0.00319	-0.00044	-0.00320	0.99999		0.11706	6.93789	0.84756	0.00968	0.01840	4.14058	1.53571	0.99739	-0.07220	-0.00032	0.07220	0.99739	0.00017	0.00031	-0.00019	1.00000	
9	0.04500	0.83946	-13.65665	0.71161	0.17769	-0.02717	-0.89550	0.20204	0.99988	0.01563	0.00047	-0.01563	0.99987	0.00310	-0.00043	-0.00311	1.00000		0.13131	6.94816	0.84082	0.01025	0.01647	4.14281	1.53106	0.99739	-0.07224	-0.00029	0.07224	0.99739	0.00018	0.00027	-0.00020	1.00000	
10	0.05000	0.87637	-13.64657	0.71006	0.17571	-0.03101	-0.89721	0.19770	0.99988	0.01566	0.00054	-0.01566	0.99987	0.00307	-0.00049	-0.00307	1.00000		0.11239	6.93125	0.82752	0.00649	0.02122	4.14325	1.52201	0.99739	-0.07225	-0.00037	0.07225	0.99739	0.00011	0.00036	-0.00014	1.00000	
11	0.05500	0.86183	-13.64918	0.70791	0.17234	-0.02844	-0.89585	0.21036	0.99988	0.01563	0.00050	-0.01564	0.99987	0.00301	-0.00045	-0.00302	1.00000		0.14099	6.93771	0.83905	0.00652	0.01685	4.14459	1.53781	0.99738	-0.07227	-0.00029	0.07227	0.99738	0.00011	0.00029	-0.00013	1.00000	
12	0.06000	0.88401	-13.63292	0.70509	0.17051	-0.03019	-0.89365	0.21547	0.99988	0.01560	0.00053	-0.01560	0.99987	0.00298	-0.00048	-0.00298	1.00000		0.10888	6.94899	0.82169	0.00569	0.01741	4.14390	1.52267	0.99739	-0.07226	-0.00030	0.07226	0.99739	0.00010	0.00030	-0.00012	1.00000	
13	0.06500	0.84837	-13.63031	0.70442	0.17014	-0.02161	-0.89923	0.20501	0.99988	0.01569	0.00038	-0.01569	0.99987	0.00297	-0.00033	-0.00298	1.00000		0.11646	6.94918	0.81346	0.00645	0.01768	4.14266	1.52925	0.99739	-0.07224	-0.00031	0.07224	0.99739	0.00011	0.00030	-0.00013	1.00000	
14	0.07000	0.86766	-13.63028	0.70504	0.16664	-0.02673	-0.89450	0.20663	0.99988	0.01561	0.00047	-0.01561	0.99987	0.00291	-0.00042	-0.00292	1.00000		0.11267	6.96228	0.81060	0.00799	0.01696	4.14404	1.52269	0.99739	-0.07226	-0.00030	0.07226	0.99739	0.00014	0.00029	-0.00016	1.00000	
15	0.07500	0.84819	-13.61710	0.69390	0.16490	-0.02273	-0.89451	0.21736	0.99988	0.01561	0.00040	-0.01561	0.99987	0.00288	-0.00035	-0.00288	1.00000		0.11114	6.95400	0.80577	0.00656	0.01706	4.14393	1.52294	0.99739	-0.07226	-0.00030	0.07226	0.99739	0.00011	0.00029	-0.00014	1.00000	
16	0.08000	0.87647	-13.60027	0.69792	0.16524	-0.02246	-0.89366	0.21703	0.99988	0.01560	0.00039	-0.01560	0.99987	0.00288	-0.00035	-0.00289	1.00000		0.13551	6.97905	0.81359	0.00959	0.01350	4.14465	1.51969	0.99738	-0.07227	-0.00024	0.07227	0.99738	0.00017	0.00022	-0.00018	1.00000	
17	0.08500	0.86795	-13.62098	0.69688	0.15917	-0.02267	-0.89204	0.20402	0.99988	0.01557	0.00040	-0.01557	0.99987	0.00278	-0.00035	-0.00278	1.00000		0.11199	6.96791	0.80750	0.00812	0.01543	4.14362	1.51786	0.99739	-0.07226	-0.00027	0.07226	0.99739	0.00014	0.00026	-0.00016	1.00000	
18	0.09000	0.85195	-13.59772	0.69920	0.16098	-0.01732	-0.89269	0.20873	0.99988	0.01558	0.00030	-0.01558	0.99987	0.00281	-0.00026	-0.00281	1.00000		0.11903	6.95994	0.78717	0.00684	0.01415	4.14342	1.51797	0.99739	-0.07225	-0.00025	0.07225	0.99739	0.00012	0.00024	-0.00014	1.00000	
19	0.09500	0.87022	-13.60521	0.68289	0.15965	-0.02227	-0.89828	0.21223	0.99988	0.01568	0.00039	-0.01568	0.99987	0.00279	-0.00034	-0.00279	1.00000		0.12082	6.96981	0.78981	0.00913	0.01219	4.14202	1.52901	0.99739	-0.07223	-0.00021	0.07223	0.99739	0.00016	0.00020	-0.00017	1.00000	
20	0.10000	0.85399	-13.57973	0.68009	0.16015	-0.01805	-0.89174	0.22169	0.99988	0.01556	0.00031	-0.01556	0.99987	0.00280	-0.00027	-0.00280	1.00000		0.09815	6.97391	0.78625	0.01144	0.01262	4.14486	1.51910	0.99738	-0.07228	-0.00022	0.07228	0.99738	0.00020	0.00021	-0.00022	1.00000	
21	0.10500	0.86453	-13.59529	0.68200	0.15520	-0.01994	-0.89523	0.21362	0.99988	0.01562	0.00035	-0.01562	0.99987	0.00271	-0.00031	-0.00271	1.00000		0.08564	6.96476	0.77365	0.01043	0.01270	4.14373	1.51661	0.99739	-0.07226	-0.00022	0.07226	0.99739	0.00018	0.00021	-0.00020	1.00000	
22	0.11000	0.84857	-13.59046	0.68488	0.15358	-0.01605	-0.89121	0.21269	0.99988	0.01555	0.00028	-0.01555	0.99988	0.00268	-0.00024	-0.00268	1.00000		0.13269	6.98610	0.77423	0.01441	0.00847	4.14257	1.52599	0.99739	-0.07224	-0.00015	0.07224	0.99739	0.00025	0.00013	-0.00026	1.00000	
23	0.11500	0.86478	-13.59468	0.68261	0.15284	-0.02330	-0.89132	0.21092	0.99988	0.01556	0.00041	-0.01556	0.99988	0.00267	-0.00037	-0.00267	1.00000		0.07127	6.96867	0.77156	0.01218	0.01141	4.14102	1.52634	0.99739	-0.07221	-0.00020	0.07221	0.99739	0.00021	0.00018	-0.00023	1.00000	
24	0.12000	0.81991	-13.84215	0.41063	0.09153	-0.01856	-0.88227	0.17722	0.99988	0.01540	0.00032	-0.01540	0.99988	0.00160	-0.00030	-0.00160	1.00000		0.26238	6.82404	0.82499	-0.00577	-0.02000	4.13590	1.53246	0.99740	-0.07212	0.00035	0.07212	0.99740	-0.00010	-0.00034	0.00013	1.00000	
25	0.12500	0.81302	-13.85367	0.39742	0.08949	-0.01510	-0.87890	0.17183	0.99988	0.01534	0.00026	-0.01534	0.99988	0.00156	-0.00024	-0.00157	1.00000		0.26093	6.82322	0.81052	-0.00618	-0.02112	4.14071	1.52226	0.99739	-0.07221	0.00037	0.07221	0.99739	-0.00011	-0.00036	0.00013	1.00000	
26	0.13000	0.81226	-13.85978	0.40002	0.08721	-0.01732	-0.88140	0.17922	0.99988	0.01538	0.00030	-0.01538	0.99988	0.00152	-0.00028	-0.00153	1.00000		0.25868	6.84582	0.80878	-0.00129	-0.02429	4.13649	1.53232	0.99740	-0.07213	0.00042	0.07213	0.99740	-0.00002	-0.00042	0.00005	1.00000	
27	0.13500	0.78999	-13.84473	0.38047	0.08649	-0.02016	-0.88209	0.17268	0.99988	0.01539	0.00035	-0.01540	0.99988	0.00151	-0.00033	-0.00151	1.00000		0.24322	6.83801	0.81211	-0.00052	-0.02380	4.13589	1.53201	0.99740	-0.07212	0.00042	0.07212	0.99740	-0.00001	-0.00041	0.00004	1.00000	
28	0.14000	0.84053	-13.84423	0.37889	0.08635	-0.02321	-0.88168	0.17141	0.99988	0.01539	0.00041	-0.01539	0.99988	0.00151	-0.00038	-0.00151	1.00000		0.25592	6.83743	0.80498	0.00302	-0.02266	4.14020	1.52067	0.99739	-0.07220	0.00040	0.07220	0.99739	0.00005	-0.00040	-0.00002	1.00000	
29	0.14500	0.79243	-13.84496	0.37296	0.08470	-0.01980	-0.88221	0.17394	0.99988	0.01540	0.00035	-0.01540	0.99988	0.00148	-0.00032	-0.00148	1.00000		0.26174	6.83153	0.79857	0.00346	-0.02730	4.13848	1.52771	0.99739	-0.07217	0.00048	0.07217	0.99739	0.00006	-0.00048	-0.00003	1.00000	
30	0.15000	0.82208	-13.84790	0.36850	0.08407	-0.02435	-0.87590	0.18143	0.99988	0.01529	0.00043	-0.01529	0.99988	0.00147	-0.00040	-0.00147	1.00000		0.26995	6.85013	0.80471	0.00832	-0.02858	4.13916	1.52915	0.99739	-0.07218	0.00050	0.07218	0.99739	0.00015	-0.00051	-0.00011	1.00000	
31	0.15500	0.82965	-13.89902	0.38997	0.07417	-0.02853	-0.88018	0.15979	0.99988	0.01536	0.00050	-0.01536	0.99988	0.00129	-0.00048	-0.00130	1.00000		0.28256	6.84026	0.80313	0.00944	-0.03141	4.13500	1.54820	0.99740	-0.07211	0.00055	0.07211	0.99740	0.00016	-0.00056	-0.00012	1.00000	
32	0.16000	0.81844	-13.89505	0.38412	0.07440	-0.03119	-0.87948	0.16244	0.99988	0.01535	0.00054	-0.01535	0.99988	0.00130	-0.00052	-0.00131	1.00000		0.25835	6.83449	0.79887	0.00981	-0.03090	4.13499	1.56176	0.99740	-0.07211	0.00054	0.07211	0.99740	0.00017	-0.00055	-0.00013	1.00000	
33	0.16500	0.81080	-13.85911	0.37854	0.08347	-0.02767	-0.87960	0.17131	0.99988	0.01535	0.00048	-0.01535	0.99988	0.00146	-0.00046	-0.00146	1.00000		0.25909	6.83485	0.79613	0.01503	-0.03466	4.13994	1.54480	0.99739	-0.07219	0.00060	0.07219	0.99739	0.00026	-0.00062	-0.00022	1.00000	
34	0.17000	0.79898	-13.85373	0.35457	0.08648	-0.02913	-0.87602	0.17928	0.99988	0.01529	0.00051	-0.01529	0.99988	0.00151	-0.00049	-0.00152	1.00000		0.25578	6.84770	0.79444	0.01768	-0.03257	4.13836	1.53455	0.99739	-0.07217	0.00057	0.07216	0.99739	0.00031	-0.00059	-0.00027	1.00000	
35	0.17500	0.84263	-13.89014	0.37864	0.07712	-0.04207	-0.88068	0.16363	0.99988	0.01537	0.00073	-0.01537	0.99988	0.00135	-0.00071	-0.00136	1.00000		0.27352	6.83730	0.78956	0.02071	-0.03611	4.13763	1.55169	0.99739	-0.07215	0.00063	0.07215	0.99739	0.00036	-0.00065	-0.00032	1.00000	
36	0.18000	0.79704	-13.90271	0.36786	0.07888	-0.03556	-0.87815	0.15990	0.99988	0.01533	0.00062	-0.01533	0.99988	0.00138	-0.00060	-0.00139	1.00000		0.25848	6.84951	0.79353	0.02507	-0.03523	4.13949	1.56243	0.99739	-0.07218	0.00061	0.07218	0.99739	0.00044	-0.00064	-0.00039	1.00000	
37	0.18500	0.78314	-13.89961	0.37208	0.08091	-0.03866	-0.87924	0.17231	0.99988	0.01535	0.00067	-0.01535	0.99988	0.00141	-0.00065	-0.00142	1.00000		0.22941	6.84465	0.77816	0.02656	-0.03899	4.14154	1.55990	0.99739	-0.07222	0.00068	0.07222	0.99739	0.00046	-0.00071	-0.00041	1.00000	
38	0.19000	0.79727	-13.88137	0.37653	0.08597	-0.03633	-0.88091	0.16993	0.99988	0.01537	0.00063	-0.01538	0.99988	0.00150	-0.00061	-0.00151	1.00000		0.25509	6.85114	0.78559	0.03086	-0.04035	4.14024	1.55366	0.99739	-0.07220	0.00070	0.07220	0.99739	0.00054	-0.00074	-0.00049	1.00000	
39	0.19500	0.81677	-13.91250	0.38456	0.08309	-0.04649	-0.88429	0.18503	0.99988	0.01543	0.00081	-0.01543	0.99988	0.00145	-0.00079	-0.00146	1.00000		0.27091	6.84333	0.77248	0.03207	-0.04495	4.14024	1.56285	0.99739	-0.07220	0.00078	0.07220	0.99739	0.00056	-0.00082	-0.00050	1.00000	
40	0.20000	0.81118	-13.90755	0.36968	0.08751	-0.04731	-0.88354	0.16592	0.99988	0.01542	0.00083	-0.01542	0.99988	0.00153	-0.00080	-0.00154	1.00000		0.28438	6.84811	0.77085	0.03480	-0.04609	4.13567	1.56951	0.99740	-0.07212	0.00080	0.07212	0.99740	0.00061	-0.00085	-0.00055	1.00000	
41	0.20500	0.79906	-13.91420	0.36808	0.08865	-0.04742	-0.88096	0.17423	0.99988	0.01538	0.00083	-0.01538	0.99988	0.00155	-0.00080	-0.00156	1.00000		0.28984	6.83156	0.78347	0.03720	-0.05067	4.14003	1.57114	0.99739	-0.07219	0.00088	0.07219	0.99739	0.00065	-0.00093	-0.00058	1.00000	
42	0.21000	0.78479	-13.91135	0.37901	0.09040	-0.04636	-0.88052	0.17963	0.99988	0.01537	0.00081	-0.01537	0.99988	0.00158	-0.00078	-0.00159	1.00000		0.27591	6.85866	0.77940	0.04254	-0.04977	4.14179	1.56783	0.99739	-0.07222	0.00087	0.07222	0.99739	0.00074	-0.00092	-0.00068	1.00000	
43	0.21500	0.78057	-13.90094	0.37251	0.09626	-0.05078	-0.87888	0.16346	0.99988	0.01534	0.00089	-0.01534	0.99988	0.00168	-0.00086	-0.00169	1.00000		0.24357	6.84394	0.76744	0.04335	-0.05015	4.13967	1.57452	0.99739	-0.07219	0.00088	0.07219	0.99739	0.00076	-0.00093	-0.00069	1.00000	
44	0.22000	0.77220	-13.91602	0.36673	0.09780	-0.05279	-0.87977	0.16799	0.99988	0.01535	0.00092	-0.01536	0.99988	0.00171	-0.00089	-0.00172	1.00000		0.26640	6.85670	0.75735	0.04724	-0.05411	4.13917	1.55607	0.99739	-0.07218	0.00094	0.07218	0.99739	0.00082	-0.00100	-0.00075	1.00000	
45	0.22500	0.80229	-13.92767	0.37701	0.10121	-0.05700	-0.88086	0.17901	0.99988	0.01537	0.00099	-0.01538	0.99988	0.00177	-0.00097	-0.00178	1.00000		0.24899	6.84963	0.76843	0.05080	-0.05500	4.14211	1.56285	0.99739	-0.07223	0.00096	0.07223	0.99739	0.00089	-0.00102	-0.00081	1.00000	
46	0.23000	0.75239	-13.92314	0.37324	0.10491	-0.05381	-0.88134	0.18291	0.99988	0.01538	0.00094	-0.01538	0.99988	0.00183	-0.00091	-0.00185	1.00000		0.25930	6.85553	0.76339	0.05270	-0.05845	4.14206	1.55873	0.99739	-0.07223	0.00102	0.07223	0.99739	0.00092	-0.00108	-0.00084	1.00000	
47	0.23500	0.78949	-13.92515	0.37293	0.10862	-0.05830	-0.88094	0.18063	0.99988	0.01537	0.00102	-0.01538	0.99988	0.00190	-0.00099	-0.00191	1.00000		0.24826	6.84697	0.75207	0.05495	-0.05876	4.14173	1.57183	0.99739	-0.07222	0.00103	0.07222	0.99739	0.00096	-0.00109	-0.00088	1.00000	
48	0.24000	0.75839	-13.91984	0.35842	0.11448	-0.05969	-0.88141	0.17989	0.99988	0.01538	0.00104	-0.01538	0.99988	0.00200	-0.00101	-0.00201	1.00000		0.29142	6.84123	0.75956	0.05833	-0.06141	4.14191	1.56828	0.99739	-0.07223	0.00107	0.07223	0.99739	0.00102	-0.00114	-0.00094	1.00000	
49	0.24500	0.74516	-13.92861	0.37402	0.11883	-0.06302	-0.88517	0.16469	0.99988	0.01545	0.00110	-0.01545	0.99988	0.00207	-0.00107	-0.00209	1.00000		0.26706	6.85057	0.77120	0.06194	-0.06258	4.14194	1.57172	0.99739	-0.07223	0.00109	0.07223	0.99739	0.00108	-0.00117	-0.00100	1.00000	
50	0.25000	0.74135	-13.93322	0.37211	0.12034	-0.06496	-0.88250	0.17134	0.99988	0.01540	0.00113	-0.01540	0.99988	0.00210	-0.00110	-0.00212	1.00000		0.24904	6.85488	0.76850	0.06344	-0.06103	4.14342	1.58692	0.99739	-0.07225	0.00107	0.07225	0.99739	0.00111	-0.00114	-0.00103	1.00000	
51	0.25500	0.77518	-13.95707	0.37553	0.12335	-0.06978	-0.88303	0.17679	0.99988	0.01541	0.00122	-0.01541	0.99988	0.00215	-0.00118	-0.00217	1.00000		0.24043	6.84606	0.75663	0.06465	-0.06376	4.14089	1.57699	0.99739	-0.07221	0.00111	0.07221	0.99739	0.00113	-0.00119	-0.00105	1.00000	
52	0.26000	0.75215	-13.94672	0.38044	0.12870	-0.07208	-0.88477	0.17179	0.99988	0.01544	0.00126	-0.01544	0.99988	0.00225	-0.00122	-0.00227	1.00000		0.23557	6.84732	0.75211	0.06700	-0.06486	4.13988	1.58960	0.99739	-0.07219	0.00113	0.07219	0.99739	0.00117	-0.00121	-0.00108	1.00000	
53	0.26500	0.77859	-13.95723	0.38206	0.13138	-0.07244	-0.88326	0.17321	0.99988	0.01542	0.00126	-0.01542	0.99988	0.00229	-0.00123	-0.00231	1.00000		0.23657	6.85049	0.75499	0.07035	-0.06666	4.14432	1.58196	0.99738	-0.07227	0.00116	0.07227	0.99738	0.00123	-0.00125	-0.00114	1.00000	
54	0.27000	0.74290	-13.96731	0.38197	0.13472	-0.07403	-0.87943	0.16847	0.99988	0.01535	0.00129	-0.01535	0.99988	0.00235	-0.00126	-0.00237	1.00000		0.24972	6.84660	0.75134	0.07257	-0.06606	4.14147	1.59135	0.99739	-0.07222	0.00115	0.07222	0.99739	0.00127	-0.00124	-0.00118	1.00000	
55	0.27500	0.72918	-13.95196	0.37102	0.14231	-0.07655	-0.88200	0.16838	0.99988	0.01539	0.00134	-0.01540	0.99988	0.00248	-0.00130	-0.00250	1.00000		0.21754	6.85236	0.75002	0.07372	-0.06604	4.13892	1.58237	0.99739	-0.07217	0.00115	0.07217	0.99739	0.00129	-0.00124	-0.00120	1.00000	
56	0.28000	0.74701	-13.95118	0.36571	0.15031	-0.07539	-0.88479	0.17072	0.99988	0.01544	0.00132	-0.01545	0.99988	0.00262	-0.00128	-0.00264	1.00000		0.23013	6.83883	0.74611	0.07516	-0.06829	4.14348	1.58040	0.99739	-0.07225	0.00119	0.07225	0.99739	0.00131	-0.00128	-0.00122	1.00000	
57	0.28500	0.76268	-13.96649	0.35811	0.15290	-0.08246	-0.87829	0.18379	0.99988	0.01533	0.00144	-0.01533	0.99988	0.00267	-0.00140	-0.00269	1.00000		0.24770	6.83868	0.75108	0.07690	-0.07126	4.14363	1.59399	0.99739	-0.07226	0.00124	0.07226	0.99739	0.00134	-0.00134	-0.00125	1.00000	
58	0.29000	0.74132	-13.96593	0.37062	0.15610	-0.08546	-0.88131	0.17717	0.99988	0.01538	0.00149	-0.01539	0.99988	0.00272	-0.00145	-0.00275	1.00000		0.21406	6.84675	0.76423	0.07937	-0.07252	4.14321	1.59236	0.99739	-0.07225	0.00127	0.07225	0.99739	0.00139	-0.00136	-0.00129	1.00000	
59	0.29500	0.73097	-13.95961	0.35336	0.16495	-0.08364	-0.88621	0.17830	0.99988	0.01547	0.00146	-0.01547	0.99988	0.00288	-0.00142	-0.00290	0.99999		0.20109	6.84114	0.75200	0.08042	-0.06916	4.14151	1.60218	0.99739	-0.07222	0.00121	0.07222	0.99739	0.00140	-0.00131	-0.00131	1.00000	
60	0.30000	0.74587	-13.98435	0.35775	0.16445	-0.08913	-0.88276	0.18019	0.99988	0.01541	0.00156	-0.01541	0.99988	0.00287	-0.00151	-0.00289	0.99999		0.19708	6.82727	0.74355	0.07987	-0.07212	4.14387	1.59257	0.99738	-0.07226	0.00126	0.07226	0.99738	0.00139	-0.00136	-0.00130	1.00000	
61	0.30500	0.74689	-13.97510	0.36559	0.16918	-0.09244	-0.88193	0.18228	0.99988	0.01539	0.00161	-0.01540	0.99988	0.00295	-0.00157	-0.00298	0.99999		0.20422	6.83393	0.74058	0.08108	-0.07319	4.14391	1.59178	0.99738	-0.07226	0.00128	0.07226	0.99738	0.00142	-0.00138	-0.00132	1.00000	
62	0.31000	0.74994	-14.00086	0.36216	0.17220	-0.09506	-0.88662	0.17937	0.99988	0.01547	0.00166	-0.01548	0.99988	0.00301	-0.00161	-0.00303	0.99999		0.21660	6.82650	0.74546	0.08309	-0.07553	4.14444	1.60711	0.99738	-0.07227	0.00132	0.07227	0.99738	0.00145	-0.00142	-0.00135	1.00000	
63	0.31500	0.70173	-14.00037	0.35508	0.17788	-0.09045	-0.88449	0.17733	0.99988	0.01544	0.00158	-0.01544	0.99988	0.00310	-0.00153	-0.00313	0.99999		0.16100	6.83187	0.73124	0.08339	-0.07307	4.14423	1.59071	0.99738	-0.07227	0.00128	0.07227	0.99738	0.00146	-0.00138	-0.00136	1.00000	
64	0.32000	0.74223	-14.00655	0.35598	0.18194	-0.09340	-0.88452	0.17533	0.99988	0.01544	0.00163	-0.01544	0.99988	0.00318	-0.00158	-0.00320	0.99999		0.21395	6.83031	0.74113	0.08442	-0.07690	4.14342	1.60536	0.99739	-0.07225	0.00134	0.07225	0.99739	0.00147	-0.00145	-0.00137	1.00000	
65	0.32500	0.72662	-14.00307	0.35996	0.18360	-0.09620	-0.88258	0.18887	0.99988	0.01540	0.00168	-0.01541	0.99988	0.00320	-0.00163	-0.00323	0.99999		0.18362	6.82034	0.72149	0.08343	-0.07706	4.14562	1.58967	0.99738	-0.07229	0.00134	0.07229	0.99738	0.00146	-0.00145	-0.00136	1.00000	
66	0.33000	0.71995	-14.01926	0.35698	0.18531	-0.09326	-0.88276	0.16500	0.99988	0.01541	0.00163	-0.01541	0.99988	0.00323	-0.00158	-0.00326	0.99999		0.19660	6.82560	0.72285	0.08515	-0.07770	4.14509	1.57499	0.99738	-0.07228	0.00136	0.07228	0.99738	0.00149	-0.00146	-0.00138	1.00000	
67	0.33500	0.69930	-13.99826	0.34709	0.19374	-0.09454	-0.88282	0.17451	0.99988	0.01541	0.00165	-0.01541	0.99988	0.00338	-0.00160	-0.00341	0.99999		0.18273	6.80094	0.72091	0.08208	-0.07936	4.14222	1.58452	0.99739	-0.07223	0.00139	0.07223	0.99739	0.00143	-0.00148	-0.00133	1.00000	
68	0.34000	0.71503	-14.00212	0.34617	0.19619	-0.09978	-0.88164	0.19189	0.99988	0.01539	0.00174	-0.01539	0.99988	0.00342	-0.00169	-0.00345	0.99999		0.18265	6.82169	0.72100	0.08530	-0.08034	4.14666	1.59417	0.99738	-0.07231	0.00140	0.07231	0.99738	0.00149	-0.00151	-0.00138	1.00000	
69	0.34500	0.69998	-14.03333	0.35694	0.19658	-0.09581	-0.88245	0.17784	0.99988	0.01540	0.00167	-0.01541	0.99988	0.00343	-0.00162	-0.00346	0.99999		0.20512	6.82091	0.71285	0.08503	-0.08099	4.14339	1.58610	0.99739	-0.07225	0.00141	0.07225	0.99739	0.00148	-0.00152	-0.00138	1.00000	
70	0.35000	0.69916	-14.02766	0.33969	0.19868	-0.09801	-0.88168	0.19484	0.99988	0.01539	0.00171	-0.01539	0.99988	0.00347	-0.00166	-0.00349	0.99999		0.19195	6.82248	0.71192	0.08448	-0.08024	4.14403	1.60010	0.99738	-0.07226	0.00140	0.07226	0.99738	0.00147	-0.00150	-0.00137	1.00000	
71	0.35500	0.70004	-14.02119	0.33983	0.20324	-0.09666	-0.88129	0.19209	0.99988	0.01538	0.00169	-0.01539	0.99988	0.00355	-0.00163	-0.00357	0.99999		0.15731	6.79532	0.70280	0.08156	-0.07800	4.14845	1.58900	0.99738	-0.07234	0.00136	0.07234	0.99738	0.00142	-0.00146	-0.00132	1.00000	
72	0.36000	0.70626	-14.02296	0.34849	0.20664	-0.09608	-0.88474	0.17442	0.99988	0.01544	0.00168	-0.01545	0.99987	0.00361	-0.00162	-0.00363	0.99999		0.16184	6.81297	0.70912	0.08428	-0.07881	4.14565	1.59216	0.99738	-0.07229	0.00138	0.07229	0.99738	0.00147	-0.00148	-0.00137	1.00000	
73	0.36500	0.73569	-14.04637	0.33414	0.20628	-0.10088	-0.88131	0.17642	0.99988	0.01538	0.00176	-0.01539	0.99988	0.00360	-0.00171	-0.00363	0.99999		0.16660	6.79550	0.69433	0.08316	-0.07987	4.14785	1.57054	0.99738	-0.07233	0.00139	0.07233	0.99738	0.00145	-0.00150	-0.00135	1.00000	
74	0.37000	0.66880	-14.01956	0.33244	0.21364	-0.09388	-0.88697	0.18408	0.99988	0.01548	0.00164	-0.01549	0.99987	0.00373	-0.00158	-0.00375	0.99999		0.13668	6.80966	0.69834	0.08250	-0.07642	4.14400	1.58984	0.99738	-0.07226	0.00133	0.07226	0.99738	0.00144	-0.00143	-0.00134	1.00000	
75	0.37500	0.70733	-14.02977	0.33956	0.21178	-0.10040	-0.88355	0.18935	0.99988	0.01542	0.00175	-0.01543	0.99987	0.00370	-0.00170	-0.00372	0.99999		0.13602	6.78819	0.69464	0.08115	-0.07518	4.14398	1.57651	0.99738	-0.07226	0.00131	0.07226	0.99738	0.00142	-0.00141	-0.00132	1.00000	
76	0.38000	0.69860	-14.04296	0.31059	0.21227	-0.10070	-0.88360	0.19808	0.99988	0.01542	0.00176	-0.01543	0.99987	0.00370	-0.00170	-0.00373	0.99999		0.14576	6.81544	0.70294	0.08505	-0.07817	4.14352	1.57118	0.99739	-0.07225	0.00136	0.07225	0.99739	0.00148	-0.00147	-0.00138	1.00000	
77	0.38500	0.69648	-14.05165	0.32277	0.21194	-0.10056	-0.88112	0.17761	0.99988	0.01538	0.00176	-0.01538	0.99987	0.00370	-0.00170	-0.00373	0.99999		0.13870	6.78537	0.68311	0.08007	-0.07718	4.14438	1.59074	0.99738	-0.07227	0.00135	0.07227	0.99738	0.00140	-0.00144	-0.00130	1.00000	
78	0.39000	0.66431	-14.04043	0.33776	0.21606	-0.09606	-0.88537	0.18614	0.99988	0.01545	0.00168	-0.01546	0.99987	0.00377	-0.00162	-0.00380	0.99999		0.13958	6.80464	0.68936	0.08278	-0.07849	4.14688	1.58171	0.99738	-0.07231	0.00137	0.07231	0.99738	0.00144	-0.00147	-0.00134	1.00000	
79	0.39500	0.67872	-14.06305	0.32640	0.21664	-0.09789	-0.88785	0.18247	0.99988	0.01550	0.00171	-0.01550	0.99987	0.00378	-0.00165	-0.00381	0.99999		0.14141	6.78926	0.68324	0.08089	-0.07742	4.14578	1.58741	0.99738	-0.07229	0.00135	0.07229	0.99738	0.00141	-0.00145	-0.00131	1.00000	
80	0.40000	0.69955	-14.04738	0.31699	0.21780	-0.09761	-0.88492	0.18930	0.99988	0.01544	0.00170	-0.01545	0.99987	0.00380	-0.00164	-0.00383	0.99999		0.12187	6.78747	0.68187	0.07944	-0.07601	4.14477	1.56431	0.99738	-0.07228	0.00133	0.07227	0.99738	0.00139	-0.00142	-0.00129	1.00000	
81	0.40500	0.71087	-14.05404	0.32210	0.21684	-0.09928	-0.88544	0.18459	0.99988	0.01545	0.00173	-0.01546	0.99987	0.00378	-0.00167	-0.00381	0.99999		0.15152	6.79944	0.67435	0.08118	-0.07898	4.14550	1.57374	0.99738	-0.07229	0.00138	0.07229	0.99738	0.00142	-0.00148	-0.00131	1.00000	
82	0.41000	0.67915	-14.05109	0.32583	0.21821	-0.09575	-0.88719	0.19973	0.99988	0.01548	0.00167	-0.01549	0.99987	0.00381	-0.00161	-0.00383	0.99999		0.12823	6.78562	0.66283	0.07998	-0.07541	4.14450	1.59059	0.99738	-0.07227	0.00132	0.07227	0.99738	0.00140	-0.00141	-0.00130	1.00000	
83	0.41500	0.70358	-14.04654	0.31791	0.21569	-0.09793	-0.88280	0.19453	0.99988	0.01541	0.00171	-0.01541	0.99987	0.00376	-0.00165	-0.00379	0.99999		0.15679	6.78538	0.66219	0.07985	-0.07479	4.14764	1.58634	0.99738	-0.07233	0.00131	0.07232	0.99738	0.00139	-0.00140	-0.00130	1.00000	
84	0.42000	0.69221	-14.07605	0.32417	0.21566	-0.09684	-0.88626	0.17399	0.99988	0.01547	0.00169	-0.01547	0.99987	0.00376	-0.00163	-0.00379	0.99999		0.11763	6.77217	0.65266	0.07677	-0.07222	4.14392	1.56263	0.99738	-0.07226	0.00126	0.07226	0.99738	0.00134	-0.00135	-0.00125	1.00000	
85	0.42500	0.69026	-14.05023	0.30728	0.21622	-0.09202	-0.88088	0.19375	0.99988	0.01537	0.00161	-0.01538	0.99987	0.00377	-0.00155	-0.00380	0.99999		0.09476	6.75247	0.64693	0.07485	-0.07196	4.14463	1.58572	0.99738	-0.07227	0.00126	0.07227	0.99738	0.00131	-0.00135	-0.00121	1.00000	
86	0.43000	0.70033	-14.06287	0.31096	0.21317	-0.09559	-0.88414	0.19223	0.99988	0.01543	0.00167	-0.01544	0.99987	0.00372	-0.00161	-0.00375	0.99999		0.10396	6.77337	0.65814	0.07615	-0.07137	4.14455	1.57620	0.99738	-0.07227	0.00125	0.07227	0.99738	0.00133	-0.00134	-0.00124	1.00000	
87	0.43500	0.65841	-14.04718	0.31674	0.21364	-0.09157	-0.88261	0.18441	0.99988	0.01540	0.00160	-0.01541	0.99987	0.00373	-0.00154	-0.00375	0.99999		0.12970	6.75390	0.63812	0.07551	-0.07098	4.14545	1.58355	0.99738	-0.07229	0.00124	0.07229	0.99738	0.00132	-0.00133	-0.00122	1.00000	
88	0.44000	0.67337	-14.05933	0.31445	0.21275	-0.09152	-0.88267	0.19867	0.99988	0.01540	0.00160	-0.01541	0.99987	0.00371	-0.00154	-0.00374	0.99999		0.11776	6.75826	0.64617	0.07542	-0.07042	4.14611	1.59747	0.99738	-0.07230	0.00123	0.07230	0.99738	0.00132	-0.00132	-0.00122	1.00000	
89	0.44500	0.67993	-14.06715	0.30650	0.21093	-0.08873	-0.88209	0.18638	0.99988	0.01539	0.00155	-0.01540	0.99987	0.00368	-0.00149	-0.00370	0.99999		0.10647	6.74970	0.63986	0.07347	-0.06881	4.14245	1.60207	0.99739	-0.07224	0.00120	0.07223	0.99739	0.00128	-0.00129	-0.00119	1.00000	
90	0.45000	0.68406	-14.07034	0.30490	0.20567	-0.08968	-0.88252	0.17307	0.99988	0.01540	0.00157	-0.01541	0.99987	0.00359	-0.00151	-0.00361	0.99999		0.09993	6.75623	0.63821	0.07419	-0.06913	4.14621	1.57897	0.99738	-0.07230	0.00121	0.07230	0.99738	0.00129	-0.00130	-0.00120	1.00000	
91	0.45500	0.68110	-14.05115	0.29989	0.20812	-0.08791	-0.88093	0.19379	0.99988	0.01537	0.00153	-0.01538	0.99988	0.00363	-0.00148	-0.00366	0.99999		0.09363	6.76068	0.63302	0.07772	-0.06848	4.14482	1.57766	0.99738	-0.07228	0.00120	0.07228	0.99738	0.00136	-0.00129	-0.00127	1.00000	
92	0.46000	0.67813	-14.06051	0.29303	0.20319	-0.08438	-0.88157	0.18924	0.99988	0.01539	0.00147	-0.01539	0.99988	0.00355	-0.00142	-0.00357	0.99999		0.10854	6.73309	0.63288	0.07279	-0.06595	4.14766	1.57351	0.99738	-0.07233	0.00115	0.07233	0.99738	0.00127	-0.00124	-0.00118	1.00000	
93	0.46500	0.67240	-14.05880	0.30042	0.20163	-0.08624	-0.88016	0.19435	0.99988	0.01536	0.00151	-0.01537	0.99988	0.00352	-0.00145	-0.00354	0.99999		0.10090	6.72256	0.61875	0.07307	-0.06352	4.14586	1.58423	0.99738	-0.07230	0.00111	0.07229	0.99738	0.00128	-0.00120	-0.00119	1.00000	
94	0.47000	0.69087	-14.05167	0.29452	0.19969	-0.08443	-0.88071	0.21222	0.99988	0.01537	0.00147	-0.01538	0.99988	0.00349	-0.00142	-0.00351	0.99999		0.09656	6.72859	0.60978	0.07398	-0.06267	4.14622	1.57650	0.99738	-0.07230	0.00109	0.07230	0.99738	0.00129	-0.00118	-0.00121	1.00000	
95	0.47500	0.67208	-14.04876	0.29135	0.19628	-0.07998	-0.88216	0.19545	0.99988	0.01540	0.00140	-0.01540	0.99988	0.00343	-0.00134	-0.00345	0.99999		0.05301	6.71626	0.60464	0.07313	-0.05902	4.14728	1.58882	0.99738	-0.07232	0.00103	0.07232	0.99738	0.00128	-0.00112	-0.00120	1.00000	
96	0.48000	0.68831	-14.04957	0.28970	0.19383	-0.08206	-0.87751	0.20680	0.99988	0.01531	0.00143	-0.01532	0.99988	0.00338	-0.00138	-0.00340	0.99999		0.06835	6.71270	0.61412	0.07338	-0.06010	4.14661	1.57479	0.99738	-0.07231	0.00105	0.07231	0.99738	0.00128	-0.00114	-0.00120	1.00000	
97	0.48500	0.67191	-14.05997	0.28375	0.18840	-0.07660	-0.88014	0.19261	0.99988	0.01536	0.00134	-0.01537	0.99988	0.00329	-0.00129	-0.00331	0.99999		0.08760	6.70912	0.61621	0.07556	-0.06172	4.14869	1.57911	0.99738	-0.07235	0.00108	0.07234	0.99738	0.00132	-0.00117	-0.00124	1.00000	
98	0.49000	0.66668	-14.05469	0.28071	0.18700	-0.07603	-0.88016	0.19056	0.99988	0.01536	0.00133	-0.01537	0.99988	0.00326	-0.00128	-0.00328	0.99999		0.06833	6.70785	0.59513	0.07403	-0.05700	4.14590	1.58709	0.99738	-0.07230	0.00099	0.07230	0.99738	0.00129	-0.00109	-0.00122	1.00000	
99	0.49500	0.69949	-14.06082	0.27954	0.18255	-0.07786	-0.88490	0.20247	0.99988	0.01544	0.00136	-0.01545	0.99988	0.00319	-0.00131	-0.00321	0.99999		0.06377	6.71656	0.59281	0.07770	-0.05474	4.14540	1.59437	0.99738	-0.07229	0.00096	0.07229	0.99738	0.00136	-0.00105	-0.00128	1.00000	
100	0.50000	0.69791	-14.06008	0.27685	0.17831	-0.07663	-0.88322	0.19914	0.99988	0.01541	0.00134	-0.01542	0.99988	0.00311	-0.00129	-0.00313	0.99999		0.07857	6.70593	0.59544	0.07851	-0.05241	4.14698	1.58884	0.99738	-0.07232	0.00091	0.07231	0.99738	0.00137	-0.00101	-0.00130	1.00000	
101	0.50500	0.68223	-14.04584	0.27555	0.17739	-0.07253	-0.88342	0.18295	0.99988	0.01542	0.00127	-0.01542	0.99988	0.00310	-0.00122	-0.00312	0.99999		0.05946	6.69828	0.59418	0.07806	-0.05097	4.14965	1.58274	0.99738	-0.07236	0.00089	0.07236	0.99738	0.00136	-0.00099	-0.00129	1.00000	
102	0.51000	0.69550	-14.05236	0.27266	0.17239	-0.07266	-0.87995	0.20580	0.99988	0.01536	0.00127	-0.01536	0.99988	0.00301	-0.00122	-0.00303	0.99999		0.04801	6.67056	0.58754	0.07683	-0.04840	4.14710	1.57530	0.99738	-0.07232	0.00084	0.07232	0.99738	0.00134	-0.00094	-0.00128	1.00000	
103	0.51500	0.68063	-14.07364	0.26754	0.16501	-0.07032	-0.88087	0.20202	0.99988	0.01537	0.00123	-0.01538	0.99988	0.00288	-0.00118	-0.00290	1.00000		0.05483	6.66794	0.58168	0.07882	-0.04796	4.14782	1.59477	0.99738	-0.07233	0.00084	0.07233	0.99738	0.00138	-0.00093	-0.00131	1.00000	
104	0.52000	0.70011	-14.03394	0.26868	0.16589	-0.07270	-0.88131	0.19849	0.99988	0.01538	0.00127	-0.01538	0.99988	0.00290	-0.00122	-0.00291	0.99999		0.05969	6.69343	0.57556	0.08322	-0.04840	4.14817	1.59455	0.99738	-0.07234	0.00084	0.07233	0.99738	0.00145	-0.00095	-0.00139	1.00000	
105	0.52500	0.70868	-14.05272	0.24520	0.16108	-0.07131	-0.88046	0.22047	0.99988	0.01537	0.00124	-0.01537	0.99988	0.00281	-0.00120	-0.00283	1.00000		0.04907	6.67850	0.57540	0.08309	-0.04528	4.14998	1.60055	0.99738	-0.07237	0.00079	0.07237	0.99738	0.00145	-0.00089	-0.00139	1.00000	
106	0.53000	0.69345	-14.04826	0.25058	0.15668	-0.06882	-0.87838	0.20123	0.99988	0.01533	0.00120	-0.01533	0.99988	0.00273	-0.00116	-0.00275	1.00000		0.05450	6.68360	0.56168	0.08628	-0.04482	4.14999	1.58825	0.99738	-0.07237	0.00078	0.07237	0.99738	0.00151	-0.00089	-0.00145	1.00000	
107	0.53500	0.70680	-14.03808	0.25152	0.15581	-0.06624	-0.88252	0.19369	0.99988	0.01540	0.00116	-0.01541	0.99988	0.00272	-0.00111	-0.00274	1.00000		0.02004	6.64923	0.55512	0.08485	-0.03981	4.15098	1.60595	0.99738	-0.07238	0.00069	0.07238	0.99738	0.00148	-0.00080	-0.00143	1.00000	
108	0.54000	0.70679	-14.04049	0.24096	0.15081	-0.06832	-0.87559	0.22236	0.99988	0.01528	0.00119	-0.01528	0.99988	0.00263	-0.00115	-0.00265	1.00000		0.01941	6.66121	0.55031	0.08847	-0.03968	4.15165	1.60751	0.99738	-0.07240	0.00069	0.07240	0.99737	0.00154	-0.00080	-0.00149	1.00000	
109	0.54500	0.67871	-14.04027	0.25261	0.14770	-0.06499	-0.88007	0.18489	0.99988	0.01536	0.00113	-0.01536	0.99988	0.00258	-0.00109	-0.00259	1.00000		0.04416	6.64439	0.55941	0.08896	-0.03759	4.15189	1.60812	0.99738	-0.07240	0.00066	0.07240	0.99737	0.00155	-0.00077	-0.00150	1.00000	
110	0.55000	0.69727	-14.03957	0.23528	0.14465	-0.06164	-0.87696	0.19555	0.99988	0.01531	0.00108	-0.01531	0.99988	0.00252	-0.00104	-0.00254	1.00000		0.02885	6.65003	0.54683	0.09084	-0.03660	4.15471	1.60202	0.99737	-0.07245	0.00064	0.07245	0.99737	0.00159	-0.00075	-0.00153	1.00000	
111	0.55500	0.71268	-14.03489	0.23810	0.14237	-0.06611	-0.87409	0.21128	0.99988	0.01526	0.00115	-0.01526	0.99988	0.00248	-0.00112	-0.00250	1.00000		0.03658	6.64007	0.54585	0.09274	-0.03697	4.15179	1.60666	0.99738	-0.07240	0.00065	0.07240	0.99737	0.00162	-0.00076	-0.00157	1.00000	
112	0.56000	0.70795	-14.02872	0.22024	0.14130	-0.06297	-0.87966	0.21509	0.99988	0.01535	0.00110	-0.01536	0.99988	0.00247	-0.00106	-0.00248	1.00000		0.03298	6.64877	0.55056	0.09564	-0.03306	4.15131	1.61898	0.99738	-0.07239	0.00058	0.07239	0.99738	0.00167	-0.00070	-0.00162	1.00000	
113	0.56500	0.72654	-14.02041	0.22942	0.13701	-0.06521	-0.87770	0.23031	0.99988	0.01532	0.00114	-0.01532	0.99988	0.00239	-0.00110	-0.00241	1.00000		0.00519	6.62289	0.54035	0.09485	-0.03082	4.15134	1.61966	0.99738	-0.07239	0.00054	0.07239	0.99737	0.00166	-0.00066	-0.00161	1.00000	
114	0.57000	0.69613	-14.02438	0.21762	0.13396	-0.06151	-0.87453	0.20005	0.99988	0.01526	0.00107	-0.01527	0.99988	0.00234	-0.00104	-0.00235	1.00000		0.04067	6.63212	0.53699	0.09826	-0.03014	4.15111	1.61943	0.99738	-0.07239	0.00053	0.07239	0.99738	0.00171	-0.00065	-0.00167	1.00000	
115	0.57500	0.70203	-14.01587	0.21795	0.13252	-0.05680	-0.87548	0.21822	0.99988	0.01528	0.00099	-0.01528	0.99988	0.00231	-0.00096	-0.00233	1.00000		0.03249	6.61765	0.54221	0.09981	-0.03092	4.15337	1.60878	0.99737	-0.07243	0.00054	0.07243	0.99737	0.00174	-0.00066	-0.00170	1.00000	
116	0.58000	0.70810	-14.02238	0.22257	0.12745	-0.05915	-0.87101	0.21293	0.99988	0.01520	0.00103	-0.01520	0.99988	0.00222	-0.00100	-0.00224	1.00000		0.01994	6.63522	0.53752	0.10345	-0.03026	4.15363	1.62667	0.99737	-0.07243	0.00053	0.07243	0.99737	0.00181	-0.00066	-0.00176	1.00000	
117	0.58500	0.73843	-14.03484	0.21827	0.12413	-0.06383	-0.87491	0.20901	0.99988	0.01527	0.00111	-0.01527	0.99988	0.00217	-0.00108	-0.00218	1.00000		0.01453	6.60157	0.53807	0.10322	-0.02860	4.15491	1.62825	0.99737	-0.07245	0.00050	0.07245	0.99737	0.00180	-0.00063	-0.00176	1.00000	
118	0.59000	0.73320	-14.00672	0.21120	0.12405	-0.06113	-0.87257	0.20468	0.99988	0.01523	0.00107	-0.01523	0.99988	0.00217	-0.00103	-0.00218	1.00000		0.01360	6.63346	0.52445	0.10699	-0.02795	4.15464	1.62705	0.99737	-0.07245	0.00049	0.07245	0.99737	0.00187	-0.00062	-0.00183	1.00000	
119	0.59500	0.71593	-14.01838	0.22143	0.12110	-0.05903	-0.87591	0.20880	0.99988	0.01529	0.00103	-0.01529	0.99988	0.00211	-0.00100	-0.00213	1.00000		0.02366	6.61103	0.53144	0.10717	-0.02865	4.15427	1.63609	0.99737	-0.07244	0.00050	0.07244	0.99737	0.00187	-0.00063	-0.00183	1.00000	
120	0.60000	0.71363	-14.01507	0.21973	0.12074	-0.05643	-0.87574	0.21316	0.99988	0.01528	0.00098	-0.01529	0.99988	0.00211	-0.00095	-0.00212	1.00000		0.00907	6.61787	0.52930	0.11211	-0.02821	4.15560	1.62819	0.99737	-0.07247	0.00049	0.07246	0.99737	0.00196	-0.00063	-0.00192	1.00000	
121	0.60500	0.72018	-14.02267	0.21861	0.11538	-0.05887	-0.87119	0.20833	0.99988	0.01520	0.00103	-0.01521	0.99988	0.00201	-0.00100	-0.00203	1.00000		0.03494	6.61571	0.52127	0.11445	-0.02759	4.15651	1.64295	0.99737	-0.07248	0.00048	0.07248	0.99737	0.00200	-0.00063	-0.00196	1.00000	
122	0.61000	0.72552	-14.02876	0.20553	0.11303	-0.05890	-0.87484	0.21293	0.99988	0.01527	0.00103	-0.01527	0.99988	0.00197	-0.00100	-0.00199	1.00000		0.04446	6.61491	0.51518	0.11507	-0.02770	4.15523	1.64888	0.99737	-0.07246	0.00048	0.07246	0.99737	0.00201	-0.00063	-0.00197	1.00000	
123	0.61500	0.75752	-14.02539	0.21067	0.11165	-0.06175	-0.87588	0.22023	0.99988	0.01529	0.00108	-0.01529	0.99988	0.00195	-0.00105	-0.00196	1.00000		0.02574	6.59517	0.51677	0.11632	-0.02529	4.15710	1.63452	0.99737	-0.07249	0.00044	0.07249	0.99737	0.00203	-0.00059	-0.00199	1.00000	
124	0.62000	0.73410	-14.02149	0.20933	0.10908	-0.05751	-0.87165	0.20691	0.99988	0.01521	0.00100	-0.01521	0.99988	0.00190	-0.00097	-0.00192	1.00000		0.00972	6.60640	0.51915	0.11864	-0.02431	4.15589	1.64573	0.99737	-0.07247	0.00042	0.07247	0.99737	0.00207	-0.00057	-0.00203	1.00000	
125	0.62500	0.79039	-14.07100	0.22806	0.09905	-0.06382	-0.87198	0.21085	0.99988	0.01522	0.00111	-0.01522	0.99988	0.00173	-0.00109	-0.00175	1.00000		0.03742	6.61864	0.50681	0.12260	-0.02557	4.15622	1.65509	0.99737	-0.07248	0.00045	0.07248	0.99737	0.00214	-0.00060	-0.00210	1.00000	
126	0.63000	0.77776	-14.03001	0.21377	0.10754	-0.06256	-0.87288	0.19611	0.99988	0.01523	0.00109	-0.01524	0.99988	0.00188	-0.00106	-0.00189	1.00000		0.01726	6.60559	0.53088	0.12292	-0.02285	4.15363	1.65629	0.99737	-0.07243	0.00040	0.07243	0.99737	0.00215	-0.00055	-0.00211	1.00000	
127	0.63500	0.73263	-14.02295	0.20921	0.10524	-0.05990	-0.87311	0.21497	0.99988	0.01524	0.00105	-0.01524	0.99988	0.00184	-0.00102	-0.00185	1.00000		0.01513	6.58291	0.52333	0.12107	-0.02263	4.15773	1.65296	0.99737	-0.07250	0.00040	0.07250	0.99737	0.00211	-0.00055	-0.00208	1.00000	
128	0.64000	0.75832	-14.03709	0.20270	0.10280	-0.06434	-0.87356	0.20649	0.99988	0.01525	0.00112	-0.01525	0.99988	0.00179	-0.00110	-0.00181	1.00000		0.05415	6.60809	0.52788	0.12578	-0.02563	4.15780	1.64861	0.99737	-0.07250	0.00045	0.07250	0.99737	0.00220	-0.00061	-0.00216	1.00000	
129	0.64500	0.75297	-14.03230	0.20277	0.10354	-0.06368	-0.87325	0.20997	0.99988	0.01524	0.00111	-0.01524	0.99988	0.00181	-0.00108	-0.00182	1.00000		0.03525	6.59495	0.52386	0.12624	-0.02303	4.15657	1.64636	0.99737	-0.07248	0.00040	0.07248	0.99737	0.00220	-0.00056	-0.00217	1.00000	
130	0.65000	0.77131	-14.02739	0.20370	0.10520	-0.06378	-0.87775	0.19889	0.99988	0.01532	0.00111	-0.01532	0.99988	0.00184	-0.00108	-0.00185	1.00000		0.03029	6.61440	0.52334	0.12845	-0.02367	4.15459	1.65668	0.99737	-0.07245	0.00041	0.07245	0.99737	0.00224	-0.00057	-0.00221	1.00000	
131	0.65500	0.75826	-14.02356	0.20866	0.10477	-0.06579	-0.87233	0.21094	0.99988	0.01522	0.00115	-0.01523	0.99988	0.00183	-0.00112	-0.00185	1.00000		0.04475	6.62281	0.53442	0.13266	-0.02437	4.15736	1.64786	0.99737	-0.07250	0.00043	0.07249	0.99737	0.00232	-0.00059	-0.00228	1.00000	
132	0.66000	0.74789	-14.02360	0.19621	0.10421	-0.06439	-0.87163	0.21361	0.99988	0.01521	0.00112	-0.01521	0.99988	0.00182	-0.00110	-0.00184	1.00000		0.02781	6.61040	0.52229	0.13097	-0.02354	4.15579	1.65907	0.99737	-0.07247	0.00041	0.07247	0.99737	0.00229	-0.00058	-0.00225	1.00000	
133	0.66500	0.78104	-14.03398	0.18458	0.10206	-0.07136	-0.87189	0.22035	0.99988	0.01522	0.00125	-0.01522	0.99988	0.00178	-0.00122	-0.00180	1.00000		0.03786	6.61556	0.52756	0.13274	-0.02344	4.15559	1.68478	0.99737	-0.07247	0.00041	0.07246	0.99737	0.00232	-0.00058	-0.00228	1.00000	
134	0.67000	0.75534	-14.02269	0.20787	0.10573	-0.06785	-0.87220	0.20841	0.99988	0.01522	0.00118	-0.01522	0.99988	0.00185	-0.00116	-0.00186	1.00000		0.03461	6.60703	0.53401	0.13299	-0.02316	4.15760	1.66493	0.99737	-0.07250	0.00040	0.07250	0.99737	0.00232	-0.00057	-0.00229	1.00000	
135	0.67500	0.79110	-14.02401	0.18461	0.10666	-0.06894	-0.87093	0.19416	0.99988	0.01520	0.00120	-0.01520	0.99988	0.00186	-0.00117	-0.00188	1.00000		0.05310	6.59943	0.53415	0.13364	-0.02639	4.15910	1.66304	0.99737	-0.07253	0.00046	0.07253	0.99736	0.00233	-0.00063	-0.00229	1.00000	
136	0.68000	0.80760	-14.04512	0.19505	0.10388	-0.07436	-0.87499	0.20698	0.99988	0.01527	0.00130	-0.01527	0.99988	0.00181	-0.00127	-0.00183	1.00000		0.03252	6.61951	0.52597	0.13508	-0.02269	4.15780	1.66464	0.99737	-0.07250	0.00040	0.07250	0.99737	0.00236	-0.00057	-0.00232	1.00000	
137	0.68500	0.76213	-14.03209	0.19704	0.10669	-0.07121	-0.86902	0.21263	0.99988	0.01517	0.00124	-0.01517	0.99988	0.00186	-0.00121	-0.00188	1.00000		0.04592	6.61706	0.53588	0.13453	-0.02508	4.15502	1.66667	0.99737	-0.07246	0.00044	0.07245	0.99737	0.00235	-0.00061	-0.00231	1.00000	
138	0.69000	0.79544	-14.03525	0.17823	0.10710	-0.07654	-0.86949	0.22012	0.99988	0.01517	0.00134	-0.01518	0.99988	0.00187	-0.00131	-0.00189	1.00000		0.00938	6.62738	0.53706	0.13620	-0.02528	4.15820	1.67949	0.99737	-0.07251	0.00044	0.07251	0.99736	0.00238	-0.00061	-0.00234	1.00000	
139	0.69500	0.78347	-14.03703	0.18225	0.10674	-0.07395	-0.86959	0.22209	0.99988	0.01518	0.00129	-0.01518	0.99988	0.00186	-0.00126	-0.00188	1.00000		0.05434	6.63224	0.54372	0.13559	-0.02617	4.15471	1.66506	0.99737	-0.07245	0.00046	0.07245	0.99737	0.00237	-0.00063	-0.00233	1.00000	
140	0.70000	0.79657	-14.05506	0.18990	0.10623	-0.07886	-0.87086	0.19946	0.99988	0.01520	0.00138	-0.01520	0.99988	0.00185	-0.00135	-0.00187	1.00000		0.05654	6.60245	0.53660	0.13276	-0.02666	4.16029	1.66163	0.99736	-0.07255	0.00047	0.07255	0.99736	0.00232	-0.00063	-0.00228	1.00000	
