NO_OF_FRAMES	1271
NO_OF_CAMERAS	8
NO_OF_BODIES	2
FREQUENCY	200
NO_OF_ANALOG	0
ANALOG_FREQUENCY	0
DESCRIPTION	--
TIME_STAMP	2013-07-05, 12:10:21	185435.52433877
DATA_INCLUDED	6D
BODY_NAMES	Ice 2 V2	Ice 3
Frame	Time	Ice 2 V2 X	Y	Z	Roll	Pitch	Yaw	Residual	Rot[0]	Rot[1]	Rot[2]	Rot[3]	Rot[4]	Rot[5]	Rot[6]	Rot[7]	Rot[8]	Ice 3 X	Y	Z	Roll	Pitch	Yaw	Residual	Rot[0]	Rot[1]	Rot[2]	Rot[3]	Rot[4]	Rot[5]	Rot[6]	Rot[7]	Rot[8]	
1	0.00500	1.79044	-13.67670	0.31232	0.18844	-0.09662	-0.90109	0.21885	0.99987	0.01573	0.00169	-0.01573	0.99987	0.00329	-0.00163	-0.00332	0.99999		1.57329	7.11425	0.18033	0.02925	-0.03246	4.50200	1.03920	0.99691	-0.07849	0.00057	0.07849	0.99691	0.00051	-0.00060	-0.00046	1.00000	
2	0.01000	1.72519	-13.63976	0.31065	0.19355	-0.09964	-0.89827	0.22567	0.99988	0.01568	0.00174	-0.01568	0.99987	0.00338	-0.00169	-0.00340	0.99999		1.56586	7.10247	0.18469	0.02660	-0.02868	4.49696	1.02048	0.99692	-0.07841	0.00050	0.07841	0.99692	0.00046	-0.00054	-0.00042	1.00000	
3	0.01500	1.75850	-13.64307	0.30203	0.19454	-0.10107	-0.90333	0.22779	0.99987	0.01577	0.00176	-0.01577	0.99987	0.00340	-0.00171	-0.00342	0.99999		1.53143	7.10250	0.19069	0.02659	-0.02504	4.49391	1.00441	0.99693	-0.07835	0.00044	0.07835	0.99693	0.00046	-0.00047	-0.00043	1.00000	
4	0.02000	1.76978	-13.63262	0.29944	0.19760	-0.10256	-0.90455	0.23104	0.99987	0.01579	0.00179	-0.01579	0.99987	0.00345	-0.00174	-0.00348	0.99999		1.55228	7.11368	0.19019	0.02772	-0.02441	4.49884	1.00914	0.99692	-0.07844	0.00043	0.07844	0.99692	0.00048	-0.00046	-0.00045	1.00000	
5	0.02500	1.73607	-13.63597	0.29003	0.19750	-0.10023	-0.89758	0.22297	0.99988	0.01567	0.00175	-0.01567	0.99987	0.00345	-0.00170	-0.00347	0.99999		1.54563	7.10884	0.19792	0.02602	-0.02502	4.49833	1.00305	0.99692	-0.07843	0.00044	0.07843	0.99692	0.00045	-0.00047	-0.00042	1.00000	
6	0.03000	1.77089	-13.65566	0.28753	0.19421	-0.10582	-0.89756	0.22962	0.99988	0.01566	0.00185	-0.01567	0.99987	0.00339	-0.00179	-0.00342	0.99999		1.55035	7.11916	0.20905	0.02753	-0.02236	4.49637	1.01540	0.99692	-0.07840	0.00039	0.07840	0.99692	0.00048	-0.00043	-0.00045	1.00000	
7	0.03500	1.76539	-13.63146	0.28577	0.19948	-0.10579	-0.90054	0.22512	0.99987	0.01572	0.00185	-0.01572	0.99987	0.00348	-0.00179	-0.00351	0.99999		1.54811	7.14456	0.21464	0.03181	-0.02163	4.49678	1.01602	0.99692	-0.07840	0.00038	0.07840	0.99692	0.00056	-0.00042	-0.00052	1.00000	
8	0.04000	1.77728	-13.64653	0.28512	0.20045	-0.10652	-0.90680	0.22461	0.99987	0.01583	0.00186	-0.01583	0.99987	0.00350	-0.00180	-0.00353	0.99999		1.53829	7.13793	0.21212	0.03137	-0.01843	4.49728	1.02135	0.99692	-0.07841	0.00032	0.07841	0.99692	0.00055	-0.00036	-0.00052	1.00000	
9	0.04500	1.72568	-13.63847	0.28257	0.20281	-0.10234	-0.90627	0.21776	0.99987	0.01582	0.00179	-0.01582	0.99987	0.00354	-0.00173	-0.00357	0.99999		1.52443	7.14669	0.22689	0.03316	-0.01460	4.49502	1.03154	0.99692	-0.07837	0.00025	0.07837	0.99692	0.00058	-0.00030	-0.00056	1.00000	
10	0.05000	1.77926	-13.64055	0.28080	0.20255	-0.10843	-0.90269	0.22056	0.99987	0.01575	0.00189	-0.01576	0.99987	0.00354	-0.00184	-0.00356	0.99999		1.52240	7.13997	0.24152	0.03296	-0.01250	4.49683	1.03308	0.99692	-0.07840	0.00022	0.07840	0.99692	0.00058	-0.00026	-0.00056	1.00000	
11	0.05500	1.76324	-13.64679	0.26967	0.20527	-0.11042	-0.90475	0.21792	0.99987	0.01579	0.00193	-0.01580	0.99987	0.00358	-0.00187	-0.00361	0.99999		1.46496	7.13192	0.23796	0.03407	-0.00660	4.49774	1.04325	0.99692	-0.07842	0.00012	0.07842	0.99692	0.00059	-0.00016	-0.00058	1.00000	
12	0.06000	1.73483	-13.64045	0.27860	0.20537	-0.10999	-0.90179	0.22690	0.99987	0.01574	0.00192	-0.01575	0.99987	0.00358	-0.00186	-0.00361	0.99999		1.51174	7.15140	0.25001	0.03872	-0.00932	4.49854	1.02110	0.99692	-0.07843	0.00016	0.07843	0.99692	0.00068	-0.00022	-0.00066	1.00000	
13	0.06500	1.72662	-13.64772	0.27272	0.20634	-0.10845	-0.90485	0.21641	0.99987	0.01579	0.00189	-0.01580	0.99987	0.00360	-0.00184	-0.00363	0.99999		1.48192	7.14895	0.26108	0.04024	-0.00633	4.49819	1.02204	0.99692	-0.07843	0.00011	0.07843	0.99692	0.00070	-0.00017	-0.00069	1.00000	
14	0.07000	1.75032	-13.66831	0.26156	0.20803	-0.11389	-0.90256	0.22261	0.99987	0.01575	0.00199	-0.01576	0.99987	0.00363	-0.00193	-0.00366	0.99999		1.47487	7.15484	0.27640	0.04193	-0.00337	4.49886	1.02766	0.99692	-0.07844	0.00006	0.07844	0.99692	0.00073	-0.00012	-0.00072	1.00000	
15	0.07500	1.69783	-13.64357	0.27841	0.21193	-0.11025	-0.90464	0.22226	0.99987	0.01579	0.00192	-0.01580	0.99987	0.00370	-0.00187	-0.00373	0.99999		1.46685	7.16076	0.28555	0.04567	-0.00236	4.49680	1.04629	0.99692	-0.07840	0.00004	0.07840	0.99692	0.00080	-0.00010	-0.00079	1.00000	
16	0.08000	1.71137	-13.64535	0.28054	0.21339	-0.11727	-0.90220	0.22397	0.99987	0.01575	0.00205	-0.01575	0.99987	0.00372	-0.00199	-0.00376	0.99999		1.44097	7.16169	0.29302	0.04785	0.00009	4.49764	1.03661	0.99692	-0.07842	-0.00000	0.07842	0.99692	0.00084	-0.00006	-0.00083	1.00000	
17	0.08500	1.73490	-13.65155	0.27283	0.21560	-0.11982	-0.90122	0.23089	0.99987	0.01573	0.00209	-0.01574	0.99987	0.00376	-0.00203	-0.00380	0.99999		1.43697	7.15158	0.30094	0.04997	0.00189	4.49762	1.04633	0.99692	-0.07842	-0.00003	0.07842	0.99692	0.00087	-0.00004	-0.00087	1.00000	
18	0.09000	1.70050	-13.64630	0.28725	0.21877	-0.11353	-0.90397	0.21969	0.99987	0.01578	0.00198	-0.01578	0.99987	0.00382	-0.00192	-0.00385	0.99999		1.41323	7.17654	0.31798	0.05454	0.00435	4.49683	1.04532	0.99692	-0.07840	-0.00008	0.07840	0.99692	0.00095	0.00000	-0.00095	1.00000	
19	0.09500	1.70600	-13.64507	0.27633	0.22157	-0.11878	-0.90523	0.22275	0.99987	0.01580	0.00207	-0.01581	0.99987	0.00387	-0.00201	-0.00390	0.99999		1.39891	7.15942	0.33081	0.05769	0.00587	4.49739	1.04552	0.99692	-0.07841	-0.00010	0.07841	0.99692	0.00101	0.00002	-0.00101	1.00000	
20	0.10000	1.67567	-13.65591	0.27611	0.22242	-0.11757	-0.90180	0.22619	0.99987	0.01574	0.00205	-0.01575	0.99987	0.00388	-0.00199	-0.00391	0.99999		1.41474	7.18612	0.35016	0.06329	0.00538	4.49919	1.04711	0.99692	-0.07844	-0.00009	0.07844	0.99692	0.00110	0.00001	-0.00111	1.00000	
21	0.10500	1.67751	-13.65373	0.27777	0.22624	-0.12093	-0.90431	0.21990	0.99987	0.01578	0.00211	-0.01579	0.99987	0.00395	-0.00205	-0.00398	0.99999		1.39376	7.16198	0.36566	0.06515	0.00794	4.49970	1.04767	0.99692	-0.07845	-0.00014	0.07845	0.99692	0.00114	0.00005	-0.00114	1.00000	
22	0.11000	1.68529	-13.66148	0.28538	0.22602	-0.12214	-0.89776	0.23150	0.99987	0.01567	0.00213	-0.01568	0.99987	0.00394	-0.00207	-0.00398	0.99999		1.39639	7.15729	0.38311	0.06790	0.00848	4.49689	1.05244	0.99692	-0.07841	-0.00015	0.07841	0.99692	0.00119	0.00005	-0.00119	1.00000	
23	0.11500	1.68331	-13.66633	0.27963	0.23096	-0.12406	-0.90047	0.23742	0.99987	0.01572	0.00217	-0.01572	0.99987	0.00403	-0.00210	-0.00406	0.99999		1.38384	7.17630	0.39277	0.07426	0.01061	4.49920	1.05370	0.99692	-0.07845	-0.00019	0.07845	0.99692	0.00130	0.00008	-0.00131	1.00000	
24	0.12000	1.63003	-13.88473	0.10654	0.18127	-0.12101	-0.89412	0.20204	0.99988	0.01560	0.00211	-0.01561	0.99987	0.00316	-0.00206	-0.00320	0.99999		1.47363	7.06459	0.46412	0.06158	-0.00521	4.49486	1.06310	0.99692	-0.07837	0.00009	0.07837	0.99692	0.00107	-0.00017	-0.00106	1.00000	
25	0.12500	1.66293	-13.89844	0.10809	0.18082	-0.12684	-0.89200	0.19775	0.99988	0.01557	0.00221	-0.01557	0.99987	0.00316	-0.00216	-0.00319	0.99999		1.49924	7.03735	0.49866	0.06260	-0.00880	4.49426	1.06373	0.99693	-0.07836	0.00015	0.07836	0.99692	0.00109	-0.00024	-0.00108	1.00000	
26	0.13000	1.63005	-13.90670	0.10429	0.18327	-0.12526	-0.89540	0.18990	0.99988	0.01563	0.00219	-0.01563	0.99987	0.00320	-0.00214	-0.00323	0.99999		1.45873	7.03685	0.48493	0.06652	-0.00594	4.49296	1.07698	0.99693	-0.07834	0.00010	0.07834	0.99693	0.00116	-0.00019	-0.00115	1.00000	
27	0.13500	1.63023	-13.92114	0.11700	0.18125	-0.12970	-0.88938	0.18696	0.99988	0.01552	0.00226	-0.01553	0.99987	0.00316	-0.00221	-0.00320	0.99999		1.42187	7.04152	0.50625	0.07146	-0.00356	4.49267	1.08859	0.99693	-0.07833	0.00006	0.07833	0.99693	0.00125	-0.00016	-0.00124	1.00000	
28	0.14000	1.59953	-13.93271	0.11746	0.18382	-0.12630	-0.89055	0.19992	0.99988	0.01554	0.00220	-0.01555	0.99987	0.00321	-0.00215	-0.00324	0.99999		1.44077	7.02718	0.52347	0.07565	-0.00072	4.49559	1.07028	0.99692	-0.07838	0.00001	0.07838	0.99692	0.00132	-0.00012	-0.00132	1.00000	
29	0.14500	1.58929	-13.92927	0.12827	0.18535	-0.12702	-0.89069	0.19781	0.99988	0.01554	0.00222	-0.01555	0.99987	0.00323	-0.00217	-0.00327	0.99999		1.42240	7.02230	0.54028	0.07911	-0.00157	4.49448	1.09270	0.99692	-0.07836	0.00003	0.07836	0.99692	0.00138	-0.00014	-0.00137	1.00000	
30	0.15000	1.57165	-13.94345	0.11920	0.18533	-0.12608	-0.89223	0.18671	0.99988	0.01557	0.00220	-0.01558	0.99987	0.00323	-0.00215	-0.00327	0.99999		1.41297	7.00551	0.55276	0.08220	-0.00084	4.49331	1.11442	0.99693	-0.07834	0.00001	0.07834	0.99693	0.00143	-0.00013	-0.00143	1.00000	
31	0.15500	1.57705	-13.96260	0.15040	0.18382	-0.12820	-0.88461	0.20175	0.99988	0.01544	0.00224	-0.01545	0.99988	0.00321	-0.00219	-0.00324	0.99999		1.41496	7.01376	0.57865	0.08898	0.00008	4.49378	1.11877	0.99693	-0.07835	-0.00000	0.07835	0.99692	0.00155	-0.00012	-0.00155	1.00000	
32	0.16000	1.57613	-13.95039	0.15104	0.18738	-0.13089	-0.88560	0.18615	0.99988	0.01546	0.00228	-0.01546	0.99988	0.00327	-0.00223	-0.00331	0.99999		1.37020	7.00703	0.59189	0.09193	0.00355	4.49408	1.10979	0.99693	-0.07836	-0.00006	0.07836	0.99692	0.00160	-0.00006	-0.00160	1.00000	
33	0.16500	1.54199	-13.96784	0.16515	0.18996	-0.12472	-0.88807	0.18131	0.99988	0.01550	0.00218	-0.01551	0.99987	0.00332	-0.00213	-0.00335	0.99999		1.41890	6.99366	0.60658	0.09895	-0.00038	4.49629	1.12051	0.99692	-0.07839	0.00001	0.07839	0.99692	0.00173	-0.00014	-0.00172	1.00000	
34	0.17000	1.55887	-13.98600	0.16956	0.18941	-0.13045	-0.88844	0.19082	0.99988	0.01551	0.00228	-0.01551	0.99987	0.00331	-0.00223	-0.00334	0.99999		1.36223	6.96395	0.62593	0.09833	0.00493	4.50049	1.09428	0.99692	-0.07847	-0.00009	0.07847	0.99692	0.00172	-0.00005	-0.00172	1.00000	
35	0.17500	1.52260	-13.98879	0.18090	0.18997	-0.12860	-0.88846	0.18744	0.99988	0.01551	0.00224	-0.01551	0.99987	0.00332	-0.00219	-0.00335	0.99999		1.39432	6.97856	0.63796	0.10471	0.00446	4.49794	1.12780	0.99692	-0.07842	-0.00008	0.07842	0.99692	0.00183	-0.00007	-0.00183	1.00000	
36	0.18000	1.55324	-14.01473	0.19255	0.19049	-0.12757	-0.88704	0.18955	0.99988	0.01548	0.00223	-0.01549	0.99987	0.00332	-0.00217	-0.00336	0.99999		1.31526	6.95649	0.65333	0.10945	0.00959	4.49915	1.11539	0.99692	-0.07844	-0.00017	0.07844	0.99692	0.00191	0.00002	-0.00192	1.00000	
37	0.18500	1.50233	-14.01623	0.20640	0.19254	-0.12494	-0.88873	0.17043	0.99988	0.01551	0.00218	-0.01552	0.99987	0.00336	-0.00213	-0.00339	0.99999		1.31624	6.95987	0.66914	0.11263	0.00557	4.49485	1.13891	0.99692	-0.07837	-0.00010	0.07837	0.99692	0.00197	-0.00006	-0.00197	1.00000	
38	0.19000	1.51152	-14.03302	0.21587	0.19096	-0.12549	-0.88295	0.18142	0.99988	0.01541	0.00219	-0.01542	0.99988	0.00333	-0.00214	-0.00337	0.99999		1.32438	6.94305	0.69030	0.11623	0.00686	4.49749	1.12467	0.99692	-0.07842	-0.00012	0.07842	0.99692	0.00203	-0.00004	-0.00203	1.00000	
39	0.19500	1.52678	-14.03313	0.22936	0.19341	-0.12490	-0.88508	0.17457	0.99988	0.01545	0.00218	-0.01545	0.99987	0.00338	-0.00213	-0.00341	0.99999		1.34245	6.94472	0.69662	0.12349	0.00694	4.50296	1.13433	0.99691	-0.07851	-0.00012	0.07851	0.99691	0.00216	-0.00005	-0.00216	1.00000	
40	0.20000	1.51989	-14.04365	0.24655	0.19255	-0.12011	-0.88316	0.17159	0.99988	0.01541	0.00210	-0.01542	0.99988	0.00336	-0.00204	-0.00339	0.99999		1.30325	6.93062	0.71125	0.12543	0.01071	4.49785	1.14883	0.99692	-0.07842	-0.00019	0.07842	0.99692	0.00219	0.00001	-0.00220	1.00000	
41	0.20500	1.49828	-14.07038	0.24098	0.19268	-0.12155	-0.88553	0.18088	0.99988	0.01545	0.00212	-0.01546	0.99987	0.00336	-0.00207	-0.00340	0.99999		1.31356	6.90952	0.71929	0.12918	0.00975	4.50007	1.14010	0.99692	-0.07846	-0.00017	0.07846	0.99691	0.00225	-0.00001	-0.00226	1.00000	
42	0.21000	1.49173	-14.06150	0.26200	0.19303	-0.12244	-0.88336	0.18314	0.99988	0.01542	0.00214	-0.01542	0.99988	0.00337	-0.00208	-0.00340	0.99999		1.27573	6.91408	0.74177	0.13230	0.01244	4.49791	1.16238	0.99692	-0.07842	-0.00022	0.07842	0.99692	0.00231	0.00004	-0.00232	1.00000	
43	0.21500	1.46845	-14.07935	0.26708	0.19220	-0.11447	-0.87883	0.18185	0.99988	0.01534	0.00200	-0.01534	0.99988	0.00335	-0.00195	-0.00338	0.99999		1.28414	6.90080	0.75440	0.13656	0.01368	4.50033	1.15763	0.99692	-0.07846	-0.00024	0.07847	0.99691	0.00238	0.00005	-0.00239	1.00000	
44	0.22000	1.48099	-14.08723	0.27273	0.19311	-0.11772	-0.88271	0.18011	0.99988	0.01541	0.00205	-0.01541	0.99988	0.00337	-0.00200	-0.00340	0.99999		1.27207	6.88771	0.75814	0.13877	0.01498	4.50014	1.15596	0.99692	-0.07846	-0.00026	0.07846	0.99691	0.00242	0.00007	-0.00244	1.00000	
45	0.22500	1.45933	-14.09843	0.29748	0.19353	-0.11217	-0.88412	0.18222	0.99988	0.01543	0.00196	-0.01544	0.99988	0.00338	-0.00191	-0.00341	0.99999		1.24948	6.87579	0.77879	0.14188	0.01635	4.49992	1.17374	0.99692	-0.07846	-0.00029	0.07846	0.99691	0.00248	0.00009	-0.00249	1.00000	
46	0.23000	1.46101	-14.10381	0.29716	0.19301	-0.11523	-0.88368	0.18726	0.99988	0.01542	0.00201	-0.01543	0.99988	0.00337	-0.00196	-0.00340	0.99999		1.26580	6.87489	0.79761	0.14634	0.01651	4.49893	1.18059	0.99692	-0.07844	-0.00029	0.07844	0.99692	0.00255	0.00009	-0.00257	1.00000	
47	0.23500	1.47137	-14.10840	0.30734	0.19318	-0.11573	-0.88526	0.17813	0.99988	0.01545	0.00202	-0.01546	0.99987	0.00337	-0.00197	-0.00340	0.99999		1.26927	6.88035	0.79713	0.15271	0.01706	4.49934	1.18483	0.99692	-0.07845	-0.00030	0.07845	0.99691	0.00267	0.00009	-0.00268	1.00000	
48	0.24000	1.48110	-14.11373	0.32149	0.19470	-0.11246	-0.88371	0.17191	0.99988	0.01542	0.00196	-0.01543	0.99988	0.00340	-0.00191	-0.00343	0.99999		1.28114	6.84142	0.80862	0.15235	0.01738	4.49859	1.19309	0.99692	-0.07843	-0.00030	0.07844	0.99692	0.00266	0.00009	-0.00267	1.00000	
49	0.24500	1.45910	-14.12053	0.34588	0.19631	-0.10698	-0.88689	0.17090	0.99988	0.01548	0.00187	-0.01548	0.99987	0.00343	-0.00181	-0.00345	0.99999		1.25683	6.85589	0.81636	0.15785	0.01801	4.50099	1.18746	0.99692	-0.07848	-0.00031	0.07848	0.99691	0.00275	0.00010	-0.00277	1.00000	
50	0.25000	1.45187	-14.12638	0.35301	0.19346	-0.10185	-0.87890	0.19205	0.99988	0.01534	0.00178	-0.01535	0.99988	0.00338	-0.00173	-0.00340	0.99999		1.24351	6.84049	0.82322	0.15898	0.01799	4.50122	1.20011	0.99692	-0.07848	-0.00031	0.07848	0.99691	0.00277	0.00010	-0.00279	1.00000	
51	0.25500	1.48100	-14.13499	0.37093	0.19245	-0.10736	-0.88217	0.18458	0.99988	0.01540	0.00187	-0.01540	0.99988	0.00336	-0.00182	-0.00339	0.99999		1.24260	6.82047	0.82929	0.15768	0.02250	4.49980	1.19867	0.99692	-0.07846	-0.00039	0.07846	0.99691	0.00275	0.00018	-0.00277	1.00000	
52	0.26000	1.46430	-14.12945	0.38413	0.19350	-0.09998	-0.88212	0.18232	0.99988	0.01540	0.00175	-0.01540	0.99988	0.00338	-0.00169	-0.00340	0.99999		1.28436	6.82376	0.84290	0.16254	0.01695	4.49905	1.21961	0.99692	-0.07844	-0.00030	0.07844	0.99691	0.00284	0.00007	-0.00285	1.00000	
53	0.26500	1.40961	-14.15634	0.40450	0.19052	-0.09085	-0.88214	0.17732	0.99988	0.01540	0.00159	-0.01540	0.99988	0.00333	-0.00153	-0.00335	0.99999		1.25431	6.79263	0.84690	0.16186	0.02118	4.50224	1.20208	0.99691	-0.07850	-0.00037	0.07850	0.99691	0.00283	0.00015	-0.00285	1.00000	
54	0.27000	1.41867	-14.15068	0.41703	0.19235	-0.09181	-0.88221	0.19040	0.99988	0.01540	0.00160	-0.01540	0.99988	0.00336	-0.00155	-0.00338	0.99999		1.27369	6.77464	0.84794	0.16124	0.01919	4.50092	1.22122	0.99692	-0.07848	-0.00033	0.07848	0.99691	0.00281	0.00011	-0.00283	1.00000	
55	0.27500	1.46204	-14.16825	0.42522	0.18884	-0.09225	-0.88249	0.19541	0.99988	0.01540	0.00161	-0.01541	0.99988	0.00330	-0.00156	-0.00332	0.99999		1.26598	6.78824	0.85851	0.16409	0.01878	4.49982	1.22098	0.99692	-0.07846	-0.00033	0.07846	0.99691	0.00286	0.00010	-0.00288	1.00000	
56	0.28000	1.43921	-14.16977	0.44188	0.19021	-0.08471	-0.88441	0.17556	0.99988	0.01544	0.00148	-0.01544	0.99988	0.00332	-0.00143	-0.00334	0.99999		1.27583	6.76984	0.86069	0.16519	0.01839	4.50236	1.21953	0.99691	-0.07850	-0.00032	0.07850	0.99691	0.00288	0.00009	-0.00290	1.00000	
57	0.28500	1.45776	-14.17029	0.46599	0.18767	-0.08393	-0.88107	0.18478	0.99988	0.01538	0.00146	-0.01538	0.99988	0.00328	-0.00141	-0.00330	0.99999		1.24872	6.74051	0.87245	0.16349	0.01693	4.49942	1.24010	0.99692	-0.07845	-0.00030	0.07845	0.99691	0.00285	0.00007	-0.00287	1.00000	
58	0.29000	1.42067	-14.16538	0.47534	0.18995	-0.07827	-0.88260	0.17447	0.99988	0.01540	0.00137	-0.01541	0.99988	0.00332	-0.00131	-0.00334	0.99999		1.25773	6.73764	0.86464	0.16326	0.01876	4.50056	1.22235	0.99692	-0.07847	-0.00033	0.07847	0.99691	0.00285	0.00010	-0.00287	1.00000	
59	0.29500	1.40779	-14.17829	0.48629	0.18546	-0.07388	-0.88144	0.18101	0.99988	0.01538	0.00129	-0.01539	0.99988	0.00324	-0.00124	-0.00326	0.99999		1.30243	6.74212	0.88387	0.16455	0.01469	4.50080	1.20969	0.99692	-0.07847	-0.00026	0.07847	0.99691	0.00287	0.00003	-0.00288	1.00000	
60	0.30000	1.45309	-14.17538	0.50473	0.18662	-0.07478	-0.88222	0.18078	0.99988	0.01540	0.00131	-0.01540	0.99988	0.00326	-0.00125	-0.00328	0.99999		1.31264	6.73836	0.88980	0.16434	0.01318	4.50366	1.20525	0.99691	-0.07852	-0.00023	0.07852	0.99691	0.00287	0.00000	-0.00288	1.00000	
61	0.30500	1.40987	-14.17644	0.52206	0.18328	-0.06861	-0.87408	0.19411	0.99988	0.01525	0.00120	-0.01526	0.99988	0.00320	-0.00115	-0.00322	0.99999		1.29782	6.71846	0.89256	0.16430	0.00984	4.50029	1.23723	0.99692	-0.07846	-0.00017	0.07846	0.99691	0.00287	-0.00005	-0.00287	1.00000	
62	0.31000	1.42917	-14.17496	0.52628	0.18393	-0.06554	-0.87944	0.18210	0.99988	0.01535	0.00114	-0.01535	0.99988	0.00321	-0.00109	-0.00323	0.99999		1.28596	6.70134	0.89435	0.16007	0.00972	4.49597	1.23718	0.99692	-0.07839	-0.00017	0.07839	0.99692	0.00279	-0.00005	-0.00280	1.00000	
63	0.31500	1.42920	-14.19262	0.55675	0.17797	-0.06390	-0.87575	0.18141	0.99988	0.01528	0.00112	-0.01529	0.99988	0.00311	-0.00107	-0.00312	0.99999		1.28612	6.68952	0.88365	0.15916	0.00785	4.49836	1.23060	0.99692	-0.07843	-0.00014	0.07843	0.99692	0.00278	-0.00008	-0.00278	1.00000	
64	0.32000	1.44539	-14.20237	0.56862	0.17680	-0.06195	-0.87742	0.19050	0.99988	0.01531	0.00108	-0.01532	0.99988	0.00309	-0.00103	-0.00310	0.99999		1.30174	6.68914	0.88562	0.15900	0.00849	4.49613	1.24313	0.99692	-0.07839	-0.00015	0.07839	0.99692	0.00278	-0.00007	-0.00278	1.00000	
65	0.32500	1.42139	-14.21850	0.57041	0.17389	-0.05575	-0.87836	0.19020	0.99988	0.01533	0.00097	-0.01533	0.99988	0.00303	-0.00093	-0.00305	0.99999		1.33428	6.66835	0.88893	0.15521	0.00123	4.49633	1.23367	0.99692	-0.07840	-0.00002	0.07839	0.99692	0.00271	-0.00019	-0.00270	1.00000	
66	0.33000	1.42781	-14.17832	0.59640	0.17705	-0.05487	-0.87693	0.19018	0.99988	0.01530	0.00096	-0.01531	0.99988	0.00309	-0.00091	-0.00310	0.99999		1.33949	6.67808	0.88657	0.15629	-0.00104	4.49758	1.22781	0.99692	-0.07842	0.00002	0.07842	0.99692	0.00273	-0.00023	-0.00272	1.00000	
67	0.33500	1.43708	-14.17883	0.59005	0.17631	-0.05049	-0.87957	0.18873	0.99988	0.01535	0.00088	-0.01535	0.99988	0.00308	-0.00083	-0.00309	0.99999		1.33599	6.66835	0.88057	0.15350	0.00089	4.49448	1.23585	0.99692	-0.07836	-0.00002	0.07836	0.99692	0.00268	-0.00019	-0.00267	1.00000	
68	0.34000	1.46127	-14.20083	0.60116	0.17121	-0.05127	-0.87747	0.18934	0.99988	0.01531	0.00089	-0.01532	0.99988	0.00299	-0.00085	-0.00300	1.00000		1.33177	6.65718	0.86767	0.15013	-0.00173	4.49500	1.22394	0.99692	-0.07837	0.00003	0.07837	0.99692	0.00262	-0.00024	-0.00261	1.00000	
69	0.34500	1.42151	-14.19225	0.61504	0.16984	-0.04526	-0.87992	0.20404	0.99988	0.01536	0.00079	-0.01536	0.99988	0.00296	-0.00074	-0.00298	1.00000		1.34089	6.66675	0.86257	0.14574	0.00072	4.49524	1.20894	0.99692	-0.07838	-0.00001	0.07838	0.99692	0.00254	-0.00019	-0.00254	1.00000	
70	0.35000	1.43238	-14.19147	0.62248	0.16887	-0.03957	-0.87381	0.19834	0.99988	0.01525	0.00069	-0.01525	0.99988	0.00295	-0.00065	-0.00296	1.00000		1.35417	6.64907	0.85944	0.14284	-0.00840	4.49375	1.21404	0.99693	-0.07835	0.00015	0.07835	0.99692	0.00249	-0.00034	-0.00247	1.00000	
71	0.35500	1.43921	-14.19288	0.63322	0.16678	-0.04088	-0.87576	0.21238	0.99988	0.01528	0.00071	-0.01529	0.99988	0.00291	-0.00067	-0.00292	1.00000		1.36733	6.64482	0.84902	0.13797	-0.00888	4.48973	1.21740	0.99693	-0.07828	0.00016	0.07828	0.99693	0.00241	-0.00034	-0.00239	1.00000	
72	0.36000	1.40559	-14.20288	0.64485	0.16294	-0.03210	-0.87526	0.19754	0.99988	0.01528	0.00056	-0.01528	0.99988	0.00284	-0.00052	-0.00285	1.00000		1.40446	6.61887	0.85464	0.13275	-0.01174	4.49189	1.20716	0.99693	-0.07832	0.00020	0.07832	0.99693	0.00232	-0.00039	-0.00229	1.00000	
73	0.36500	1.41690	-14.18688	0.66839	0.16444	-0.03037	-0.87624	0.19248	0.99988	0.01529	0.00053	-0.01529	0.99988	0.00287	-0.00049	-0.00288	1.00000		1.38624	6.59841	0.84500	0.12626	-0.01189	4.49336	1.20215	0.99693	-0.07834	0.00021	0.07834	0.99692	0.00220	-0.00038	-0.00218	1.00000	
74	0.37000	1.45509	-14.19065	0.68535	0.15940	-0.02957	-0.87566	0.21478	0.99988	0.01528	0.00052	-0.01528	0.99988	0.00278	-0.00047	-0.00279	1.00000		1.42325	6.61556	0.84123	0.12266	-0.01560	4.49320	1.17240	0.99693	-0.07834	0.00027	0.07834	0.99692	0.00214	-0.00044	-0.00211	1.00000	
75	0.37500	1.41765	-14.18325	0.67866	0.15896	-0.02473	-0.87429	0.18391	0.99988	0.01526	0.00043	-0.01526	0.99988	0.00277	-0.00039	-0.00278	1.00000		1.41804	6.60317	0.82949	0.11916	-0.02010	4.48732	1.20788	0.99693	-0.07824	0.00035	0.07824	0.99693	0.00208	-0.00051	-0.00205	1.00000	
76	0.38000	1.43170	-14.20599	0.71137	0.15121	-0.02367	-0.87177	0.19956	0.99988	0.01521	0.00041	-0.01522	0.99988	0.00264	-0.00037	-0.00265	1.00000		1.43935	6.61335	0.84143	0.11362	-0.02285	4.48881	1.16113	0.99693	-0.07826	0.00040	0.07826	0.99693	0.00198	-0.00055	-0.00195	1.00000	
77	0.38500	1.43630	-14.18731	0.70257	0.15255	-0.02193	-0.87298	0.19545	0.99988	0.01524	0.00038	-0.01524	0.99988	0.00266	-0.00034	-0.00267	1.00000		1.45829	6.60062	0.83680	0.10885	-0.02575	4.48996	1.16317	0.99693	-0.07828	0.00045	0.07828	0.99693	0.00190	-0.00060	-0.00186	1.00000	
78	0.39000	1.43569	-14.18824	0.73120	0.14848	-0.02242	-0.86537	0.22041	0.99989	0.01510	0.00039	-0.01510	0.99988	0.00259	-0.00035	-0.00260	1.00000		1.47459	6.59196	0.82246	0.10133	-0.02788	4.48885	1.17360	0.99693	-0.07827	0.00049	0.07826	0.99693	0.00177	-0.00062	-0.00172	1.00000	
79	0.39500	1.44799	-14.16877	0.73272	0.14936	-0.01828	-0.87696	0.20791	0.99988	0.01531	0.00032	-0.01531	0.99988	0.00261	-0.00028	-0.00261	1.00000		1.50345	6.59698	0.82006	0.09754	-0.03355	4.49193	1.16368	0.99693	-0.07832	0.00059	0.07832	0.99693	0.00170	-0.00072	-0.00165	1.00000	
80	0.40000	1.42803	-14.18201	0.74183	0.14537	-0.01837	-0.87163	0.21940	0.99988	0.01521	0.00032	-0.01521	0.99988	0.00254	-0.00028	-0.00254	1.00000		1.51253	6.60180	0.81087	0.09122	-0.03628	4.48874	1.14152	0.99693	-0.07826	0.00063	0.07826	0.99693	0.00159	-0.00076	-0.00154	1.00000	
81	0.40500	1.42404	-14.17371	0.74967	0.14554	-0.00892	-0.87415	0.21015	0.99988	0.01526	0.00016	-0.01526	0.99988	0.00254	-0.00012	-0.00254	1.00000		1.51442	6.59167	0.79810	0.08493	-0.03623	4.48867	1.14404	0.99693	-0.07826	0.00063	0.07826	0.99693	0.00148	-0.00075	-0.00143	1.00000	
82	0.41000	1.41580	-14.18553	0.75794	0.13974	-0.00831	-0.87286	0.19754	0.99988	0.01523	0.00014	-0.01523	0.99988	0.00244	-0.00011	-0.00244	1.00000		1.50152	6.59787	0.80340	0.07866	-0.04184	4.48575	1.13587	0.99694	-0.07821	0.00073	0.07821	0.99694	0.00137	-0.00084	-0.00131	1.00000	
83	0.41500	1.39599	-14.16729	0.77086	0.13821	-0.00452	-0.86862	0.20834	0.99989	0.01516	0.00008	-0.01516	0.99988	0.00241	-0.00004	-0.00241	1.00000		1.54650	6.60227	0.79413	0.07200	-0.04515	4.48353	1.14336	0.99694	-0.07817	0.00079	0.07817	0.99694	0.00126	-0.00088	-0.00119	1.00000	
84	0.42000	1.43225	-14.16624	0.77276	0.13471	-0.00726	-0.86985	0.20875	0.99988	0.01518	0.00013	-0.01518	0.99988	0.00235	-0.00009	-0.00235	1.00000		1.52542	6.59050	0.78175	0.06372	-0.04457	4.48392	1.13491	0.99694	-0.07818	0.00078	0.07818	0.99694	0.00111	-0.00086	-0.00105	1.00000	
85	0.42500	1.47285	-14.15120	0.78104	0.13329	-0.00771	-0.86820	0.21587	0.99989	0.01515	0.00013	-0.01515	0.99988	0.00233	-0.00010	-0.00233	1.00000		1.58230	6.58858	0.77071	0.05760	-0.05027	4.48099	1.12422	0.99694	-0.07813	0.00088	0.07813	0.99694	0.00101	-0.00095	-0.00093	1.00000	
86	0.43000	1.44714	-14.16621	0.77746	0.12663	-0.00855	-0.86937	0.20483	0.99988	0.01517	0.00015	-0.01517	0.99988	0.00221	-0.00012	-0.00221	1.00000		1.55301	6.58822	0.76500	0.05049	-0.04963	4.48279	1.11014	0.99694	-0.07816	0.00087	0.07816	0.99694	0.00088	-0.00093	-0.00081	1.00000	
87	0.43500	1.43965	-14.14972	0.78715	0.12953	-0.00442	-0.87002	0.20915	0.99988	0.01518	0.00008	-0.01518	0.99988	0.00226	-0.00004	-0.00226	1.00000		1.57087	6.56330	0.76321	0.03950	-0.05398	4.48136	1.10409	0.99694	-0.07813	0.00094	0.07813	0.99694	0.00069	-0.00099	-0.00061	1.00000	
88	0.44000	1.46276	-14.14202	0.79090	0.12530	-0.00804	-0.87062	0.22341	0.99988	0.01519	0.00014	-0.01519	0.99988	0.00219	-0.00011	-0.00219	1.00000		1.58791	6.58696	0.76468	0.03671	-0.05755	4.48039	1.09878	0.99694	-0.07812	0.00100	0.07812	0.99694	0.00064	-0.00105	-0.00056	1.00000	
89	0.44500	1.47392	-14.15758	0.79000	0.11811	-0.01234	-0.86822	0.20641	0.99989	0.01515	0.00022	-0.01515	0.99988	0.00206	-0.00018	-0.00206	1.00000		1.62527	6.58556	0.75111	0.03008	-0.06130	4.48075	1.09894	0.99694	-0.07812	0.00107	0.07812	0.99694	0.00052	-0.00111	-0.00044	1.00000	
90	0.45000	1.47454	-14.15503	0.79324	0.11488	-0.01091	-0.86768	0.20661	0.99989	0.01514	0.00019	-0.01514	0.99988	0.00201	-0.00016	-0.00201	1.00000		1.61627	6.59160	0.76246	0.02309	-0.06260	4.47835	1.08162	0.99695	-0.07808	0.00109	0.07808	0.99695	0.00040	-0.00112	-0.00032	1.00000	
91	0.45500	1.47482	-14.14832	0.79442	0.11445	-0.01177	-0.87268	0.20878	0.99988	0.01523	0.00021	-0.01523	0.99988	0.00200	-0.00018	-0.00200	1.00000		1.61808	6.60173	0.75503	0.01538	-0.06866	4.47596	1.07223	0.99695	-0.07804	0.00120	0.07804	0.99695	0.00027	-0.00122	-0.00017	1.00000	
92	0.46000	1.46126	-14.15011	0.80540	0.10870	-0.00890	-0.86809	0.19701	0.99989	0.01515	0.00016	-0.01515	0.99988	0.00190	-0.00013	-0.00190	1.00000		1.62631	6.59434	0.75766	0.00840	-0.06925	4.47790	1.07740	0.99695	-0.07807	0.00121	0.07807	0.99695	0.00015	-0.00122	-0.00005	1.00000	
93	0.46500	1.49651	-14.12964	0.80076	0.10710	-0.01184	-0.86990	0.20091	0.99988	0.01518	0.00021	-0.01518	0.99988	0.00187	-0.00018	-0.00187	1.00000		1.70035	6.59996	0.74787	0.00295	-0.07594	4.47493	1.07091	0.99695	-0.07802	0.00133	0.07802	0.99695	0.00005	-0.00133	0.00005	1.00000	
94	0.47000	1.48609	-14.13987	0.81092	0.10119	-0.01607	-0.86976	0.21199	0.99988	0.01518	0.00028	-0.01518	0.99988	0.00177	-0.00025	-0.00177	1.00000		1.65910	6.60201	0.74880	-0.00612	-0.07689	4.47041	1.06602	0.99696	-0.07794	0.00134	0.07794	0.99696	-0.00011	-0.00133	0.00021	1.00000	
95	0.47500	1.52330	-14.14472	0.82330	0.09343	-0.02201	-0.86338	0.20284	0.99989	0.01507	0.00038	-0.01507	0.99989	0.00163	-0.00036	-0.00164	1.00000		1.69819	6.60557	0.75923	-0.01111	-0.08267	4.47075	1.06212	0.99696	-0.07795	0.00144	0.07795	0.99696	-0.00019	-0.00142	0.00031	1.00000	
96	0.48000	1.49539	-14.13473	0.83651	0.09257	-0.01869	-0.86776	0.19627	0.99989	0.01514	0.00033	-0.01515	0.99988	0.00162	-0.00030	-0.00162	1.00000		1.71599	6.60142	0.74368	-0.01909	-0.08465	4.47170	1.07584	0.99695	-0.07797	0.00148	0.07797	0.99696	-0.00033	-0.00145	0.00045	1.00000	
97	0.48500	1.51150	-14.10975	0.82388	0.09367	-0.02017	-0.86102	0.20748	0.99989	0.01503	0.00035	-0.01503	0.99989	0.00163	-0.00033	-0.00164	1.00000		1.70245	6.61825	0.74900	-0.02507	-0.08326	4.47031	1.04317	0.99696	-0.07794	0.00145	0.07794	0.99696	-0.00044	-0.00141	0.00055	1.00000	
98	0.49000	1.54445	-14.13669	0.84133	0.08377	-0.03087	-0.86339	0.20564	0.99989	0.01507	0.00054	-0.01507	0.99989	0.00146	-0.00052	-0.00147	1.00000		1.70407	6.60846	0.75491	-0.03100	-0.08641	4.47231	1.03168	0.99695	-0.07798	0.00151	0.07798	0.99695	-0.00054	-0.00146	0.00066	1.00000	
99	0.49500	1.52580	-14.10544	0.83073	0.08684	-0.02519	-0.86172	0.19109	0.99989	0.01504	0.00044	-0.01504	0.99989	0.00152	-0.00042	-0.00152	1.00000		1.73945	6.60560	0.75819	-0.03873	-0.09373	4.46494	1.04412	0.99696	-0.07785	0.00164	0.07785	0.99696	-0.00068	-0.00158	0.00080	1.00000	
100	0.50000	1.50303	-14.09410	0.82759	0.08514	-0.02763	-0.86072	0.19237	0.99989	0.01502	0.00048	-0.01502	0.99989	0.00149	-0.00046	-0.00149	1.00000		1.77392	6.63962	0.75395	-0.03928	-0.09981	4.46696	1.03444	0.99696	-0.07788	0.00174	0.07789	0.99696	-0.00069	-0.00168	0.00082	1.00000	
101	0.50500	1.51370	-14.08330	0.83390	0.08180	-0.02773	-0.85949	0.20771	0.99989	0.01500	0.00048	-0.01500	0.99989	0.00143	-0.00046	-0.00143	1.00000		1.75022	6.63544	0.73951	-0.04685	-0.09565	4.46313	1.02376	0.99697	-0.07782	0.00167	0.07782	0.99697	-0.00082	-0.00160	0.00095	1.00000	
102	0.51000	1.52615	-14.08408	0.82951	0.07854	-0.03620	-0.86014	0.20919	0.99989	0.01501	0.00063	-0.01501	0.99989	0.00137	-0.00061	-0.00138	1.00000		1.80320	6.63947	0.76778	-0.05099	-0.10339	4.46882	0.99811	0.99696	-0.07792	0.00180	0.07792	0.99696	-0.00089	-0.00173	0.00103	1.00000	
103	0.51500	1.50041	-14.05465	0.82574	0.07691	-0.03254	-0.85765	0.20038	0.99989	0.01497	0.00057	-0.01497	0.99989	0.00134	-0.00055	-0.00135	1.00000		1.78314	6.63222	0.75352	-0.05821	-0.10485	4.46509	1.00291	0.99696	-0.07785	0.00183	0.07785	0.99696	-0.00102	-0.00175	0.00116	1.00000	
104	0.52000	1.53690	-14.10684	0.82945	0.06515	-0.04387	-0.85525	0.18073	0.99989	0.01493	0.00077	-0.01493	0.99989	0.00114	-0.00075	-0.00115	1.00000		1.75471	6.64990	0.76285	-0.06170	-0.10254	4.46509	0.99633	0.99696	-0.07785	0.00179	0.07785	0.99696	-0.00108	-0.00170	0.00121	1.00000	
105	0.52500	1.54722	-14.09362	0.84285	0.06290	-0.04797	-0.85754	0.20005	0.99989	0.01497	0.00084	-0.01497	0.99989	0.00110	-0.00082	-0.00111	1.00000		1.77971	6.66226	0.76504	-0.06478	-0.10764	4.46417	1.00252	0.99696	-0.07784	0.00188	0.07784	0.99697	-0.00113	-0.00178	0.00127	1.00000	
106	0.53000	1.53807	-14.06684	0.84158	0.06187	-0.04844	-0.85045	0.20764	0.99989	0.01484	0.00085	-0.01484	0.99989	0.00108	-0.00083	-0.00109	1.00000		1.81062	6.68055	0.76706	-0.06767	-0.11212	4.46251	0.98340	0.99697	-0.07781	0.00196	0.07781	0.99697	-0.00118	-0.00186	0.00133	1.00000	
107	0.53500	1.58813	-14.06414	0.83939	0.06156	-0.05481	-0.85768	0.18820	0.99989	0.01497	0.00096	-0.01497	0.99989	0.00107	-0.00094	-0.00109	1.00000		1.78579	6.68906	0.76845	-0.07055	-0.10922	4.46103	0.99781	0.99697	-0.07778	0.00191	0.07778	0.99697	-0.00123	-0.00180	0.00138	1.00000	
108	0.54000	1.59534	-14.06282	0.83738	0.05667	-0.05659	-0.85421	0.19138	0.99989	0.01491	0.00099	-0.01491	0.99989	0.00099	-0.00097	-0.00100	1.00000		1.80510	6.69183	0.76591	-0.07358	-0.11368	4.46168	0.97594	0.99697	-0.07779	0.00198	0.07779	0.99697	-0.00128	-0.00188	0.00143	1.00000	
109	0.54500	1.58932	-14.04505	0.82065	0.05602	-0.06287	-0.85157	0.19931	0.99989	0.01486	0.00110	-0.01486	0.99989	0.00098	-0.00108	-0.00099	1.00000		1.78583	6.69406	0.77236	-0.07666	-0.11354	4.46002	0.98680	0.99697	-0.07776	0.00198	0.07777	0.99697	-0.00134	-0.00187	0.00149	1.00000	
110	0.55000	1.57986	-14.03174	0.83521	0.05448	-0.06521	-0.85281	0.18874	0.99989	0.01488	0.00114	-0.01488	0.99989	0.00095	-0.00112	-0.00097	1.00000		1.80205	6.70674	0.76794	-0.07705	-0.11566	4.46334	0.96432	0.99697	-0.07782	0.00202	0.07782	0.99697	-0.00134	-0.00191	0.00150	1.00000	
111	0.55500	1.64246	-14.03630	0.83282	0.04790	-0.07667	-0.85333	0.18750	0.99989	0.01489	0.00134	-0.01489	0.99989	0.00084	-0.00133	-0.00086	1.00000		1.83793	6.70667	0.77800	-0.07852	-0.12170	4.45987	0.96526	0.99697	-0.07776	0.00212	0.07776	0.99697	-0.00137	-0.00201	0.00153	1.00000	
112	0.56000	1.64964	-14.04192	0.82017	0.04683	-0.08216	-0.85367	0.19662	0.99989	0.01490	0.00143	-0.01490	0.99989	0.00082	-0.00142	-0.00084	1.00000		1.81423	6.73264	0.76922	-0.07970	-0.11849	4.46108	0.96427	0.99697	-0.07778	0.00207	0.07778	0.99697	-0.00139	-0.00195	0.00155	1.00000	
113	0.56500	1.64313	-14.02468	0.82315	0.04539	-0.08180	-0.85271	0.20309	0.99989	0.01488	0.00143	-0.01488	0.99989	0.00079	-0.00142	-0.00081	1.00000		1.84711	6.72527	0.78103	-0.08147	-0.12234	4.45939	0.96645	0.99697	-0.07775	0.00214	0.07776	0.99697	-0.00142	-0.00202	0.00158	1.00000	
114	0.57000	1.63023	-14.01665	0.80840	0.04500	-0.08766	-0.85464	0.18893	0.99989	0.01492	0.00153	-0.01492	0.99989	0.00079	-0.00152	-0.00081	1.00000		1.82277	6.73280	0.77814	-0.08116	-0.12323	4.45998	0.95089	0.99697	-0.07776	0.00215	0.07777	0.99697	-0.00142	-0.00203	0.00158	1.00000	
115	0.57500	1.61845	-14.00312	0.79214	0.04483	-0.08987	-0.85110	0.18424	0.99989	0.01485	0.00157	-0.01486	0.99989	0.00078	-0.00156	-0.00081	1.00000		1.82626	6.74168	0.77926	-0.08201	-0.12508	4.45910	0.96681	0.99697	-0.07775	0.00218	0.07775	0.99697	-0.00143	-0.00207	0.00160	1.00000	
116	0.58000	1.64507	-13.97711	0.78672	0.04613	-0.09142	-0.85046	0.19881	0.99989	0.01484	0.00160	-0.01484	0.99989	0.00081	-0.00158	-0.00083	1.00000		1.82911	6.73214	0.77858	-0.08250	-0.12732	4.46150	0.95977	0.99697	-0.07779	0.00222	0.07779	0.99697	-0.00144	-0.00210	0.00161	1.00000	
117	0.58500	1.62993	-13.97688	0.77585	0.04531	-0.09797	-0.85050	0.19048	0.99989	0.01484	0.00171	-0.01484	0.99989	0.00079	-0.00170	-0.00082	1.00000		1.82860	6.76105	0.79229	-0.08035	-0.12510	4.45860	0.96368	0.99697	-0.07774	0.00218	0.07774	0.99697	-0.00140	-0.00207	0.00157	1.00000	
118	0.59000	1.60852	-13.93591	0.73836	0.05268	-0.09734	-0.85295	0.20537	0.99989	0.01489	0.00170	-0.01489	0.99989	0.00092	-0.00169	-0.00094	1.00000		1.85523	6.76424	0.79911	-0.07792	-0.12959	4.45866	0.97564	0.99697	-0.07774	0.00226	0.07774	0.99697	-0.00136	-0.00215	0.00153	1.00000	
119	0.59500	1.69745	-13.97534	0.76322	0.04022	-0.10918	-0.84795	0.17431	0.99989	0.01480	0.00191	-0.01480	0.99989	0.00070	-0.00189	-0.00073	1.00000		1.85588	6.78376	0.79920	-0.07497	-0.12752	4.46284	0.96495	0.99697	-0.07781	0.00223	0.07782	0.99697	-0.00131	-0.00212	0.00148	1.00000	
120	0.60000	1.67210	-13.96625	0.74268	0.04059	-0.11454	-0.84624	0.18642	0.99989	0.01477	0.00200	-0.01477	0.99989	0.00071	-0.00199	-0.00074	1.00000		1.82092	6.74926	0.80337	-0.07689	-0.12611	4.45962	0.97768	0.99697	-0.07776	0.00220	0.07776	0.99697	-0.00134	-0.00209	0.00151	1.00000	
121	0.60500	1.64785	-13.95659	0.73202	0.03900	-0.11233	-0.84729	0.18667	0.99989	0.01479	0.00196	-0.01479	0.99989	0.00068	-0.00195	-0.00071	1.00000		1.82952	6.78688	0.81797	-0.07041	-0.12709	4.46050	0.95825	0.99697	-0.07777	0.00222	0.07777	0.99697	-0.00123	-0.00212	0.00140	1.00000	
122	0.61000	1.69379	-13.94937	0.73528	0.03961	-0.12079	-0.84996	0.17968	0.99989	0.01483	0.00211	-0.01484	0.99989	0.00069	-0.00210	-0.00072	1.00000		1.84637	6.78639	0.81109	-0.06871	-0.12663	4.46103	0.96526	0.99697	-0.07778	0.00221	0.07778	0.99697	-0.00120	-0.00211	0.00137	1.00000	
123	0.61500	1.68310	-13.93798	0.74080	0.03900	-0.12596	-0.84191	0.20237	0.99989	0.01469	0.00220	-0.01469	0.99989	0.00068	-0.00219	-0.00071	1.00000		1.82057	6.79709	0.81657	-0.06597	-0.12585	4.45851	0.97580	0.99697	-0.07774	0.00220	0.07774	0.99697	-0.00115	-0.00210	0.00132	1.00000	
124	0.62000	1.66406	-13.93743	0.70894	0.04143	-0.12260	-0.84483	0.18634	0.99989	0.01474	0.00214	-0.01475	0.99989	0.00072	-0.00213	-0.00075	1.00000		1.80336	6.81297	0.82646	-0.06081	-0.12450	4.46198	0.97070	0.99697	-0.07780	0.00217	0.07780	0.99697	-0.00106	-0.00208	0.00123	1.00000	
125	0.62500	1.70577	-13.94518	0.70068	0.03711	-0.13243	-0.84507	0.19824	0.99989	0.01475	0.00231	-0.01475	0.99989	0.00065	-0.00230	-0.00068	1.00000		1.83813	6.79547	0.82178	-0.05971	-0.12595	4.46054	0.98161	0.99697	-0.07777	0.00220	0.07777	0.99697	-0.00104	-0.00211	0.00121	1.00000	
126	0.63000	1.68960	-13.93167	0.69791	0.04185	-0.13047	-0.84735	0.18516	0.99989	0.01479	0.00228	-0.01479	0.99989	0.00073	-0.00227	-0.00076	1.00000		1.83064	6.80675	0.83259	-0.05300	-0.12493	4.46313	0.98591	0.99697	-0.07782	0.00218	0.07782	0.99697	-0.00092	-0.00210	0.00109	1.00000	
127	0.63500	1.69421	-13.91160	0.67368	0.04460	-0.13468	-0.84697	0.19117	0.99989	0.01478	0.00235	-0.01478	0.99989	0.00078	-0.00234	-0.00081	1.00000		1.81607	6.84279	0.81694	-0.04560	-0.12555	4.46299	0.97030	0.99697	-0.07781	0.00219	0.07782	0.99697	-0.00080	-0.00212	0.00096	1.00000	
128	0.64000	1.73522	-13.93924	0.66579	0.04089	-0.14333	-0.84744	0.19313	0.99989	0.01479	0.00250	-0.01479	0.99989	0.00071	-0.00249	-0.00075	1.00000		1.80614	6.82466	0.82758	-0.04427	-0.12124	4.46250	0.99916	0.99697	-0.07781	0.00212	0.07781	0.99697	-0.00077	-0.00205	0.00093	1.00000	
129	0.64500	1.73972	-13.94215	0.64796	0.03916	-0.14928	-0.84340	0.19597	0.99989	0.01472	0.00261	-0.01472	0.99989	0.00068	-0.00260	-0.00072	1.00000		1.78253	6.83643	0.84417	-0.04025	-0.11906	4.46234	0.99994	0.99697	-0.07780	0.00208	0.07781	0.99697	-0.00070	-0.00202	0.00086	1.00000	
130	0.65000	1.74352	-13.93897	0.64113	0.04062	-0.14751	-0.83912	0.20216	0.99989	0.01464	0.00257	-0.01465	0.99989	0.00071	-0.00256	-0.00075	1.00000		1.79616	6.83119	0.84375	-0.03399	-0.11703	4.46393	0.99301	0.99696	-0.07783	0.00204	0.07783	0.99697	-0.00059	-0.00199	0.00075	1.00000	
131	0.65500	1.73231	-13.90960	0.63505	0.04656	-0.14642	-0.83977	0.18346	0.99989	0.01466	0.00256	-0.01466	0.99989	0.00081	-0.00254	-0.00085	1.00000		1.79779	6.84986	0.84122	-0.02601	-0.11740	4.46605	1.00597	0.99696	-0.07787	0.00205	0.07787	0.99696	-0.00045	-0.00201	0.00061	1.00000	
132	0.66000	1.72534	-13.91304	0.60830	0.05020	-0.15033	-0.84374	0.19133	0.99989	0.01473	0.00262	-0.01473	0.99989	0.00088	-0.00261	-0.00091	1.00000		1.76432	6.84914	0.85363	-0.02164	-0.11440	4.46155	1.00972	0.99697	-0.07779	0.00200	0.07779	0.99697	-0.00038	-0.00196	0.00053	1.00000	
133	0.66500	1.73054	-13.89741	0.59846	0.05162	-0.15395	-0.83877	0.19549	0.99989	0.01464	0.00269	-0.01464	0.99989	0.00090	-0.00267	-0.00094	1.00000		1.74912	6.84014	0.83711	-0.01594	-0.11073	4.46638	1.00918	0.99696	-0.07787	0.00193	0.07787	0.99696	-0.00028	-0.00191	0.00043	1.00000	
134	0.67000	1.76556	-13.90037	0.59253	0.05338	-0.15747	-0.83969	0.20632	0.99989	0.01465	0.00275	-0.01466	0.99989	0.00093	-0.00273	-0.00097	1.00000		1.74886	6.84000	0.85164	-0.01167	-0.10791	4.46420	1.01978	0.99696	-0.07784	0.00188	0.07784	0.99697	-0.00020	-0.00186	0.00035	1.00000	
135	0.67500	1.72674	-13.90147	0.57007	0.05826	-0.15699	-0.84217	0.19852	0.99989	0.01470	0.00274	-0.01470	0.99989	0.00102	-0.00272	-0.00106	1.00000		1.76412	6.85464	0.85138	-0.00313	-0.10539	4.46902	1.03553	0.99696	-0.07792	0.00184	0.07792	0.99696	-0.00005	-0.00183	0.00020	1.00000	
136	0.68000	1.74596	-13.88847	0.56125	0.06083	-0.15857	-0.84542	0.18838	0.99989	0.01475	0.00277	-0.01476	0.99989	0.00106	-0.00275	-0.00110	1.00000		1.72759	6.89450	0.84974	0.00840	-0.10120	4.46852	1.03295	0.99696	-0.07791	0.00177	0.07791	0.99696	0.00015	-0.00177	-0.00001	1.00000	
137	0.68500	1.74360	-13.89772	0.55482	0.06381	-0.16024	-0.84180	0.21524	0.99989	0.01469	0.00280	-0.01469	0.99989	0.00111	-0.00278	-0.00115	1.00000		1.73201	6.86919	0.85246	0.01292	-0.10127	4.47107	1.03607	0.99696	-0.07796	0.00177	0.07796	0.99696	0.00023	-0.00178	-0.00009	1.00000	
138	0.69000	1.74950	-13.88999	0.52872	0.06728	-0.15873	-0.84347	0.19213	0.99989	0.01472	0.00277	-0.01472	0.99989	0.00117	-0.00275	-0.00121	1.00000		1.69846	6.88438	0.84530	0.01982	-0.09581	4.47250	1.05385	0.99695	-0.07798	0.00167	0.07798	0.99695	0.00035	-0.00169	-0.00021	1.00000	
139	0.69500	1.73358	-13.90136	0.51794	0.06964	-0.15913	-0.84451	0.19448	0.99989	0.01474	0.00278	-0.01474	0.99989	0.00122	-0.00276	-0.00126	1.00000		1.69872	6.88802	0.85482	0.02565	-0.09136	4.47180	1.06936	0.99695	-0.07797	0.00159	0.07797	0.99696	0.00045	-0.00162	-0.00032	1.00000	
140	0.70000	1.75789	-13.89765	0.50526	0.07261	-0.16027	-0.84355	0.18085	0.99989	0.01472	0.00280	-0.01473	0.99989	0.00127	-0.00278	-0.00131	1.00000		1.71670	6.90704	0.85427	0.03594	-0.08969	4.47206	1.08290	0.99695	-0.07797	0.00157	0.07797	0.99696	0.00063	-0.00161	-0.00050	1.00000	
