NO_OF_FRAMES	12044
NO_OF_CAMERAS	8
NO_OF_BODIES	2
FREQUENCY	200
NO_OF_ANALOG	0
ANALOG_FREQUENCY	0
DESCRIPTION	--
TIME_STAMP	2013-07-05, 12:44:07	187461.08113982
DATA_INCLUDED	6D
BODY_NAMES	Ice 2 V2	Ice 3
Frame	Time	Ice 2 V2 X	Y	Z	Roll	Pitch	Yaw	Residual	Rot[0]	Rot[1]	Rot[2]	Rot[3]	Rot[4]	Rot[5]	Rot[6]	Rot[7]	Rot[8]	Ice 3 X	Y	Z	Roll	Pitch	Yaw	Residual	Rot[0]	Rot[1]	Rot[2]	Rot[3]	Rot[4]	Rot[5]	Rot[6]	Rot[7]	Rot[8]	
1	0.00500	0.25930	-13.76210	-0.65822	0.24863	0.18402	-0.87219	0.17648	0.99988	0.01522	-0.00321	-0.01521	0.99987	0.00434	0.00328	-0.00429	0.99999		-1.82438	6.82470	-0.69466	0.02313	0.06604	4.41610	1.12288	0.99703	-0.07700	-0.00115	0.07700	0.99703	0.00040	0.00112	-0.00049	1.00000	
2	0.01000	0.20339	-13.71010	-0.64904	0.25067	0.18006	-0.86816	0.16089	0.99988	0.01515	-0.00314	-0.01514	0.99988	0.00437	0.00321	-0.00433	0.99999		-1.70260	6.77826	-0.76898	0.00458	0.04739	4.40876	1.08720	0.99704	-0.07687	-0.00083	0.07687	0.99704	0.00008	0.00082	-0.00014	1.00000	
3	0.01500	0.24703	-13.69696	-0.61928	0.24302	0.16391	-0.86800	0.16136	0.99988	0.01515	-0.00286	-0.01514	0.99988	0.00424	0.00292	-0.00420	0.99999		-1.66562	6.77979	-0.85072	-0.00743	0.03888	4.40397	1.09614	0.99705	-0.07679	-0.00068	0.07679	0.99705	-0.00013	0.00069	0.00008	1.00000	
4	0.02000	0.29069	-13.70552	-0.60258	0.23285	0.15110	-0.87058	0.15861	0.99988	0.01519	-0.00264	-0.01518	0.99988	0.00406	0.00270	-0.00402	0.99999		-1.65097	6.80111	-0.90029	-0.01609	0.02766	4.40126	1.08296	0.99705	-0.07674	-0.00048	0.07674	0.99705	-0.00028	0.00050	0.00024	1.00000	
5	0.02500	0.34353	-13.70822	-0.55607	0.22285	0.13043	-0.87198	0.16576	0.99988	0.01522	-0.00228	-0.01521	0.99988	0.00389	0.00234	-0.00385	0.99999		-1.61909	6.80814	-0.96286	-0.02522	0.01683	4.40052	1.07746	0.99705	-0.07673	-0.00029	0.07673	0.99705	-0.00044	0.00033	0.00042	1.00000	
6	0.03000	0.35861	-13.69580	-0.52613	0.21472	0.12171	-0.86594	0.14389	0.99988	0.01511	-0.00212	-0.01510	0.99988	0.00375	0.00218	-0.00371	0.99999		-1.55615	6.82248	-1.02080	-0.03299	0.00071	4.39765	1.05404	0.99706	-0.07668	-0.00001	0.07668	0.99706	-0.00058	0.00006	0.00057	1.00000	
7	0.03500	0.43254	-13.70420	-0.48153	0.20614	0.10265	-0.86272	0.15635	0.99989	0.01506	-0.00179	-0.01505	0.99988	0.00360	0.00185	-0.00357	0.99999		-1.49406	6.82484	-1.06796	-0.03966	-0.01240	4.39536	1.04293	0.99706	-0.07664	0.00022	0.07664	0.99706	-0.00069	-0.00016	0.00071	1.00000	
8	0.04000	0.42351	-13.70422	-0.45852	0.19635	0.09197	-0.85954	0.14492	0.99989	0.01500	-0.00161	-0.01500	0.99988	0.00343	0.00166	-0.00340	0.99999		-1.44497	6.81901	-1.11771	-0.04757	-0.02317	4.39611	1.02775	0.99706	-0.07665	0.00040	0.07665	0.99706	-0.00083	-0.00034	0.00086	1.00000	
9	0.04500	0.48264	-13.69218	-0.41381	0.19201	0.07318	-0.86480	0.16569	0.99989	0.01509	-0.00128	-0.01509	0.99988	0.00335	0.00133	-0.00333	0.99999		-1.42992	6.83104	-1.16277	-0.05390	-0.03328	4.39401	1.00387	0.99706	-0.07661	0.00058	0.07662	0.99706	-0.00094	-0.00051	0.00098	1.00000	
10	0.05000	0.49056	-13.67022	-0.37511	0.18683	0.06509	-0.86657	0.16020	0.99988	0.01512	-0.00114	-0.01512	0.99988	0.00326	0.00119	-0.00324	0.99999		-1.42548	6.82889	-1.21471	-0.06193	-0.04005	4.39242	1.01971	0.99706	-0.07659	0.00070	0.07659	0.99706	-0.00108	-0.00061	0.00113	1.00000	
11	0.05500	0.51299	-13.67556	-0.33723	0.17855	0.05391	-0.85868	0.15141	0.99989	0.01499	-0.00094	-0.01498	0.99988	0.00312	0.00099	-0.00310	0.99999		-1.37944	6.83823	-1.26609	-0.06643	-0.05195	4.39384	0.98813	0.99706	-0.07661	0.00091	0.07661	0.99706	-0.00116	-0.00082	0.00123	1.00000	
12	0.06000	0.55377	-13.64812	-0.31005	0.17372	0.03614	-0.86302	0.15546	0.99989	0.01506	-0.00063	-0.01506	0.99988	0.00303	0.00068	-0.00302	1.00000		-1.32112	6.85830	-1.29943	-0.06902	-0.06445	4.38822	0.99535	0.99707	-0.07651	0.00112	0.07652	0.99707	-0.00120	-0.00103	0.00129	1.00000	
13	0.06500	0.58017	-13.64260	-0.27732	0.16939	0.02794	-0.86566	0.16188	0.99989	0.01511	-0.00049	-0.01511	0.99988	0.00296	0.00053	-0.00295	1.00000		-1.25545	6.84892	-1.35430	-0.07354	-0.07684	4.38864	0.98402	0.99707	-0.07652	0.00134	0.07652	0.99707	-0.00128	-0.00124	0.00138	1.00000	
14	0.07000	0.59095	-13.63386	-0.23249	0.16358	0.01231	-0.86286	0.16856	0.99989	0.01506	-0.00021	-0.01506	0.99988	0.00286	0.00026	-0.00285	1.00000		-1.21431	6.85840	-1.39085	-0.07639	-0.09011	4.38448	0.98542	0.99707	-0.07645	0.00157	0.07645	0.99707	-0.00133	-0.00147	0.00145	1.00000	
15	0.07500	0.61815	-13.63775	-0.19576	0.15522	-0.00093	-0.85636	0.15723	0.99989	0.01495	0.00002	-0.01495	0.99988	0.00271	0.00002	-0.00271	1.00000		-1.20795	6.85353	-1.43095	-0.07924	-0.09940	4.38489	0.97596	0.99707	-0.07646	0.00173	0.07646	0.99707	-0.00138	-0.00162	0.00151	1.00000	
16	0.08000	0.68994	-13.63575	-0.15748	0.14926	-0.01680	-0.85965	0.16229	0.99989	0.01500	0.00029	-0.01500	0.99988	0.00261	-0.00025	-0.00261	1.00000		-1.16592	6.88192	-1.46741	-0.07956	-0.11088	4.38241	0.96114	0.99707	-0.07641	0.00194	0.07642	0.99708	-0.00139	-0.00182	0.00153	1.00000	
17	0.08500	0.68501	-13.59345	-0.12929	0.14711	-0.03178	-0.85649	0.15634	0.99989	0.01495	0.00055	-0.01495	0.99988	0.00257	-0.00052	-0.00258	1.00000		-1.13762	6.87308	-1.50914	-0.08046	-0.12227	4.38333	0.97184	0.99707	-0.07643	0.00213	0.07643	0.99707	-0.00140	-0.00202	0.00156	1.00000	
18	0.09000	0.70533	-13.58209	-0.07744	0.14355	-0.03498	-0.85774	0.14762	0.99989	0.01497	0.00061	-0.01497	0.99988	0.00251	-0.00057	-0.00251	1.00000		-1.10402	6.88773	-1.52885	-0.07854	-0.13297	4.38078	0.96080	0.99708	-0.07638	0.00232	0.07639	0.99708	-0.00137	-0.00221	0.00154	1.00000	
19	0.09500	0.71970	-13.56295	-0.04650	0.14295	-0.04333	-0.85909	0.17304	0.99989	0.01499	0.00076	-0.01500	0.99988	0.00249	-0.00072	-0.00251	1.00000		-1.03777	6.89380	-1.55207	-0.07746	-0.14563	4.38070	0.95093	0.99708	-0.07638	0.00254	0.07639	0.99708	-0.00135	-0.00243	0.00154	1.00000	
20	0.10000	0.71889	-13.55196	-0.00387	0.13813	-0.05618	-0.85872	0.15911	0.99989	0.01499	0.00098	-0.01499	0.99988	0.00241	-0.00094	-0.00243	1.00000		-1.01976	6.88404	-1.57483	-0.07776	-0.15916	4.37630	0.96752	0.99708	-0.07631	0.00278	0.07631	0.99708	-0.00136	-0.00267	0.00157	1.00000	
21	0.10500	0.78492	-13.52881	0.03233	0.13489	-0.07302	-0.85746	0.16668	0.99989	0.01496	0.00127	-0.01497	0.99989	0.00235	-0.00124	-0.00237	1.00000		-0.97838	6.89459	-1.59648	-0.07630	-0.16768	4.37550	0.96308	0.99708	-0.07629	0.00293	0.07630	0.99708	-0.00133	-0.00282	0.00155	0.99999	
22	0.11000	0.76893	-13.52898	0.07664	0.13254	-0.07749	-0.85651	0.15513	0.99989	0.01495	0.00135	-0.01495	0.99989	0.00231	-0.00132	-0.00233	1.00000		-0.97799	6.90927	-1.61660	-0.07115	-0.17607	4.37784	0.95259	0.99708	-0.07633	0.00307	0.07634	0.99708	-0.00124	-0.00297	0.00147	0.99999	
23	0.11500	0.83269	-13.52039	0.12836	0.12825	-0.09049	-0.85779	0.16674	0.99989	0.01497	0.00158	-0.01497	0.99989	0.00224	-0.00155	-0.00226	1.00000		-0.94615	6.92000	-1.62546	-0.06884	-0.18461	4.37805	0.96292	0.99708	-0.07634	0.00322	0.07634	0.99708	-0.00120	-0.00312	0.00144	0.99999	
24	0.12000	0.92904	-13.66715	-0.03023	0.08261	-0.12663	-0.84182	0.14905	0.99989	0.01469	0.00221	-0.01470	0.99989	0.00144	-0.00219	-0.00147	1.00000		-0.86632	6.84522	-1.53569	-0.07804	-0.20333	4.37086	0.95749	0.99709	-0.07621	0.00355	0.07622	0.99709	-0.00136	-0.00343	0.00163	0.99999	
25	0.12500	0.93904	-13.66807	0.02287	0.07944	-0.13746	-0.83902	0.14100	0.99989	0.01464	0.00240	-0.01465	0.99989	0.00139	-0.00238	-0.00142	1.00000		-0.85254	6.85695	-1.53980	-0.07344	-0.21072	4.37187	0.95857	0.99708	-0.07623	0.00368	0.07623	0.99709	-0.00128	-0.00357	0.00156	0.99999	
26	0.13000	0.95683	-13.64896	0.05704	0.07605	-0.14992	-0.83476	0.13914	0.99989	0.01457	0.00262	-0.01457	0.99989	0.00133	-0.00260	-0.00137	1.00000		-0.80723	6.84570	-1.53811	-0.07099	-0.21717	4.37154	0.96009	0.99708	-0.07622	0.00379	0.07623	0.99709	-0.00124	-0.00368	0.00152	0.99999	
27	0.13500	1.00295	-13.65551	0.09474	0.07017	-0.15981	-0.83544	0.14114	0.99989	0.01458	0.00279	-0.01458	0.99989	0.00122	-0.00277	-0.00127	1.00000		-0.81708	6.86555	-1.53095	-0.06545	-0.22409	4.37102	0.95393	0.99708	-0.07621	0.00391	0.07622	0.99709	-0.00114	-0.00381	0.00144	0.99999	
28	0.14000	1.01311	-13.64871	0.13425	0.06689	-0.16974	-0.83234	0.12693	0.99989	0.01453	0.00296	-0.01453	0.99989	0.00117	-0.00295	-0.00121	0.99999		-0.77229	6.87825	-1.54003	-0.05850	-0.23214	4.36800	0.95489	0.99709	-0.07616	0.00405	0.07617	0.99709	-0.00102	-0.00396	0.00133	0.99999	
29	0.14500	1.03230	-13.64237	0.19225	0.06350	-0.17848	-0.83210	0.13775	0.99989	0.01452	0.00312	-0.01453	0.99989	0.00111	-0.00310	-0.00115	0.99999		-0.77421	6.88181	-1.53795	-0.05386	-0.23715	4.36951	0.95681	0.99708	-0.07619	0.00414	0.07619	0.99709	-0.00094	-0.00406	0.00125	0.99999	
30	0.15000	1.06451	-13.62067	0.23632	0.06099	-0.18935	-0.82799	0.13118	0.99989	0.01445	0.00330	-0.01445	0.99990	0.00106	-0.00329	-0.00111	0.99999		-0.72750	6.89190	-1.53061	-0.04846	-0.24503	4.36994	0.97262	0.99708	-0.07620	0.00428	0.07620	0.99709	-0.00085	-0.00420	0.00117	0.99999	
31	0.15500	1.10459	-13.61158	0.28292	0.06014	-0.19911	-0.82868	0.12679	0.99989	0.01446	0.00348	-0.01447	0.99989	0.00105	-0.00346	-0.00110	0.99999		-0.70141	6.89104	-1.51178	-0.04405	-0.25018	4.36690	0.97260	0.99709	-0.07614	0.00437	0.07615	0.99710	-0.00077	-0.00430	0.00110	0.99999	
32	0.16000	1.09361	-13.60956	0.32083	0.05672	-0.20443	-0.83093	0.14242	0.99989	0.01450	0.00357	-0.01451	0.99989	0.00099	-0.00355	-0.00104	0.99999		-0.70021	6.89077	-1.49622	-0.03847	-0.25595	4.36895	0.97181	0.99708	-0.07618	0.00447	0.07618	0.99709	-0.00067	-0.00440	0.00101	0.99999	
33	0.16500	1.15508	-13.61965	0.37824	0.05079	-0.21176	-0.83019	0.14738	0.99989	0.01449	0.00370	-0.01449	0.99989	0.00089	-0.00368	-0.00094	0.99999		-0.67887	6.90605	-1.47261	-0.03124	-0.26330	4.36663	0.97992	0.99709	-0.07614	0.00460	0.07614	0.99710	-0.00055	-0.00454	0.00089	0.99999	
34	0.17000	1.17467	-13.60814	0.42160	0.04950	-0.22283	-0.82995	0.13801	0.99989	0.01448	0.00389	-0.01449	0.99989	0.00086	-0.00388	-0.00092	0.99999		-0.63320	6.91053	-1.45423	-0.02551	-0.26804	4.36538	0.98682	0.99709	-0.07612	0.00468	0.07612	0.99710	-0.00045	-0.00463	0.00080	0.99999	
35	0.17500	1.19893	-13.61330	0.47750	0.04442	-0.22622	-0.82800	0.13505	0.99989	0.01445	0.00395	-0.01445	0.99990	0.00078	-0.00394	-0.00083	0.99999		-0.67095	6.92727	-1.42032	-0.01944	-0.27040	4.36409	0.99693	0.99709	-0.07609	0.00472	0.07610	0.99710	-0.00034	-0.00468	0.00070	0.99999	
36	0.18000	1.22120	-13.60241	0.52013	0.04121	-0.23167	-0.82312	0.13191	0.99989	0.01437	0.00404	-0.01437	0.99990	0.00072	-0.00403	-0.00078	0.99999		-0.64291	6.92627	-1.39764	-0.01627	-0.27546	4.36361	0.99097	0.99709	-0.07608	0.00481	0.07609	0.99710	-0.00028	-0.00477	0.00065	0.99999	
37	0.18500	1.26491	-13.60106	0.57696	0.03953	-0.24029	-0.82189	0.13640	0.99989	0.01434	0.00419	-0.01435	0.99990	0.00069	-0.00418	-0.00075	0.99999		-0.63552	6.93946	-1.36276	-0.00848	-0.27870	4.36453	1.00544	0.99709	-0.07610	0.00486	0.07610	0.99710	-0.00015	-0.00484	0.00052	0.99999	
38	0.19000	1.25972	-13.58675	0.61893	0.03762	-0.24802	-0.82093	0.13475	0.99989	0.01433	0.00433	-0.01433	0.99990	0.00066	-0.00432	-0.00072	0.99999		-0.63636	6.95909	-1.34326	-0.00123	-0.28039	4.36586	0.99881	0.99709	-0.07612	0.00489	0.07613	0.99710	-0.00002	-0.00488	0.00039	0.99999	
39	0.19500	1.27758	-13.57911	0.65222	0.04000	-0.24370	-0.82561	0.14215	0.99989	0.01441	0.00425	-0.01441	0.99990	0.00070	-0.00424	-0.00076	0.99999		-0.57702	6.99527	-1.30266	0.00602	-0.28493	4.36363	1.01314	0.99709	-0.07609	0.00497	0.07609	0.99710	0.00011	-0.00497	0.00027	0.99999	
40	0.20000	1.26487	-13.55686	0.70690	0.03873	-0.24723	-0.82292	0.12913	0.99989	0.01436	0.00431	-0.01437	0.99990	0.00068	-0.00430	-0.00074	0.99999		-0.59094	6.99973	-1.26965	0.01143	-0.28302	4.36585	1.00236	0.99709	-0.07612	0.00494	0.07612	0.99710	0.00020	-0.00494	0.00018	0.99999	
41	0.20500	1.27378	-13.53026	0.73896	0.04264	-0.24519	-0.82483	0.13487	0.99989	0.01440	0.00428	-0.01440	0.99990	0.00074	-0.00427	-0.00081	0.99999		-0.56286	7.00531	-1.23775	0.01483	-0.28970	4.36396	1.00858	0.99709	-0.07609	0.00506	0.07609	0.99710	0.00026	-0.00506	0.00013	0.99999	
42	0.21000	1.28888	-13.53753	0.78344	0.03704	-0.24976	-0.81836	0.14023	0.99989	0.01428	0.00436	-0.01429	0.99990	0.00065	-0.00435	-0.00071	0.99999		-0.55771	7.01266	-1.20477	0.01838	-0.28561	4.36457	1.00885	0.99709	-0.07610	0.00498	0.07610	0.99710	0.00032	-0.00499	0.00006	0.99999	
43	0.21500	1.28286	-13.52029	0.82889	0.03941	-0.24892	-0.82512	0.15251	0.99989	0.01440	0.00434	-0.01440	0.99990	0.00069	-0.00433	-0.00075	0.99999		-0.58129	7.03147	-1.16620	0.02309	-0.28813	4.36655	1.02166	0.99708	-0.07614	0.00503	0.07613	0.99710	0.00040	-0.00504	-0.00002	0.99999	
44	0.22000	1.30122	-13.50841	0.87232	0.04100	-0.24673	-0.82627	0.13405	0.99989	0.01442	0.00431	-0.01442	0.99990	0.00072	-0.00430	-0.00078	0.99999		-0.55415	7.04048	-1.13612	0.02703	-0.28790	4.36532	1.02079	0.99709	-0.07611	0.00502	0.07611	0.99710	0.00047	-0.00505	-0.00009	0.99999	
45	0.22500	1.30592	-13.46961	0.91473	0.04481	-0.24731	-0.82278	0.13574	0.99989	0.01436	0.00432	-0.01436	0.99990	0.00078	-0.00430	-0.00084	0.99999		-0.57183	7.06411	-1.09130	0.03065	-0.28473	4.36451	1.02610	0.99709	-0.07610	0.00497	0.07610	0.99710	0.00054	-0.00500	-0.00016	0.99999	
46	0.23000	1.34203	-13.47481	0.97074	0.04115	-0.25142	-0.82345	0.13070	0.99989	0.01437	0.00439	-0.01437	0.99990	0.00072	-0.00438	-0.00078	0.99999		-0.54727	7.05799	-1.05368	0.03164	-0.28893	4.36598	1.02274	0.99709	-0.07613	0.00504	0.07612	0.99710	0.00055	-0.00507	-0.00017	0.99999	
47	0.23500	1.32190	-13.44744	0.99548	0.04285	-0.25009	-0.82002	0.13272	0.99989	0.01431	0.00436	-0.01431	0.99990	0.00075	-0.00435	-0.00081	0.99999		-0.54037	7.10242	-1.00521	0.03731	-0.28611	4.36376	1.03344	0.99709	-0.07609	0.00499	0.07609	0.99710	0.00065	-0.00503	-0.00027	0.99999	
48	0.24000	1.34779	-13.44439	1.03998	0.04260	-0.24955	-0.82192	0.12392	0.99989	0.01434	0.00436	-0.01435	0.99990	0.00074	-0.00434	-0.00081	0.99999		-0.49862	7.08074	-0.95392	0.03716	-0.28694	4.36376	1.03446	0.99709	-0.07609	0.00501	0.07609	0.99710	0.00065	-0.00504	-0.00027	0.99999	
49	0.24500	1.32588	-13.42976	1.08592	0.04637	-0.24418	-0.82328	0.12172	0.99989	0.01437	0.00426	-0.01437	0.99990	0.00081	-0.00425	-0.00087	0.99999		-0.53799	7.10823	-0.91285	0.03755	-0.28131	4.36497	1.01388	0.99709	-0.07611	0.00491	0.07611	0.99710	0.00066	-0.00495	-0.00028	0.99999	
50	0.25000	1.35598	-13.41620	1.11733	0.04674	-0.23856	-0.82169	0.12859	0.99989	0.01434	0.00416	-0.01434	0.99990	0.00082	-0.00415	-0.00088	0.99999		-0.51342	7.13348	-0.87097	0.04193	-0.28170	4.36409	1.02102	0.99709	-0.07609	0.00492	0.07609	0.99710	0.00073	-0.00496	-0.00036	0.99999	
51	0.25500	1.35453	-13.41164	1.15122	0.04697	-0.23929	-0.82067	0.12244	0.99989	0.01432	0.00418	-0.01433	0.99990	0.00082	-0.00416	-0.00088	0.99999		-0.50662	7.13748	-0.81456	0.03988	-0.27905	4.36673	0.99760	0.99709	-0.07614	0.00487	0.07614	0.99710	0.00070	-0.00491	-0.00032	0.99999	
52	0.26000	1.33241	-13.39200	1.19454	0.04875	-0.23143	-0.82252	0.12408	0.99989	0.01436	0.00404	-0.01436	0.99990	0.00085	-0.00403	-0.00091	0.99999		-0.54710	7.15178	-0.76411	0.03834	-0.27188	4.36414	1.00007	0.99709	-0.07609	0.00475	0.07609	0.99710	0.00067	-0.00478	-0.00031	0.99999	
53	0.26500	1.34160	-13.38303	1.24571	0.05088	-0.23015	-0.82618	0.13822	0.99989	0.01442	0.00402	-0.01442	0.99990	0.00089	-0.00400	-0.00095	0.99999		-0.51605	7.16378	-0.71626	0.03862	-0.27146	4.36598	1.01424	0.99709	-0.07613	0.00474	0.07612	0.99710	0.00067	-0.00478	-0.00031	0.99999	
54	0.27000	1.35883	-13.37964	1.27044	0.05182	-0.22817	-0.82209	0.12115	0.99989	0.01435	0.00398	-0.01435	0.99990	0.00090	-0.00397	-0.00096	0.99999		-0.51037	7.18000	-0.65892	0.03741	-0.27007	4.36537	1.01221	0.99709	-0.07612	0.00471	0.07611	0.99710	0.00065	-0.00475	-0.00029	0.99999	
55	0.27500	1.35064	-13.38206	1.32128	0.04882	-0.22334	-0.82498	0.13052	0.99989	0.01440	0.00390	-0.01440	0.99990	0.00085	-0.00389	-0.00091	0.99999		-0.52076	7.20136	-0.60238	0.03666	-0.26274	4.36301	1.01553	0.99709	-0.07607	0.00459	0.07607	0.99710	0.00064	-0.00462	-0.00029	0.99999	
56	0.28000	1.36516	-13.35728	1.34070	0.05392	-0.21836	-0.82235	0.12365	0.99989	0.01435	0.00381	-0.01436	0.99990	0.00094	-0.00380	-0.00100	0.99999		-0.49630	7.21680	-0.53500	0.03413	-0.26434	4.36326	0.99658	0.99709	-0.07608	0.00461	0.07608	0.99710	0.00060	-0.00465	-0.00024	0.99999	
57	0.28500	1.34901	-13.33900	1.38329	0.05753	-0.21248	-0.82603	0.12639	0.99989	0.01442	0.00371	-0.01442	0.99990	0.00100	-0.00369	-0.00106	0.99999		-0.55327	7.24417	-0.48431	0.03123	-0.25863	4.36413	1.00364	0.99709	-0.07609	0.00451	0.07609	0.99710	0.00055	-0.00454	-0.00020	0.99999	
58	0.29000	1.36766	-13.34299	1.42319	0.05622	-0.21297	-0.82569	0.12795	0.99989	0.01441	0.00372	-0.01441	0.99990	0.00098	-0.00370	-0.00103	0.99999		-0.54058	7.22371	-0.42531	0.02394	-0.25215	4.36382	1.00839	0.99709	-0.07609	0.00440	0.07609	0.99710	0.00042	-0.00442	-0.00008	0.99999	
59	0.29500	1.35585	-13.33642	1.45501	0.05478	-0.20671	-0.82290	0.12861	0.99989	0.01436	0.00361	-0.01437	0.99990	0.00096	-0.00359	-0.00101	0.99999		-0.56805	7.24728	-0.36195	0.02046	-0.24829	4.36225	1.00570	0.99709	-0.07606	0.00433	0.07606	0.99710	0.00036	-0.00435	-0.00003	0.99999	
60	0.30000	1.35393	-13.32871	1.49592	0.05897	-0.19735	-0.82196	0.13107	0.99989	0.01435	0.00344	-0.01435	0.99990	0.00103	-0.00343	-0.00108	0.99999		-0.56133	7.24189	-0.30659	0.01421	-0.24376	4.36293	0.99820	0.99709	-0.07607	0.00425	0.07607	0.99710	0.00025	-0.00426	0.00008	0.99999	
61	0.30500	1.33368	-13.32629	1.53957	0.05825	-0.18766	-0.82462	0.12506	0.99989	0.01439	0.00328	-0.01440	0.99990	0.00102	-0.00326	-0.00106	0.99999		-0.58075	7.26394	-0.25165	0.00942	-0.23743	4.36484	1.00563	0.99709	-0.07611	0.00414	0.07611	0.99710	0.00016	-0.00414	0.00015	0.99999	
62	0.31000	1.36421	-13.32370	1.56607	0.06035	-0.18752	-0.82560	0.12259	0.99989	0.01441	0.00327	-0.01441	0.99990	0.00105	-0.00326	-0.00110	0.99999		-0.58678	7.28280	-0.17961	0.00469	-0.23542	4.36407	1.00385	0.99709	-0.07609	0.00411	0.07609	0.99710	0.00008	-0.00410	0.00023	0.99999	
63	0.31500	1.36413	-13.34112	1.59544	0.05993	-0.18098	-0.82499	0.12568	0.99989	0.01440	0.00316	-0.01440	0.99990	0.00105	-0.00314	-0.00109	0.99999		-0.55789	7.30200	-0.12192	0.00059	-0.22899	4.36539	0.98049	0.99709	-0.07612	0.00400	0.07612	0.99710	0.00001	-0.00399	0.00029	0.99999	
64	0.32000	1.34288	-13.31708	1.63597	0.06391	-0.17132	-0.82735	0.11977	0.99989	0.01444	0.00299	-0.01444	0.99990	0.00112	-0.00297	-0.00116	0.99999		-0.58983	7.31318	-0.07556	-0.00848	-0.22112	4.36084	0.97686	0.99710	-0.07604	0.00386	0.07604	0.99710	-0.00015	-0.00384	0.00044	0.99999	
65	0.32500	1.33436	-13.31090	1.66742	0.06571	-0.16466	-0.82798	0.12021	0.99989	0.01445	0.00287	-0.01445	0.99989	0.00115	-0.00286	-0.00119	1.00000		-0.59775	7.31179	-0.00135	-0.01716	-0.21693	4.36213	0.99493	0.99710	-0.07606	0.00379	0.07606	0.99710	-0.00030	-0.00375	0.00059	0.99999	
66	0.33000	1.30865	-13.29979	1.71207	0.06967	-0.15301	-0.83066	0.12763	0.99989	0.01450	0.00267	-0.01450	0.99989	0.00122	-0.00265	-0.00125	1.00000		-0.62018	7.32518	0.06175	-0.02597	-0.21189	4.36232	0.98037	0.99710	-0.07606	0.00370	0.07606	0.99710	-0.00045	-0.00365	0.00073	0.99999	
67	0.33500	1.30377	-13.30048	1.75107	0.07116	-0.14802	-0.82782	0.12534	0.99989	0.01445	0.00258	-0.01445	0.99989	0.00124	-0.00257	-0.00128	1.00000		-0.60935	7.34200	0.09908	-0.03094	-0.20928	4.36066	0.98553	0.99710	-0.07603	0.00365	0.07604	0.99710	-0.00054	-0.00360	0.00082	0.99999	
68	0.34000	1.23468	-13.27234	1.80198	0.07454	-0.13152	-0.83311	0.12681	0.99989	0.01454	0.00230	-0.01454	0.99989	0.00130	-0.00228	-0.00133	1.00000		-0.61683	7.33499	0.17481	-0.04407	-0.20199	4.35850	0.97118	0.99710	-0.07600	0.00353	0.07600	0.99711	-0.00077	-0.00346	0.00103	0.99999	
69	0.34500	1.23428	-13.27960	1.82357	0.07478	-0.12720	-0.83037	0.12615	0.99989	0.01449	0.00222	-0.01450	0.99989	0.00131	-0.00220	-0.00134	1.00000		-0.61983	7.33456	0.23260	-0.05384	-0.19864	4.36166	0.94270	0.99710	-0.07605	0.00347	0.07606	0.99710	-0.00094	-0.00339	0.00120	0.99999	
70	0.35000	1.19230	-13.27657	1.86105	0.07730	-0.11574	-0.83362	0.13345	0.99989	0.01455	0.00202	-0.01455	0.99989	0.00135	-0.00200	-0.00138	1.00000		-0.61440	7.35259	0.30173	-0.06293	-0.19446	4.36292	0.93894	0.99710	-0.07607	0.00339	0.07608	0.99710	-0.00110	-0.00330	0.00135	0.99999	
71	0.35500	1.20029	-13.26485	1.89148	0.07816	-0.10693	-0.82902	0.12966	0.99989	0.01447	0.00187	-0.01447	0.99989	0.00136	-0.00185	-0.00139	1.00000		-0.61974	7.36270	0.34739	-0.07049	-0.18908	4.36360	0.93125	0.99710	-0.07609	0.00330	0.07609	0.99710	-0.00123	-0.00320	0.00148	0.99999	
72	0.36000	1.17222	-13.26237	1.92694	0.08180	-0.09983	-0.83104	0.11961	0.99989	0.01450	0.00174	-0.01451	0.99989	0.00143	-0.00172	-0.00145	1.00000		-0.65592	7.36489	0.39258	-0.08080	-0.18028	4.36198	0.92332	0.99710	-0.07606	0.00315	0.07606	0.99710	-0.00141	-0.00303	0.00165	0.99999	
73	0.36500	1.18003	-13.26323	1.95978	0.08151	-0.09469	-0.83531	0.14119	0.99989	0.01458	0.00165	-0.01458	0.99989	0.00142	-0.00163	-0.00145	1.00000		-0.64346	7.37638	0.46707	-0.08846	-0.17919	4.36433	0.92409	0.99710	-0.07610	0.00313	0.07610	0.99710	-0.00154	-0.00300	0.00178	0.99999	
74	0.37000	1.15079	-13.25058	1.98343	0.08566	-0.08559	-0.83447	0.12813	0.99989	0.01456	0.00149	-0.01457	0.99989	0.00150	-0.00147	-0.00152	1.00000		-0.66600	7.40651	0.52953	-0.09403	-0.17587	4.36156	0.91891	0.99710	-0.07605	0.00307	0.07605	0.99710	-0.00164	-0.00294	0.00187	0.99999	
75	0.37500	1.16037	-13.28969	2.02904	0.08081	-0.08507	-0.83576	0.13547	0.99989	0.01459	0.00148	-0.01459	0.99989	0.00141	-0.00146	-0.00143	1.00000		-0.67275	7.39537	0.58138	-0.10466	-0.16892	4.36013	0.91843	0.99710	-0.07602	0.00295	0.07603	0.99710	-0.00183	-0.00280	0.00205	0.99999	
76	0.38000	1.10998	-13.25924	2.05207	0.08614	-0.06758	-0.83267	0.12473	0.99989	0.01453	0.00118	-0.01453	0.99989	0.00150	-0.00116	-0.00152	1.00000		-0.70788	7.40741	0.64386	-0.11358	-0.16494	4.36223	0.90570	0.99710	-0.07606	0.00288	0.07607	0.99710	-0.00198	-0.00272	0.00220	0.99999	
77	0.38500	1.07144	-13.27719	2.07619	0.08714	-0.05974	-0.83746	0.13230	0.99989	0.01462	0.00104	-0.01462	0.99989	0.00152	-0.00102	-0.00154	1.00000		-0.70267	7.42729	0.70768	-0.11973	-0.15593	4.36726	0.86458	0.99709	-0.07615	0.00272	0.07615	0.99709	-0.00209	-0.00255	0.00229	0.99999	
78	0.39000	1.02183	-13.26153	2.10431	0.09097	-0.04837	-0.83741	0.13369	0.99989	0.01462	0.00084	-0.01462	0.99989	0.00159	-0.00082	-0.00160	1.00000		-0.71905	7.43272	0.75619	-0.12969	-0.15188	4.36796	0.86364	0.99709	-0.07616	0.00265	0.07617	0.99709	-0.00226	-0.00247	0.00246	0.99999	
79	0.39500	1.02030	-13.24997	2.12100	0.09482	-0.04638	-0.83961	0.13565	0.99989	0.01465	0.00081	-0.01465	0.99989	0.00165	-0.00079	-0.00167	1.00000		-0.73670	7.43362	0.82129	-0.13860	-0.14652	4.36493	0.85750	0.99710	-0.07611	0.00256	0.07611	0.99710	-0.00242	-0.00237	0.00261	0.99999	
80	0.40000	1.02687	-13.27813	2.14308	0.09044	-0.03887	-0.83529	0.12476	0.99989	0.01458	0.00068	-0.01458	0.99989	0.00158	-0.00066	-0.00159	1.00000		-0.74929	7.42619	0.88157	-0.14862	-0.13990	4.37041	0.81970	0.99709	-0.07620	0.00244	0.07621	0.99709	-0.00259	-0.00224	0.00277	0.99999	
81	0.40500	0.96661	-13.29581	2.19351	0.08797	-0.02897	-0.84185	0.14297	0.99989	0.01469	0.00051	-0.01469	0.99989	0.00154	-0.00048	-0.00154	1.00000		-0.78835	7.43666	0.94757	-0.15844	-0.13547	4.36737	0.82958	0.99709	-0.07615	0.00236	0.07616	0.99709	-0.00277	-0.00215	0.00294	0.99999	
82	0.41000	0.95849	-13.28272	2.19836	0.09587	-0.01864	-0.84344	0.13978	0.99989	0.01472	0.00033	-0.01472	0.99989	0.00167	-0.00030	-0.00168	1.00000		-0.77751	7.42951	1.01258	-0.16555	-0.12984	4.36880	0.83031	0.99709	-0.07618	0.00227	0.07618	0.99709	-0.00289	-0.00204	0.00305	0.99999	
83	0.41500	0.96483	-13.30967	2.22167	0.09039	-0.01868	-0.84214	0.14596	0.99989	0.01470	0.00033	-0.01470	0.99989	0.00158	-0.00030	-0.00158	1.00000		-0.80659	7.43492	1.07084	-0.17373	-0.12586	4.36722	0.80737	0.99709	-0.07615	0.00220	0.07615	0.99709	-0.00303	-0.00196	0.00319	0.99999	
84	0.42000	0.89441	-13.28172	2.21344	0.10026	-0.00576	-0.84445	0.13496	0.99989	0.01474	0.00010	-0.01474	0.99989	0.00175	-0.00007	-0.00175	1.00000		-0.82619	7.43403	1.11561	-0.18238	-0.11983	4.36884	0.81494	0.99709	-0.07618	0.00209	0.07618	0.99709	-0.00318	-0.00184	0.00333	0.99999	
85	0.42500	0.89326	-13.29249	2.22543	0.10016	-0.00081	-0.84288	0.13410	0.99989	0.01471	0.00001	-0.01471	0.99989	0.00175	0.00001	-0.00175	1.00000		-0.84456	7.43556	1.17644	-0.18774	-0.11436	4.36921	0.82020	0.99709	-0.07618	0.00200	0.07619	0.99709	-0.00328	-0.00174	0.00342	0.99999	
86	0.43000	0.83273	-13.28862	2.25217	0.10161	0.00929	-0.84318	0.13120	0.99989	0.01472	-0.00016	-0.01472	0.99989	0.00177	0.00019	-0.00177	1.00000		-0.87893	7.41930	1.21855	-0.19688	-0.10825	4.37080	0.78820	0.99709	-0.07621	0.00189	0.07622	0.99709	-0.00344	-0.00162	0.00357	0.99999	
87	0.43500	0.82822	-13.28652	2.25425	0.10490	0.01062	-0.84531	0.12795	0.99989	0.01475	-0.00019	-0.01475	0.99989	0.00183	0.00021	-0.00183	1.00000		-0.88136	7.42973	1.27667	-0.19872	-0.10537	4.37363	0.78759	0.99709	-0.07626	0.00184	0.07627	0.99708	-0.00347	-0.00157	0.00360	0.99999	
88	0.44000	0.79329	-13.28897	2.27164	0.10514	0.01496	-0.84703	0.14145	0.99989	0.01478	-0.00026	-0.01478	0.99989	0.00184	0.00029	-0.00183	1.00000		-0.93350	7.42287	1.33732	-0.20521	-0.09620	4.37316	0.79282	0.99709	-0.07625	0.00168	0.07626	0.99708	-0.00358	-0.00140	0.00370	0.99999	
89	0.44500	0.80346	-13.28105	2.25817	0.10784	0.01862	-0.84681	0.13171	0.99989	0.01478	-0.00032	-0.01478	0.99989	0.00188	0.00035	-0.00188	1.00000		-0.94904	7.43602	1.35905	-0.20767	-0.09292	4.37429	0.79162	0.99709	-0.07627	0.00162	0.07628	0.99708	-0.00362	-0.00134	0.00374	0.99999	
90	0.45000	0.76380	-13.30531	2.27104	0.10889	0.02315	-0.84461	0.13121	0.99989	0.01474	-0.00040	-0.01474	0.99989	0.00190	0.00043	-0.00189	1.00000		-0.97091	7.42794	1.41516	-0.21155	-0.08726	4.37564	0.79506	0.99708	-0.07629	0.00152	0.07630	0.99708	-0.00369	-0.00124	0.00380	0.99999	
91	0.45500	0.72437	-13.30393	2.28435	0.11116	0.03416	-0.84857	0.12619	0.99989	0.01481	-0.00060	-0.01481	0.99989	0.00194	0.00062	-0.00193	1.00000		-1.03277	7.42376	1.45639	-0.21466	-0.08041	4.37435	0.77526	0.99709	-0.07627	0.00140	0.07628	0.99708	-0.00375	-0.00111	0.00384	0.99999	
92	0.46000	0.70488	-13.32237	2.27667	0.10817	0.03319	-0.84497	0.12528	0.99989	0.01475	-0.00058	-0.01475	0.99989	0.00189	0.00061	-0.00188	1.00000		-1.05529	7.42206	1.49268	-0.21728	-0.07459	4.37661	0.78259	0.99708	-0.07631	0.00130	0.07632	0.99708	-0.00379	-0.00101	0.00388	0.99999	
93	0.46500	0.66591	-13.32728	2.26250	0.11320	0.03860	-0.85118	0.13110	0.99989	0.01486	-0.00067	-0.01485	0.99989	0.00198	0.00070	-0.00197	1.00000		-1.08097	7.42403	1.53910	-0.21660	-0.06873	4.37647	0.76681	0.99708	-0.07631	0.00120	0.07631	0.99708	-0.00378	-0.00091	0.00386	0.99999	
94	0.47000	0.65798	-13.35254	2.27524	0.11045	0.04224	-0.84888	0.12495	0.99989	0.01482	-0.00074	-0.01481	0.99989	0.00193	0.00077	-0.00192	1.00000		-1.12478	7.41749	1.58456	-0.21863	-0.06279	4.37992	0.77724	0.99708	-0.07637	0.00110	0.07637	0.99707	-0.00382	-0.00080	0.00389	0.99999	
95	0.47500	0.59522	-13.33129	2.24753	0.11714	0.05081	-0.84945	0.13255	0.99989	0.01483	-0.00089	-0.01482	0.99989	0.00204	0.00092	-0.00203	1.00000		-1.15228	7.40254	1.60977	-0.21855	-0.05547	4.37946	0.77805	0.99708	-0.07636	0.00097	0.07636	0.99707	-0.00381	-0.00067	0.00388	0.99999	
96	0.48000	0.57286	-13.36050	2.25251	0.11796	0.05287	-0.84824	0.13109	0.99989	0.01480	-0.00092	-0.01480	0.99989	0.00206	0.00095	-0.00204	1.00000		-1.18621	7.41226	1.66718	-0.21625	-0.05119	4.38256	0.77014	0.99708	-0.07642	0.00089	0.07642	0.99707	-0.00377	-0.00060	0.00383	0.99999	
97	0.48500	0.51310	-13.34968	2.23874	0.12216	0.06019	-0.85046	0.12406	0.99989	0.01484	-0.00105	-0.01484	0.99989	0.00213	0.00108	-0.00212	1.00000		-1.20690	7.39723	1.70894	-0.21518	-0.04660	4.38262	0.77709	0.99708	-0.07642	0.00081	0.07642	0.99707	-0.00376	-0.00052	0.00381	0.99999	
98	0.49000	0.49824	-13.36787	2.22118	0.12269	0.06192	-0.85574	0.13001	0.99989	0.01493	-0.00108	-0.01493	0.99989	0.00214	0.00111	-0.00212	1.00000		-1.23131	7.37527	1.75288	-0.21354	-0.04043	4.37882	0.77472	0.99708	-0.07635	0.00071	0.07635	0.99707	-0.00373	-0.00042	0.00377	0.99999	
99	0.49500	0.50824	-13.36961	2.21342	0.12574	0.06224	-0.85459	0.12562	0.99989	0.01491	-0.00109	-0.01491	0.99989	0.00219	0.00112	-0.00218	1.00000		-1.26656	7.36989	1.78945	-0.20954	-0.03124	4.38598	0.78072	0.99707	-0.07648	0.00055	0.07648	0.99706	-0.00366	-0.00026	0.00369	0.99999	
100	0.50000	0.44254	-13.40174	2.20369	0.12574	0.07040	-0.84920	0.12313	0.99989	0.01482	-0.00123	-0.01482	0.99989	0.00219	0.00126	-0.00218	1.00000		-1.28373	7.36619	1.82677	-0.20363	-0.02404	4.38524	0.79841	0.99707	-0.07646	0.00042	0.07646	0.99707	-0.00355	-0.00015	0.00358	0.99999	
101	0.50500	0.38768	-13.38570	2.19213	0.13130	0.08089	-0.85235	0.11303	0.99989	0.01488	-0.00141	-0.01487	0.99989	0.00229	0.00145	-0.00227	1.00000		-1.35871	7.36860	1.86410	-0.19573	-0.01758	4.38540	0.77936	0.99707	-0.07646	0.00031	0.07647	0.99707	-0.00342	-0.00004	0.00343	0.99999	
102	0.51000	0.39066	-13.40124	2.15663	0.13302	0.07804	-0.84952	0.12049	0.99989	0.01483	-0.00136	-0.01482	0.99989	0.00232	0.00140	-0.00230	1.00000		-1.39743	7.35653	1.90040	-0.18966	-0.01030	4.38656	0.80538	0.99707	-0.07649	0.00018	0.07649	0.99707	-0.00331	0.00007	0.00331	0.99999	
103	0.51500	0.36084	-13.43364	2.13621	0.13283	0.07713	-0.84856	0.10656	0.99989	0.01481	-0.00135	-0.01481	0.99989	0.00232	0.00138	-0.00230	1.00000		-1.42546	7.33755	1.93189	-0.18345	-0.00331	4.39187	0.78256	0.99706	-0.07658	0.00006	0.07658	0.99706	-0.00320	0.00019	0.00320	0.99999	
104	0.52000	0.32913	-13.45345	2.11479	0.13382	0.08075	-0.85023	0.12445	0.99989	0.01484	-0.00141	-0.01484	0.99989	0.00234	0.00144	-0.00231	1.00000		-1.48394	7.32750	1.96147	-0.17434	0.00358	4.39227	0.80891	0.99706	-0.07658	-0.00006	0.07658	0.99706	-0.00304	0.00030	0.00303	1.00000	
105	0.52500	0.27756	-13.43946	2.08840	0.14106	0.08717	-0.85002	0.12005	0.99989	0.01484	-0.00152	-0.01483	0.99989	0.00246	0.00156	-0.00244	1.00000		-1.51114	7.32071	1.99707	-0.16483	0.01031	4.39503	0.80149	0.99706	-0.07663	-0.00018	0.07663	0.99706	-0.00288	0.00040	0.00285	1.00000	
106	0.53000	0.24870	-13.45094	2.05138	0.14466	0.09104	-0.85362	0.12756	0.99989	0.01490	-0.00159	-0.01489	0.99989	0.00252	0.00163	-0.00250	1.00000		-1.55228	7.30930	2.02147	-0.15408	0.01740	4.39681	0.80623	0.99706	-0.07666	-0.00030	0.07666	0.99705	-0.00269	0.00051	0.00266	1.00000	
107	0.53500	0.23797	-13.47448	2.02019	0.14725	0.09258	-0.84862	0.12824	0.99989	0.01481	-0.00162	-0.01481	0.99989	0.00257	0.00165	-0.00255	1.00000		-1.57557	7.30382	2.06159	-0.14290	0.02358	4.39823	0.83250	0.99706	-0.07669	-0.00041	0.07669	0.99705	-0.00249	0.00060	0.00246	1.00000	
108	0.54000	0.21826	-13.48662	1.98390	0.15158	0.09229	-0.85123	0.12886	0.99989	0.01486	-0.00161	-0.01485	0.99989	0.00265	0.00165	-0.00262	1.00000		-1.63689	7.27354	2.07844	-0.13237	0.03345	4.40073	0.84366	0.99705	-0.07673	-0.00058	0.07673	0.99705	-0.00231	0.00076	0.00226	1.00000	
109	0.54500	0.16323	-13.45598	1.94431	0.16370	0.10573	-0.85049	0.11373	0.99989	0.01484	-0.00185	-0.01484	0.99989	0.00286	0.00189	-0.00283	0.99999		-1.71008	7.25264	2.09430	-0.12209	0.04563	4.40212	0.85493	0.99705	-0.07676	-0.00080	0.07675	0.99705	-0.00213	0.00096	0.00206	1.00000	
110	0.55000	0.12757	-13.48466	1.91523	0.16782	0.10695	-0.85307	0.12391	0.99989	0.01489	-0.00187	-0.01488	0.99989	0.00293	0.00191	-0.00290	0.99999		-1.70413	7.26793	2.12485	-0.10475	0.04856	4.40405	0.87799	0.99705	-0.07679	-0.00085	0.07679	0.99705	-0.00183	0.00099	0.00176	1.00000	
111	0.55500	0.09822	-13.49696	1.86582	0.17485	0.11011	-0.85401	0.11978	0.99989	0.01490	-0.00192	-0.01490	0.99988	0.00305	0.00197	-0.00302	0.99999		-1.75598	7.23219	2.15073	-0.09062	0.05635	4.40516	0.90021	0.99705	-0.07681	-0.00098	0.07681	0.99704	-0.00158	0.00110	0.00150	1.00000	
112	0.56000	0.04474	-13.49968	1.83767	0.18242	0.11963	-0.85552	0.10810	0.99989	0.01493	-0.00209	-0.01492	0.99988	0.00318	0.00214	-0.00315	0.99999		-1.82045	7.20461	2.17306	-0.07505	0.05976	4.40747	0.93557	0.99704	-0.07685	-0.00104	0.07685	0.99704	-0.00131	0.00114	0.00123	1.00000	
113	0.56500	-0.02442	-13.48878	1.76641	0.19483	0.12801	-0.85476	0.12231	0.99989	0.01492	-0.00223	-0.01491	0.99988	0.00340	0.00228	-0.00337	0.99999		-1.86665	7.19865	2.17513	-0.05866	0.07073	4.41059	0.95396	0.99704	-0.07690	-0.00123	0.07690	0.99704	-0.00102	0.00131	0.00093	1.00000	
114	0.57000	-0.06268	-13.50116	1.71810	0.20293	0.13452	-0.85736	0.11537	0.99989	0.01496	-0.00235	-0.01495	0.99988	0.00354	0.00240	-0.00351	0.99999		-1.89193	7.18963	2.22294	-0.04077	0.07613	4.40926	0.98281	0.99704	-0.07688	-0.00133	0.07688	0.99704	-0.00071	0.00138	0.00061	1.00000	
115	0.57500	-0.10093	-13.50928	1.67321	0.20969	0.14144	-0.85858	0.11462	0.99988	0.01498	-0.00247	-0.01498	0.99988	0.00366	0.00252	-0.00362	0.99999		-1.94199	7.15953	2.22014	-0.02434	0.08675	4.40880	0.99704	0.99704	-0.07687	-0.00151	0.07687	0.99704	-0.00042	0.00154	0.00031	1.00000	
116	0.58000	-0.10289	-13.53636	1.62547	0.21654	0.14038	-0.85903	0.12125	0.99988	0.01499	-0.00245	-0.01498	0.99988	0.00378	0.00251	-0.00374	0.99999		-1.96571	7.15739	2.23622	-0.00472	0.09216	4.41202	1.02431	0.99704	-0.07693	-0.00161	0.07693	0.99704	-0.00008	0.00161	-0.00004	1.00000	
117	0.58500	-0.13081	-13.53070	1.56732	0.22675	0.14852	-0.86468	0.11615	0.99988	0.01509	-0.00259	-0.01508	0.99988	0.00396	0.00265	-0.00392	0.99999		-2.00445	7.13974	2.25183	0.01284	0.10144	4.41530	1.04225	0.99703	-0.07699	-0.00177	0.07699	0.99703	0.00022	0.00175	-0.00036	1.00000	
118	0.59000	-0.14883	-13.54698	1.52381	0.23084	0.15001	-0.86428	0.11418	0.99988	0.01508	-0.00262	-0.01507	0.99988	0.00403	0.00268	-0.00399	0.99999		-2.03465	7.12336	2.27697	0.03296	0.10732	4.41730	1.05612	0.99703	-0.07702	-0.00187	0.07702	0.99703	0.00058	0.00182	-0.00072	1.00000	
119	0.59500	-0.16728	-13.57532	1.47387	0.23983	0.15613	-0.86702	0.12172	0.99988	0.01513	-0.00273	-0.01512	0.99988	0.00419	0.00279	-0.00414	0.99999		-2.06944	7.11032	2.28930	0.05354	0.11393	4.41939	1.07006	0.99702	-0.07706	-0.00199	0.07706	0.99703	0.00093	0.00191	-0.00108	1.00000	
120	0.60000	-0.18569	-13.57165	1.41351	0.24837	0.15856	-0.86391	0.10997	0.99988	0.01508	-0.00277	-0.01507	0.99988	0.00433	0.00283	-0.00429	0.99999		-2.13853	7.08269	2.29527	0.07274	0.12270	4.42109	1.10515	0.99702	-0.07709	-0.00214	0.07709	0.99702	0.00127	0.00204	-0.00143	1.00000	
121	0.60500	-0.20739	-13.59224	1.34937	0.25563	0.15996	-0.86369	0.10796	0.99988	0.01507	-0.00279	-0.01506	0.99988	0.00446	0.00286	-0.00442	0.99999		-2.13394	7.07825	2.30137	0.09615	0.12811	4.42483	1.14585	0.99702	-0.07715	-0.00224	0.07715	0.99702	0.00168	0.00210	-0.00185	1.00000	
122	0.61000	-0.19920	-13.64133	1.29498	0.25816	0.15806	-0.86296	0.11272	0.99988	0.01506	-0.00276	-0.01505	0.99988	0.00451	0.00283	-0.00446	0.99999		-2.18502	7.07148	2.29586	0.11791	0.13773	4.42977	1.15859	0.99701	-0.07724	-0.00240	0.07724	0.99701	0.00206	0.00224	-0.00224	0.99999	
123	0.61500	-0.24161	-13.62726	1.22482	0.27211	0.16895	-0.86753	0.12070	0.99988	0.01514	-0.00295	-0.01513	0.99987	0.00475	0.00302	-0.00470	0.99998		-2.18979	7.05419	2.29156	0.13730	0.14445	4.43144	1.18496	0.99701	-0.07727	-0.00252	0.07727	0.99701	0.00240	0.00233	-0.00258	0.99999	
124	0.62000	-0.26050	-13.67270	1.17538	0.27584	0.17424	-0.86500	0.10846	0.99988	0.01510	-0.00304	-0.01508	0.99987	0.00481	0.00311	-0.00477	0.99998		-2.24120	7.03947	2.30050	0.15953	0.15396	4.43854	1.18270	0.99700	-0.07739	-0.00269	0.07740	0.99700	0.00278	0.00246	-0.00298	0.99999	
125	0.62500	-0.27086	-13.69455	1.10434	0.28497	0.17636	-0.86725	0.11331	0.99988	0.01514	-0.00308	-0.01512	0.99987	0.00497	0.00315	-0.00493	0.99998		-2.28744	7.02476	2.27576	0.18001	0.16267	4.44331	1.19563	0.99699	-0.07747	-0.00284	0.07748	0.99699	0.00314	0.00259	-0.00335	0.99999	
126	0.63000	-0.30523	-13.70912	1.04692	0.29425	0.18497	-0.87003	0.11881	0.99988	0.01518	-0.00323	-0.01517	0.99987	0.00514	0.00331	-0.00509	0.99998		-2.33485	7.01833	2.26794	0.20221	0.17318	4.44460	1.23150	0.99699	-0.07749	-0.00302	0.07751	0.99699	0.00353	0.00274	-0.00375	0.99999	
127	0.63500	-0.32984	-13.72627	0.97815	0.30334	0.18922	-0.86856	0.12410	0.99988	0.01516	-0.00330	-0.01514	0.99987	0.00529	0.00338	-0.00524	0.99998		-2.29906	7.00715	2.27773	0.22552	0.17472	4.44731	1.24265	0.99698	-0.07754	-0.00305	0.07755	0.99698	0.00394	0.00273	-0.00416	0.99999	
128	0.64000	-0.34001	-13.73517	0.90189	0.31126	0.18948	-0.86616	0.10871	0.99988	0.01512	-0.00331	-0.01510	0.99987	0.00543	0.00339	-0.00538	0.99998		-2.39342	6.99136	2.26801	0.24594	0.18310	4.45105	1.28179	0.99698	-0.07761	-0.00320	0.07762	0.99697	0.00429	0.00285	-0.00453	0.99999	
129	0.64500	-0.37320	-13.75781	0.84592	0.32223	0.19964	-0.87027	0.12541	0.99988	0.01519	-0.00348	-0.01517	0.99987	0.00562	0.00357	-0.00557	0.99998		-2.39371	6.98539	2.26159	0.26879	0.18785	4.45888	1.28579	0.99697	-0.07774	-0.00328	0.07776	0.99696	0.00469	0.00290	-0.00493	0.99998	
130	0.65000	-0.37005	-13.78913	0.77711	0.33094	0.20383	-0.86620	0.12825	0.99988	0.01512	-0.00356	-0.01510	0.99987	0.00578	0.00364	-0.00572	0.99998		-2.42987	6.95056	2.24464	0.28634	0.19935	4.45998	1.31656	0.99697	-0.07776	-0.00348	0.07778	0.99696	0.00500	0.00308	-0.00525	0.99998	
131	0.65500	-0.39213	-13.78757	0.69129	0.34233	0.20784	-0.86600	0.12658	0.99988	0.01511	-0.00363	-0.01509	0.99987	0.00597	0.00372	-0.00592	0.99998		-2.47450	6.95365	2.22524	0.30888	0.20310	4.46247	1.35019	0.99696	-0.07781	-0.00354	0.07782	0.99695	0.00539	0.00311	-0.00565	0.99998	
132	0.66000	-0.47358	-13.81853	0.63456	0.34923	0.22115	-0.86781	0.12787	0.99988	0.01515	-0.00386	-0.01512	0.99987	0.00610	0.00395	-0.00604	0.99997		-2.50200	6.93266	2.21400	0.32838	0.21204	4.46624	1.37227	0.99696	-0.07787	-0.00370	0.07789	0.99695	0.00573	0.00324	-0.00600	0.99998	
133	0.66500	-0.41795	-13.82666	0.56515	0.36277	0.22089	-0.86601	0.12184	0.99988	0.01511	-0.00386	-0.01509	0.99987	0.00633	0.00395	-0.00627	0.99997		-2.50227	6.92647	2.19141	0.34989	0.21486	4.46917	1.38889	0.99695	-0.07792	-0.00375	0.07794	0.99694	0.00611	0.00326	-0.00638	0.99997	
134	0.67000	-0.47258	-13.84045	0.47917	0.37147	0.22748	-0.87112	0.14799	0.99988	0.01520	-0.00397	-0.01518	0.99986	0.00648	0.00407	-0.00642	0.99997		-2.54096	6.90961	2.17180	0.36659	0.21894	4.46930	1.41286	0.99695	-0.07792	-0.00382	0.07795	0.99694	0.00640	0.00331	-0.00668	0.99997	
135	0.67500	-0.45858	-13.85038	0.42476	0.38123	0.23688	-0.87494	0.13310	0.99987	0.01527	-0.00413	-0.01524	0.99986	0.00665	0.00424	-0.00659	0.99997		-2.58526	6.89389	2.15433	0.38566	0.22892	4.46992	1.44705	0.99695	-0.07794	-0.00400	0.07796	0.99693	0.00673	0.00346	-0.00702	0.99997	
136	0.68000	-0.48912	-13.88084	0.36981	0.38715	0.23857	-0.87161	0.13717	0.99988	0.01521	-0.00416	-0.01518	0.99986	0.00676	0.00427	-0.00669	0.99997		-2.61208	6.89368	2.12176	0.40698	0.23362	4.47880	1.46724	0.99694	-0.07809	-0.00408	0.07812	0.99692	0.00710	0.00351	-0.00740	0.99997	
137	0.68500	-0.53922	-13.86502	0.29319	0.40549	0.25281	-0.88021	0.15671	0.99987	0.01536	-0.00441	-0.01533	0.99986	0.00708	0.00452	-0.00701	0.99997		-2.62123	6.87537	2.09072	0.42562	0.23951	4.48208	1.47461	0.99693	-0.07815	-0.00418	0.07818	0.99691	0.00743	0.00359	-0.00773	0.99996	
138	0.69000	-0.48938	-13.91047	0.22367	0.40607	0.24583	-0.87728	0.15498	0.99987	0.01531	-0.00429	-0.01528	0.99986	0.00709	0.00440	-0.00702	0.99997		-2.66933	6.90059	2.06970	0.44675	0.24773	4.48114	1.51631	0.99693	-0.07813	-0.00432	0.07816	0.99691	0.00780	0.00370	-0.00811	0.99996	
139	0.69500	-0.50552	-13.94131	0.14271	0.41192	0.25111	-0.87881	0.15856	0.99987	0.01534	-0.00438	-0.01531	0.99986	0.00719	0.00449	-0.00712	0.99996		-2.66822	6.85423	2.04124	0.45838	0.25359	4.48320	1.54569	0.99693	-0.07817	-0.00443	0.07820	0.99691	0.00800	0.00379	-0.00832	0.99996	
