NO_OF_FRAMES	4911
NO_OF_CAMERAS	8
NO_OF_BODIES	2
FREQUENCY	200
NO_OF_ANALOG	0
ANALOG_FREQUENCY	0
DESCRIPTION	--
TIME_STAMP	2013-07-05, 14:05:18	192331.78424618
DATA_INCLUDED	6D
BODY_NAMES	Ice 2 V2	Ice 3
Frame	Time	Ice 2 V2 X	Y	Z	Roll	Pitch	Yaw	Residual	Rot[0]	Rot[1]	Rot[2]	Rot[3]	Rot[4]	Rot[5]	Rot[6]	Rot[7]	Rot[8]	Ice 3 X	Y	Z	Roll	Pitch	Yaw	Residual	Rot[0]	Rot[1]	Rot[2]	Rot[3]	Rot[4]	Rot[5]	Rot[6]	Rot[7]	Rot[8]	
1	0.00500	-10.91410	21.80834	1.15511	-0.74118	0.43485	-20.85732	2.40287	0.93444	0.35603	-0.00759	-0.35610	0.93436	-0.01294	0.00249	0.01479	0.99989		-1.99848	8.64396	1.50557	0.68125	0.01493	-0.34584	0.34207	0.99998	0.00604	-0.00026	-0.00603	0.99991	0.01189	0.00033	-0.01189	0.99993	
2	0.01000	-10.88259	21.78699	1.22824	-0.75292	0.46861	-20.85513	2.33750	0.93445	0.35599	-0.00818	-0.35608	0.93436	-0.01314	0.00296	0.01519	0.99988		-1.97756	8.58474	1.56269	0.66415	0.01412	-0.34882	0.32224	0.99998	0.00609	-0.00025	-0.00608	0.99991	0.01159	0.00032	-0.01159	0.99993	
3	0.01500	-10.89905	21.81737	1.26347	-0.76841	0.48912	-20.85550	2.32862	0.93445	0.35600	-0.00854	-0.35609	0.93436	-0.01341	0.00320	0.01557	0.99987		-2.01706	8.56986	1.61023	0.65030	0.01280	-0.34963	0.31537	0.99998	0.00610	-0.00022	-0.00610	0.99992	0.01135	0.00029	-0.01135	0.99994	
4	0.02000	-10.91267	21.85277	1.28603	-0.77729	0.51189	-20.84814	2.32651	0.93449	0.35588	-0.00893	-0.35597	0.93440	-0.01357	0.00352	0.01586	0.99987		-1.99254	8.53063	1.65988	0.63370	0.01225	-0.35184	0.31596	0.99998	0.00614	-0.00021	-0.00614	0.99992	0.01106	0.00028	-0.01106	0.99994	
5	0.02500	-10.89630	21.90701	1.33293	-0.78452	0.53940	-20.84887	2.31674	0.93448	0.35589	-0.00941	-0.35599	0.93439	-0.01369	0.00392	0.01615	0.99986		-1.95160	8.50320	1.73154	0.61319	0.00708	-0.34979	0.32621	0.99998	0.00610	-0.00012	-0.00610	0.99992	0.01070	0.00019	-0.01070	0.99994	
6	0.03000	-10.92004	21.94671	1.36350	-0.79464	0.56097	-20.84514	2.30419	0.93450	0.35583	-0.00979	-0.35594	0.93441	-0.01387	0.00421	0.01644	0.99986		-1.97231	8.43197	1.80105	0.59019	0.00370	-0.35500	0.32572	0.99998	0.00620	-0.00006	-0.00619	0.99993	0.01030	0.00013	-0.01030	0.99995	
7	0.03500	-10.95331	21.98463	1.39442	-0.80281	0.58896	-20.83975	2.29549	0.93453	0.35574	-0.01028	-0.35586	0.93444	-0.01401	0.00462	0.01675	0.99985		-1.98985	8.38589	1.85491	0.56499	0.00306	-0.35752	0.33223	0.99998	0.00624	-0.00005	-0.00624	0.99993	0.00986	0.00012	-0.00986	0.99995	
8	0.04000	-11.00508	22.03306	1.40950	-0.80902	0.61305	-20.83566	2.28524	0.93455	0.35567	-0.01070	-0.35579	0.93446	-0.01412	0.00498	0.01700	0.99984		-1.95692	8.36246	1.91021	0.54396	-0.00260	-0.35873	0.32950	0.99998	0.00626	0.00005	-0.00626	0.99994	0.00949	0.00001	-0.00949	0.99995	
9	0.04500	-11.01540	22.09602	1.43531	-0.81196	0.63584	-20.83037	2.27817	0.93458	0.35558	-0.01110	-0.35571	0.93449	-0.01417	0.00533	0.01719	0.99984		-1.94288	8.32443	1.95381	0.52076	-0.00497	-0.35736	0.33092	0.99998	0.00624	0.00009	-0.00624	0.99994	0.00909	-0.00003	-0.00909	0.99996	
10	0.05000	-11.12051	22.22189	1.39023	-0.79184	0.67826	-20.84756	2.26076	0.93447	0.35586	-0.01184	-0.35600	0.93438	-0.01382	0.00614	0.01713	0.99983		-1.93345	8.29422	2.01463	0.49458	-0.01062	-0.35760	0.31651	0.99998	0.00624	0.00019	-0.00624	0.99994	0.00863	-0.00013	-0.00863	0.99996	
11	0.05500	-11.09724	22.21294	1.45393	-0.81743	0.68802	-20.83530	2.29241	0.93454	0.35566	-0.01201	-0.35581	0.93445	-0.01427	0.00615	0.01760	0.99983		-1.92851	8.24678	2.03910	0.46445	-0.01421	-0.36189	0.31434	0.99998	0.00632	0.00025	-0.00632	0.99995	0.00811	-0.00020	-0.00811	0.99997	
12	0.06000	-11.16397	22.32604	1.41359	-0.79498	0.72601	-20.84611	2.26388	0.93446	0.35583	-0.01267	-0.35599	0.93439	-0.01387	0.00690	0.01747	0.99982		-1.90553	8.22712	2.07816	0.43988	-0.02251	-0.36337	0.32002	0.99998	0.00634	0.00039	-0.00634	0.99995	0.00768	-0.00034	-0.00768	0.99997	
13	0.06500	-11.21274	22.41331	1.41260	-0.79452	0.74747	-20.84563	2.26835	0.93446	0.35582	-0.01305	-0.35599	0.93439	-0.01387	0.00726	0.01760	0.99982		-1.93965	8.18192	2.12376	0.40691	-0.02223	-0.36732	0.32585	0.99998	0.00641	0.00039	-0.00641	0.99995	0.00710	-0.00034	-0.00710	0.99997	
14	0.07000	-11.23554	22.47047	1.39835	-0.79551	0.77385	-20.85133	2.27610	0.93442	0.35591	-0.01351	-0.35609	0.93435	-0.01388	0.00768	0.01778	0.99981		-1.87668	8.15752	2.16556	0.37824	-0.03135	-0.36708	0.33253	0.99998	0.00641	0.00055	-0.00641	0.99996	0.00660	-0.00050	-0.00660	0.99998	
15	0.07500	-11.22082	22.53727	1.40610	-0.79383	0.79074	-20.84769	2.27463	0.93444	0.35585	-0.01380	-0.35603	0.93437	-0.01385	0.00797	0.01786	0.99981		-1.88380	8.09954	2.20019	0.34398	-0.03406	-0.37117	0.32053	0.99998	0.00648	0.00059	-0.00648	0.99996	0.00600	-0.00056	-0.00601	0.99998	
16	0.08000	-11.31208	22.62404	1.39705	-0.78965	0.81304	-20.85088	2.30325	0.93442	0.35590	-0.01419	-0.35609	0.93435	-0.01378	0.00835	0.01793	0.99980		-1.84538	8.05584	2.23184	0.31184	-0.04236	-0.37151	0.32880	0.99998	0.00648	0.00074	-0.00649	0.99996	0.00544	-0.00070	-0.00545	0.99998	
17	0.08500	-11.32962	22.71028	1.40687	-0.78222	0.83373	-20.85247	2.29866	0.93440	0.35593	-0.01455	-0.35612	0.93434	-0.01365	0.00874	0.01794	0.99980		-1.85957	8.02953	2.26951	0.27887	-0.04815	-0.37462	0.31243	0.99998	0.00654	0.00084	-0.00654	0.99997	0.00487	-0.00081	-0.00487	0.99999	
18	0.09000	-11.39138	22.78834	1.40287	-0.77210	0.85895	-20.85972	2.32364	0.93435	0.35604	-0.01499	-0.35624	0.93430	-0.01347	0.00921	0.01793	0.99980		-1.84618	8.00019	2.30091	0.24720	-0.05555	-0.37691	0.31864	0.99998	0.00658	0.00097	-0.00658	0.99997	0.00431	-0.00094	-0.00432	0.99999	
19	0.09500	-11.45223	22.87818	1.37790	-0.76711	0.87222	-20.85746	2.34207	0.93436	0.35600	-0.01522	-0.35620	0.93431	-0.01339	0.00946	0.01793	0.99979		-1.81925	7.95451	2.32736	0.21137	-0.06465	-0.37857	0.32065	0.99998	0.00661	0.00113	-0.00661	0.99997	0.00369	-0.00110	-0.00370	0.99999	
20	0.10000	-11.48898	22.98008	1.36359	-0.75402	0.89040	-20.86452	2.36600	0.93431	0.35612	-0.01554	-0.35632	0.93427	-0.01316	0.00983	0.01783	0.99979		-1.80544	7.91568	2.34136	0.17605	-0.07306	-0.37791	0.32117	0.99998	0.00660	0.00128	-0.00660	0.99997	0.00307	-0.00125	-0.00308	0.99999	
21	0.10500	-11.51223	23.06973	1.34088	-0.74306	0.90830	-20.86937	2.37078	0.93428	0.35619	-0.01585	-0.35640	0.93424	-0.01297	0.01019	0.01776	0.99979		-1.80062	7.87937	2.34998	0.14181	-0.07864	-0.37910	0.33837	0.99998	0.00662	0.00137	-0.00662	0.99997	0.00248	-0.00136	-0.00248	1.00000	
22	0.11000	-11.57379	23.19065	1.29037	-0.72899	0.91837	-20.87111	2.40289	0.93426	0.35622	-0.01603	-0.35643	0.93424	-0.01272	0.01044	0.01760	0.99979		-1.83351	7.83117	2.35810	0.10370	-0.08637	-0.38570	0.33106	0.99998	0.00673	0.00151	-0.00673	0.99998	0.00181	-0.00150	-0.00182	1.00000	
23	0.11500	-11.62427	23.30475	1.25863	-0.70950	0.93751	-20.88323	2.43145	0.93418	0.35642	-0.01636	-0.35663	0.93416	-0.01238	0.01087	0.01740	0.99979		-1.80846	7.79369	2.37748	0.06935	-0.09525	-0.38577	0.34005	0.99998	0.00673	0.00166	-0.00673	0.99998	0.00121	-0.00165	-0.00122	1.00000	
24	0.12000	-11.66727	23.40015	1.22037	-0.69536	0.95096	-20.89117	2.46023	0.93413	0.35654	-0.01660	-0.35676	0.93412	-0.01213	0.01118	0.01726	0.99979		-1.80559	7.75728	2.38164	0.03248	-0.10182	-0.38937	0.33899	0.99998	0.00680	0.00178	-0.00680	0.99998	0.00057	-0.00177	-0.00058	1.00000	
25	0.12500	-11.68057	23.50407	1.18385	-0.67988	0.96200	-20.89911	2.47183	0.93408	0.35667	-0.01679	-0.35688	0.93407	-0.01186	0.01145	0.01707	0.99979		-1.80770	7.71066	2.38724	-0.00695	-0.11213	-0.39057	0.31967	0.99997	0.00682	0.00196	-0.00682	0.99998	-0.00012	-0.00196	0.00011	1.00000	
26	0.13000	-11.75003	23.63062	1.14122	-0.65926	0.97121	-20.90778	2.51048	0.93402	0.35681	-0.01695	-0.35702	0.93402	-0.01150	0.01173	0.01680	0.99979		-1.80015	7.67910	2.39062	-0.03977	-0.12003	-0.39186	0.33347	0.99997	0.00684	0.00209	-0.00684	0.99998	-0.00069	-0.00210	0.00068	1.00000	
27	0.13500	-11.78177	23.73365	1.10647	-0.64306	0.98334	-20.91271	2.52846	0.93399	0.35689	-0.01716	-0.35710	0.93400	-0.01122	0.01202	0.01661	0.99979		-1.79516	7.63413	2.39257	-0.07755	-0.12878	-0.39718	0.32903	0.99997	0.00693	0.00225	-0.00693	0.99998	-0.00135	-0.00226	0.00134	1.00000	
28	0.14000	-11.82638	23.84874	1.05954	-0.62701	0.99100	-20.91907	2.57519	0.93395	0.35700	-0.01730	-0.35720	0.93396	-0.01094	0.01225	0.01640	0.99979		-1.79327	7.59653	2.38202	-0.11432	-0.13718	-0.40337	0.32292	0.99997	0.00704	0.00239	-0.00704	0.99997	-0.00200	-0.00241	0.00198	1.00000	
29	0.14500	-11.83278	23.96583	1.01798	-0.60616	0.99592	-20.93476	2.60375	0.93385	0.35725	-0.01738	-0.35746	0.93387	-0.01058	0.01245	0.01609	0.99979		-1.78997	7.55365	2.38556	-0.14763	-0.15106	-0.40170	0.31901	0.99997	0.00701	0.00264	-0.00700	0.99997	-0.00258	-0.00265	0.00256	0.99999	
30	0.15000	-11.89274	24.11507	0.96199	-0.57963	1.00038	-20.94349	2.63682	0.93379	0.35739	-0.01746	-0.35759	0.93382	-0.01011	0.01269	0.01569	0.99980		-1.76410	7.52207	2.37651	-0.18293	-0.15999	-0.40649	0.31165	0.99997	0.00709	0.00279	-0.00709	0.99997	-0.00319	-0.00282	0.00317	0.99999	
31	0.15500	-12.00570	24.30920	0.87835	-0.53639	1.02107	-20.96781	2.66984	0.93363	0.35779	-0.01782	-0.35798	0.93368	-0.00936	0.01329	0.01512	0.99980		-1.81100	7.48866	2.36822	-0.21676	-0.16882	-0.40875	0.32253	0.99997	0.00713	0.00295	-0.00712	0.99997	-0.00378	-0.00297	0.00376	0.99999	
32	0.16000	-12.04148	24.38175	0.78998	-0.52142	1.02764	-20.97078	2.68132	0.93361	0.35783	-0.01793	-0.35803	0.93367	-0.00910	0.01349	0.01492	0.99980		-1.77695	7.47191	2.35926	-0.24676	-0.17984	-0.41502	0.31811	0.99997	0.00724	0.00314	-0.00723	0.99996	-0.00431	-0.00317	0.00428	0.99999	
33	0.16500	-12.09065	24.54160	0.76563	-0.49326	1.02639	-20.98083	2.72675	0.93355	0.35800	-0.01791	-0.35819	0.93361	-0.00861	0.01364	0.01445	0.99980		-1.77729	7.45887	2.35100	-0.27684	-0.18648	-0.41984	0.32002	0.99997	0.00733	0.00325	-0.00731	0.99996	-0.00483	-0.00329	0.00481	0.99998	
34	0.17000	-12.15797	24.68162	0.70363	-0.46534	1.03216	-20.99437	2.77268	0.93346	0.35822	-0.01801	-0.35840	0.93353	-0.00812	0.01391	0.01404	0.99980		-1.80977	7.42596	2.33712	-0.30797	-0.19639	-0.42020	0.33137	0.99997	0.00733	0.00343	-0.00732	0.99996	-0.00538	-0.00347	0.00535	0.99998	
35	0.17500	-12.17130	24.80554	0.63103	-0.44210	1.02556	-21.00462	2.82025	0.93340	0.35839	-0.01790	-0.35856	0.93347	-0.00771	0.01394	0.01362	0.99981		-1.80313	7.40017	2.31908	-0.33539	-0.20491	-0.42282	0.31616	0.99997	0.00738	0.00358	-0.00736	0.99996	-0.00585	-0.00362	0.00583	0.99998	
36	0.18000	-12.20680	24.93711	0.56888	-0.41593	1.02994	-21.02061	2.86112	0.93330	0.35865	-0.01797	-0.35882	0.93338	-0.00726	0.01417	0.01322	0.99981		-1.82577	7.40818	2.31619	-0.36043	-0.21478	-0.42398	0.32822	0.99997	0.00740	0.00375	-0.00738	0.99995	-0.00629	-0.00379	0.00626	0.99997	
37	0.18500	-12.28999	25.07831	0.50188	-0.38778	1.02788	-21.02908	2.89572	0.93325	0.35878	-0.01794	-0.35895	0.93333	-0.00677	0.01432	0.01275	0.99982		-1.82261	7.37134	2.28214	-0.39096	-0.22558	-0.42271	0.31539	0.99997	0.00738	0.00394	-0.00735	0.99995	-0.00682	-0.00399	0.00679	0.99997	
38	0.19000	-12.28030	25.18931	0.42912	-0.36457	1.01827	-21.04336	2.95806	0.93316	0.35902	-0.01777	-0.35917	0.93325	-0.00636	0.01430	0.01232	0.99982		-1.85911	7.35398	2.25766	-0.41602	-0.23401	-0.42668	0.31142	0.99996	0.00745	0.00408	-0.00742	0.99995	-0.00726	-0.00414	0.00723	0.99997	
39	0.19500	-12.33662	25.33403	0.36769	-0.33944	1.01154	-21.05277	2.98328	0.93310	0.35917	-0.01765	-0.35932	0.93320	-0.00592	0.01435	0.01187	0.99983		-1.86423	7.35076	2.23518	-0.44064	-0.24555	-0.42854	0.31513	0.99996	0.00748	0.00429	-0.00745	0.99994	-0.00769	-0.00434	0.00766	0.99996	
40	0.20000	-12.35565	25.46326	0.28204	-0.31555	1.00295	-21.05836	3.01423	0.93307	0.35926	-0.01750	-0.35940	0.93317	-0.00551	0.01436	0.01143	0.99983		-1.86499	7.31249	2.19893	-0.46634	-0.25527	-0.43013	0.32467	0.99996	0.00751	0.00446	-0.00747	0.99994	-0.00814	-0.00452	0.00811	0.99996	
41	0.20500	-12.44982	25.65717	0.15744	-0.26557	1.01278	-21.08832	3.03774	0.93288	0.35975	-0.01768	-0.35988	0.93299	-0.00463	0.01482	0.01068	0.99983		-1.86040	7.30213	2.16517	-0.48689	-0.26564	-0.42799	0.31206	0.99996	0.00747	0.00464	-0.00743	0.99994	-0.00850	-0.00470	0.00846	0.99995	
42	0.21000	-12.47718	25.80567	0.09351	-0.23918	1.00411	-21.10192	3.08307	0.93280	0.35997	-0.01752	-0.36009	0.93291	-0.00417	0.01485	0.01020	0.99984		-1.90721	7.30514	2.13282	-0.50594	-0.27100	-0.43054	0.31394	0.99996	0.00751	0.00473	-0.00747	0.99993	-0.00883	-0.00480	0.00879	0.99995	
43	0.21500	-12.52210	25.93475	0.02055	-0.20995	0.99735	-21.11573	3.13210	0.93271	0.36020	-0.01741	-0.36031	0.93283	-0.00366	0.01492	0.00969	0.99984		-1.91477	7.29965	2.08990	-0.52331	-0.28363	-0.43177	0.30760	0.99996	0.00754	0.00495	-0.00749	0.99993	-0.00913	-0.00502	0.00910	0.99995	
44	0.22000	-12.54184	26.06850	-0.06673	-0.18350	0.98213	-21.12116	3.14377	0.93268	0.36029	-0.01714	-0.36039	0.93280	-0.00320	0.01483	0.00916	0.99985		-1.94720	7.26886	2.04702	-0.54399	-0.28731	-0.43530	0.31673	0.99996	0.00760	0.00501	-0.00755	0.99993	-0.00949	-0.00509	0.00946	0.99994	
45	0.22500	-12.56525	26.17556	-0.16086	-0.16001	0.97417	-21.12806	3.16366	0.93264	0.36040	-0.01700	-0.36050	0.93276	-0.00279	0.01485	0.00873	0.99985		-1.96643	7.26885	1.99854	-0.56084	-0.29804	-0.44024	0.29465	0.99996	0.00768	0.00520	-0.00763	0.99992	-0.00979	-0.00528	0.00975	0.99994	
46	0.23000	-12.59304	26.28778	-0.25944	-0.13448	0.96674	-21.13850	3.20339	0.93258	0.36057	-0.01687	-0.36066	0.93269	-0.00235	0.01489	0.00827	0.99985		-1.96060	7.25801	1.95226	-0.57379	-0.30379	-0.44083	0.30694	0.99996	0.00769	0.00530	-0.00764	0.99992	-0.01001	-0.00538	0.00997	0.99994	
47	0.23500	-12.63256	26.47261	-0.32882	-0.10232	0.94617	-21.15920	3.27156	0.93245	0.36091	-0.01651	-0.36099	0.93257	-0.00179	0.01476	0.00763	0.99986		-2.00104	7.25809	1.88550	-0.58868	-0.31109	-0.44244	0.29053	0.99996	0.00772	0.00543	-0.00767	0.99992	-0.01027	-0.00551	0.01023	0.99993	
48	0.24000	-12.63203	26.55767	-0.41325	-0.08545	0.92962	-21.16625	3.29889	0.93241	0.36103	-0.01622	-0.36110	0.93253	-0.00149	0.01459	0.00725	0.99987		-2.02269	7.26054	1.83964	-0.59821	-0.31590	-0.44401	0.28892	0.99995	0.00775	0.00551	-0.00769	0.99992	-0.01044	-0.00559	0.01040	0.99993	
49	0.24500	-12.63886	26.66036	-0.50031	-0.06324	0.91458	-21.16955	3.32698	0.93240	0.36108	-0.01596	-0.36115	0.93251	-0.00110	0.01449	0.00679	0.99987		-2.05317	7.25468	1.77062	-0.60831	-0.31755	-0.44629	0.28794	0.99995	0.00779	0.00554	-0.00773	0.99991	-0.01062	-0.00562	0.01057	0.99993	
50	0.25000	-12.67061	26.75962	-0.58537	-0.04258	0.90206	-21.17695	3.34602	0.93235	0.36120	-0.01574	-0.36126	0.93246	-0.00074	0.01441	0.00638	0.99988		-2.07448	7.26667	1.70951	-0.61658	-0.32365	-0.44335	0.27461	0.99995	0.00774	0.00565	-0.00768	0.99991	-0.01076	-0.00573	0.01072	0.99993	
51	0.25500	-12.66610	26.86024	-0.69355	-0.02234	0.88480	-21.17662	3.35546	0.93236	0.36120	-0.01544	-0.36125	0.93247	-0.00039	0.01426	0.00594	0.99988		-2.12426	7.25926	1.63986	-0.62402	-0.32287	-0.44685	0.28962	0.99995	0.00780	0.00564	-0.00774	0.99991	-0.01089	-0.00572	0.01085	0.99992	
52	0.26000	-12.73353	27.05271	-0.83201	0.02436	0.87800	-21.20480	3.37732	0.93218	0.36166	-0.01532	-0.36170	0.93230	0.00043	0.01444	0.00515	0.99988		-2.15186	7.27633	1.56697	-0.62556	-0.32601	-0.44762	0.28679	0.99995	0.00781	0.00569	-0.00775	0.99991	-0.01092	-0.00577	0.01087	0.99992	
53	0.26500	-12.73111	27.15105	-0.90615	0.04328	0.86000	-21.20858	3.38541	0.93216	0.36172	-0.01501	-0.36175	0.93227	0.00076	0.01427	0.00473	0.99989		-2.16016	7.29638	1.51170	-0.62698	-0.33031	-0.44619	0.27859	0.99995	0.00779	0.00576	-0.00772	0.99991	-0.01094	-0.00585	0.01090	0.99992	
54	0.27000	-12.75652	27.24968	-0.99389	0.06687	0.84655	-21.21645	3.41117	0.93212	0.36185	-0.01477	-0.36188	0.93223	0.00117	0.01420	0.00426	0.99989		-2.20714	7.30347	1.44732	-0.62705	-0.32747	-0.44778	0.28213	0.99995	0.00782	0.00572	-0.00775	0.99991	-0.01094	-0.00580	0.01090	0.99992	
55	0.27500	-12.76490	27.33410	-1.09535	0.08557	0.82370	-21.23158	3.46682	0.93203	0.36210	-0.01438	-0.36212	0.93213	0.00149	0.01394	0.00381	0.99990		-2.28404	7.32338	1.37987	-0.62697	-0.32599	-0.45051	0.27571	0.99995	0.00786	0.00569	-0.00780	0.99991	-0.01094	-0.00578	0.01090	0.99992	
56	0.28000	-12.74986	27.44169	-1.18087	0.10492	0.80207	-21.23367	3.48657	0.93202	0.36214	-0.01400	-0.36215	0.93212	0.00183	0.01371	0.00336	0.99990		-2.27970	7.33518	1.30646	-0.62481	-0.32680	-0.44912	0.28012	0.99995	0.00784	0.00570	-0.00778	0.99991	-0.01090	-0.00579	0.01086	0.99992	
57	0.28500	-12.80719	27.52538	-1.28837	0.12270	0.78499	-21.23446	3.50494	0.93202	0.36215	-0.01370	-0.36216	0.93211	0.00214	0.01355	0.00297	0.99990		-2.32698	7.36448	1.24120	-0.61778	-0.32441	-0.44841	0.27770	0.99995	0.00783	0.00566	-0.00776	0.99991	-0.01078	-0.00575	0.01074	0.99993	
58	0.29000	-12.80851	27.60583	-1.37592	0.14133	0.76685	-21.23675	3.51633	0.93201	0.36219	-0.01338	-0.36219	0.93210	0.00247	0.01337	0.00255	0.99991		-2.39184	7.39103	1.15998	-0.61277	-0.31875	-0.44797	0.26896	0.99995	0.00782	0.00556	-0.00776	0.99991	-0.01069	-0.00565	0.01065	0.99993	
59	0.29500	-12.81098	27.70248	-1.44896	0.15823	0.74122	-21.25146	3.56699	0.93192	0.36243	-0.01294	-0.36243	0.93201	0.00276	0.01306	0.00212	0.99991		-2.37291	7.42263	1.07332	-0.60271	-0.31958	-0.44849	0.27141	0.99995	0.00783	0.00558	-0.00777	0.99991	-0.01052	-0.00566	0.01048	0.99993	
60	0.30000	-12.79803	27.77984	-1.54970	0.17549	0.71790	-21.25582	3.55702	0.93190	0.36250	-0.01253	-0.36250	0.93198	0.00306	0.01279	0.00169	0.99992		-2.41757	7.44266	0.99505	-0.59245	-0.31499	-0.44711	0.27228	0.99995	0.00780	0.00550	-0.00775	0.99992	-0.01034	-0.00558	0.01030	0.99993	
61	0.30500	-12.78480	27.86636	-1.65305	0.18967	0.69281	-21.25360	3.56959	0.93192	0.36247	-0.01209	-0.36246	0.93199	0.00331	0.01247	0.00130	0.99992		-2.45670	7.48289	0.92725	-0.58203	-0.30776	-0.44994	0.26516	0.99995	0.00785	0.00537	-0.00780	0.99992	-0.01016	-0.00545	0.01012	0.99993	
62	0.31000	-12.77982	27.91121	-1.72446	0.19888	0.66927	-21.25859	3.57713	0.93189	0.36255	-0.01168	-0.36254	0.93196	0.00347	0.01214	0.00100	0.99993		-2.48370	7.51083	0.84273	-0.57000	-0.29958	-0.44877	0.26820	0.99996	0.00783	0.00523	-0.00778	0.99992	-0.00995	-0.00531	0.00991	0.99994	
63	0.31500	-12.75238	27.98219	-1.83937	0.21089	0.64426	-21.25796	3.58558	0.93190	0.36254	-0.01124	-0.36253	0.93197	0.00368	0.01181	0.00065	0.99993		-2.53661	7.53377	0.74077	-0.55661	-0.28921	-0.44812	0.28218	0.99996	0.00782	0.00505	-0.00777	0.99992	-0.00971	-0.00512	0.00967	0.99994	
64	0.32000	-12.73857	28.03604	-1.91503	0.22079	0.62086	-21.25988	3.58050	0.93189	0.36258	-0.01084	-0.36256	0.93195	0.00385	0.01150	0.00034	0.99993		-2.54678	7.58868	0.65539	-0.53929	-0.28248	-0.44799	0.27492	0.99996	0.00782	0.00493	-0.00777	0.99993	-0.00941	-0.00500	0.00937	0.99994	
65	0.32500	-12.70905	28.08152	-1.99035	0.23100	0.59814	-21.25877	3.57277	0.93190	0.36256	-0.01044	-0.36254	0.93196	0.00403	0.01119	0.00003	0.99994		-2.56726	7.63745	0.57164	-0.51964	-0.27122	-0.44722	0.28044	0.99996	0.00781	0.00473	-0.00776	0.99993	-0.00907	-0.00480	0.00903	0.99995	
66	0.33000	-12.69001	28.10542	-2.10405	0.23875	0.57805	-21.25472	3.57486	0.93193	0.36250	-0.01009	-0.36247	0.93199	0.00417	0.01091	-0.00023	0.99994		-2.62961	7.64250	0.48538	-0.50647	-0.25985	-0.44869	0.27984	0.99996	0.00783	0.00454	-0.00779	0.99993	-0.00884	-0.00460	0.00880	0.99995	
67	0.33500	-12.66966	28.12387	-2.19220	0.24247	0.55649	-21.24560	3.56327	0.93199	0.36235	-0.00971	-0.36232	0.93204	0.00423	0.01059	-0.00042	0.99994		-2.66119	7.67794	0.39671	-0.48580	-0.24712	-0.44561	0.27901	0.99996	0.00778	0.00431	-0.00774	0.99993	-0.00848	-0.00438	0.00844	0.99995	
68	0.34000	-12.64551	28.14339	-2.27460	0.25107	0.53756	-21.24301	3.53418	0.93201	0.36231	-0.00938	-0.36228	0.93206	0.00438	0.01033	-0.00068	0.99995		-2.72529	7.73562	0.30590	-0.46328	-0.23544	-0.44261	0.28175	0.99996	0.00772	0.00411	-0.00769	0.99994	-0.00809	-0.00417	0.00805	0.99996	
69	0.34500	-12.62134	28.19503	-2.36156	0.26067	0.50818	-21.24159	3.53631	0.93202	0.36229	-0.00887	-0.36226	0.93207	0.00455	0.00991	-0.00103	0.99995		-2.74333	7.78243	0.21232	-0.43990	-0.22020	-0.44250	0.27205	0.99996	0.00772	0.00384	-0.00769	0.99994	-0.00768	-0.00390	0.00765	0.99996	
70	0.35000	-12.59516	28.20491	-2.44808	0.26427	0.48909	-21.24291	3.54232	0.93202	0.36231	-0.00854	-0.36228	0.93206	0.00461	0.00963	-0.00121	0.99995		-2.76436	7.82497	0.13350	-0.41726	-0.20789	-0.44051	0.27622	0.99996	0.00769	0.00363	-0.00766	0.99994	-0.00728	-0.00368	0.00725	0.99997	
71	0.35500	-12.55089	28.22242	-2.54660	0.26868	0.46438	-21.23933	3.51139	0.93204	0.36225	-0.00810	-0.36222	0.93208	0.00469	0.00925	-0.00143	0.99996		-2.77953	7.86589	0.04089	-0.39333	-0.19340	-0.44008	0.27162	0.99996	0.00768	0.00338	-0.00766	0.99995	-0.00686	-0.00343	0.00684	0.99997	
72	0.36000	-12.54100	28.22053	-2.63358	0.27377	0.44462	-21.23619	3.50163	0.93207	0.36220	-0.00776	-0.36217	0.93210	0.00478	0.00896	-0.00164	0.99996		-2.82754	7.92052	-0.05283	-0.36639	-0.17543	-0.43906	0.27508	0.99997	0.00766	0.00306	-0.00764	0.99995	-0.00639	-0.00311	0.00637	0.99997	
73	0.36500	-12.55447	28.28793	-2.75065	0.29439	0.43631	-21.23763	3.45332	0.93206	0.36223	-0.00762	-0.36220	0.93209	0.00514	0.00896	-0.00203	0.99996		-2.85760	7.99024	-0.14059	-0.33750	-0.15859	-0.43810	0.27935	0.99997	0.00765	0.00277	-0.00763	0.99995	-0.00589	-0.00281	0.00587	0.99998	
74	0.37000	-12.53923	28.28391	-2.82262	0.29809	0.41821	-21.23162	3.43837	0.93210	0.36213	-0.00730	-0.36210	0.93213	0.00520	0.00869	-0.00221	0.99996		-2.90515	8.01252	-0.23553	-0.31209	-0.13963	-0.43747	0.27957	0.99997	0.00764	0.00244	-0.00762	0.99996	-0.00545	-0.00248	0.00543	0.99998	
75	0.37500	-12.49811	28.27999	-2.89098	0.29819	0.39314	-21.22747	3.42537	0.93213	0.36206	-0.00686	-0.36203	0.93215	0.00520	0.00828	-0.00237	0.99996		-2.94538	8.06244	-0.33041	-0.28326	-0.11825	-0.43655	0.28377	0.99997	0.00762	0.00206	-0.00761	0.99996	-0.00494	-0.00210	0.00493	0.99999	
76	0.38000	-12.44807	28.27753	-2.97094	0.30138	0.37217	-21.22108	3.39325	0.93217	0.36196	-0.00650	-0.36193	0.93219	0.00526	0.00796	-0.00255	0.99997		-2.95944	8.11753	-0.43240	-0.25631	-0.10042	-0.43234	0.29431	0.99997	0.00755	0.00175	-0.00754	0.99996	-0.00447	-0.00179	0.00446	0.99999	
77	0.38500	-12.40782	28.19223	-3.05339	0.29201	0.35648	-21.20585	3.36179	0.93227	0.36171	-0.00622	-0.36169	0.93229	0.00510	0.00764	-0.00250	0.99997		-2.99229	8.14627	-0.52200	-0.22810	-0.08090	-0.43226	0.28875	0.99997	0.00754	0.00141	-0.00754	0.99996	-0.00398	-0.00144	0.00397	0.99999	
78	0.39000	-12.40326	28.17522	-3.13626	0.29515	0.34345	-21.19590	3.31119	0.93233	0.36155	-0.00599	-0.36152	0.93235	0.00515	0.00745	-0.00264	0.99997		-3.07081	8.20321	-0.60831	-0.19766	-0.05830	-0.43113	0.30530	0.99997	0.00752	0.00102	-0.00752	0.99997	-0.00345	-0.00104	0.00344	0.99999	
79	0.39500	-12.36091	28.12089	-3.20684	0.28818	0.32549	-21.18973	3.29145	0.93237	0.36145	-0.00568	-0.36143	0.93239	0.00503	0.00711	-0.00264	0.99997		-3.04081	8.27184	-0.70778	-0.16461	-0.04035	-0.43192	0.27355	0.99997	0.00754	0.00070	-0.00754	0.99997	-0.00287	-0.00073	0.00287	1.00000	
80	0.40000	-12.30052	28.08746	-3.27504	0.28687	0.30524	-21.17833	3.25618	0.93245	0.36127	-0.00533	-0.36124	0.93246	0.00501	0.00678	-0.00274	0.99997		-3.11503	8.31535	-0.81096	-0.13366	-0.01707	-0.42765	0.27692	0.99997	0.00746	0.00030	-0.00746	0.99997	-0.00233	-0.00032	0.00233	1.00000	
81	0.40500	-12.31393	28.06478	-3.30416	0.28806	0.28501	-21.17907	3.23574	0.93244	0.36128	-0.00497	-0.36126	0.93245	0.00503	0.00645	-0.00289	0.99997		-3.13677	8.38721	-0.90084	-0.10259	0.00487	-0.42794	0.26666	0.99997	0.00747	-0.00008	-0.00747	0.99997	-0.00179	0.00007	0.00179	1.00000	
82	0.41000	-12.25378	28.03360	-3.34507	0.28524	0.26286	-21.16741	3.22412	0.93252	0.36109	-0.00459	-0.36107	0.93253	0.00498	0.00608	-0.00299	0.99998		-3.15149	8.42566	-0.97721	-0.06903	0.02769	-0.42566	0.27319	0.99997	0.00743	-0.00048	-0.00743	0.99997	-0.00120	0.00047	0.00121	1.00000	
83	0.41500	-12.23958	27.96426	-3.41393	0.28280	0.25144	-21.16095	3.19077	0.93256	0.36099	-0.00439	-0.36096	0.93257	0.00494	0.00587	-0.00302	0.99998		-3.21306	8.46707	-1.05407	-0.03822	0.05540	-0.42325	0.27461	0.99997	0.00739	-0.00097	-0.00739	0.99997	-0.00067	0.00096	0.00067	1.00000	
84	0.42000	-12.22996	27.90637	-3.46608	0.27846	0.23657	-21.14973	3.16812	0.93263	0.36080	-0.00413	-0.36078	0.93264	0.00486	0.00560	-0.00304	0.99998		-3.27638	8.50192	-1.14541	-0.00968	0.07863	-0.42174	0.27546	0.99997	0.00736	-0.00137	-0.00736	0.99997	-0.00017	0.00137	0.00018	1.00000	
85	0.42500	-12.18834	27.82923	-3.49821	0.27279	0.22010	-21.14673	3.14559	0.93265	0.36075	-0.00384	-0.36074	0.93266	0.00476	0.00530	-0.00305	0.99998		-3.27821	8.56273	-1.22417	0.02428	0.10515	-0.41816	0.28786	0.99997	0.00730	-0.00184	-0.00730	0.99997	0.00042	0.00184	-0.00041	1.00000	
86	0.43000	-12.17408	27.77177	-3.53676	0.27042	0.21141	-21.13632	3.11207	0.93272	0.36059	-0.00369	-0.36057	0.93272	0.00472	0.00514	-0.00307	0.99998		-3.30803	8.63149	-1.31664	0.06088	0.12936	-0.41271	0.27613	0.99997	0.00720	-0.00226	-0.00720	0.99997	0.00106	0.00227	-0.00105	1.00000	
87	0.43500	-12.16293	27.67765	-3.59903	0.26232	0.19977	-21.12614	3.08646	0.93278	0.36042	-0.00349	-0.36040	0.93279	0.00458	0.00490	-0.00301	0.99998		-3.38832	8.68367	-1.39124	0.09459	0.15657	-0.41234	0.27775	0.99997	0.00720	-0.00273	-0.00719	0.99997	0.00165	0.00274	-0.00163	0.99999	
88	0.44000	-12.10038	27.58453	-3.62638	0.25728	0.18783	-21.12219	3.07005	0.93281	0.36036	-0.00328	-0.36034	0.93281	0.00449	0.00468	-0.00301	0.99998		-3.38660	8.70124	-1.47471	0.12160	0.18041	-0.41181	0.30236	0.99997	0.00719	-0.00315	-0.00718	0.99997	0.00212	0.00316	-0.00210	0.99999	
89	0.44500	-12.06967	27.49809	-3.67501	0.25085	0.17859	-21.10954	3.02169	0.93289	0.36015	-0.00312	-0.36014	0.93289	0.00438	0.00448	-0.00296	0.99999		-3.47096	8.73319	-1.54771	0.15386	0.20494	-0.40569	0.30071	0.99997	0.00708	-0.00358	-0.00707	0.99997	0.00269	0.00360	-0.00266	0.99999	
90	0.45000	-12.04893	27.39128	-3.71504	0.24091	0.16757	-21.09769	2.98527	0.93296	0.35996	-0.00292	-0.35994	0.93296	0.00420	0.00424	-0.00287	0.99999		-3.49519	8.77317	-1.61616	0.18276	0.22679	-0.40397	0.30620	0.99997	0.00705	-0.00396	-0.00704	0.99997	0.00319	0.00398	-0.00316	0.99999	
91	0.45500	-12.00350	27.29371	-3.73385	0.23777	0.16110	-21.09160	2.95836	0.93300	0.35986	-0.00281	-0.35985	0.93300	0.00415	0.00412	-0.00286	0.99999		-3.48794	8.81374	-1.67895	0.21426	0.24792	-0.40384	0.29482	0.99997	0.00705	-0.00433	-0.00703	0.99997	0.00374	0.00435	-0.00371	0.99998	
92	0.46000	-11.97357	27.19428	-3.76617	0.22805	0.15149	-21.08584	2.93256	0.93304	0.35976	-0.00264	-0.35975	0.93304	0.00398	0.00390	-0.00276	0.99999		-3.51632	8.88416	-1.74766	0.24914	0.26883	-0.40058	0.29589	0.99996	0.00699	-0.00469	-0.00697	0.99997	0.00435	0.00472	-0.00432	0.99998	
93	0.46500	-11.92192	27.09581	-3.77968	0.22347	0.14096	-21.07625	2.91230	0.93310	0.35961	-0.00246	-0.35960	0.93310	0.00390	0.00370	-0.00275	0.99999		-3.54761	8.92350	-1.83792	0.27838	0.29302	-0.40362	0.28862	0.99996	0.00704	-0.00511	-0.00702	0.99996	0.00486	0.00515	-0.00482	0.99998	
94	0.47000	-11.91548	26.98599	-3.80909	0.21916	0.14201	-21.07066	2.88582	0.93313	0.35952	-0.00248	-0.35951	0.93313	0.00382	0.00369	-0.00268	0.99999		-3.58938	8.94358	-1.88579	0.30541	0.31443	-0.40080	0.28752	0.99996	0.00700	-0.00549	-0.00697	0.99996	0.00533	0.00552	-0.00529	0.99997	
95	0.47500	-11.86165	26.78060	-3.78981	0.18955	0.12301	-21.04821	2.86659	0.93328	0.35915	-0.00215	-0.35914	0.93328	0.00331	0.00319	-0.00232	0.99999		-3.61387	8.98452	-1.94087	0.33760	0.33248	-0.39624	0.30060	0.99996	0.00692	-0.00580	-0.00688	0.99996	0.00589	0.00584	-0.00585	0.99997	
96	0.48000	-11.79895	26.66924	-3.79841	0.18037	0.11778	-21.04172	2.85316	0.93332	0.35905	-0.00206	-0.35904	0.93332	0.00315	0.00305	-0.00220	0.99999		-3.65740	9.02550	-1.99726	0.36598	0.35609	-0.39355	0.31084	0.99996	0.00687	-0.00621	-0.00683	0.99996	0.00639	0.00626	-0.00634	0.99996	
97	0.48500	-11.77752	26.55561	-3.79774	0.17741	0.11365	-21.03569	2.82718	0.93336	0.35895	-0.00198	-0.35894	0.93335	0.00310	0.00296	-0.00218	0.99999		-3.67903	9.03064	-2.04318	0.39248	0.37502	-0.39425	0.30144	0.99995	0.00688	-0.00655	-0.00684	0.99995	0.00685	0.00659	-0.00680	0.99996	
98	0.49000	-11.78716	26.45226	-3.79784	0.17197	0.11421	-21.03027	2.81209	0.93339	0.35886	-0.00199	-0.35885	0.93339	0.00300	0.00294	-0.00209	0.99999		-3.69686	9.08006	-2.09385	0.41906	0.39490	-0.39257	0.30941	0.99995	0.00685	-0.00689	-0.00680	0.99995	0.00731	0.00694	-0.00727	0.99995	
99	0.49500	-11.70537	26.32432	-3.80160	0.16601	0.11021	-21.02835	2.80257	0.93340	0.35883	-0.00192	-0.35882	0.93340	0.00290	0.00284	-0.00201	0.99999		-3.69286	9.11427	-2.13242	0.44835	0.41157	-0.39244	0.30503	0.99995	0.00685	-0.00718	-0.00679	0.99995	0.00782	0.00724	-0.00778	0.99994	
100	0.50000	-11.69888	26.20147	-3.79906	0.16152	0.10708	-21.01800	2.79227	0.93347	0.35866	-0.00187	-0.35865	0.93347	0.00282	0.00276	-0.00196	0.99999		-3.74292	9.13067	-2.20705	0.47352	0.42942	-0.39054	0.30644	0.99995	0.00682	-0.00749	-0.00675	0.99994	0.00826	0.00755	-0.00821	0.99994	
101	0.50500	-11.67791	26.09306	-3.78636	0.15635	0.10759	-21.01242	2.77296	0.93350	0.35857	-0.00188	-0.35856	0.93350	0.00273	0.00273	-0.00187	0.99999		-3.76452	9.17082	-2.23826	0.49999	0.44638	-0.38805	0.31036	0.99995	0.00677	-0.00779	-0.00670	0.99994	0.00873	0.00785	-0.00867	0.99993	
102	0.51000	-11.67937	25.94049	-3.79275	0.14984	0.11587	-21.01037	2.75195	0.93351	0.35854	-0.00202	-0.35853	0.93351	0.00262	0.00283	-0.00172	0.99999		-3.79497	9.17370	-2.27577	0.52204	0.46256	-0.38803	0.29954	0.99994	0.00677	-0.00807	-0.00670	0.99994	0.00911	0.00813	-0.00906	0.99993	
103	0.51500	-11.66759	25.82586	-3.76377	0.14662	0.11501	-21.00929	2.76431	0.93352	0.35852	-0.00201	-0.35851	0.93352	0.00256	0.00279	-0.00167	0.99999		-3.79640	9.20196	-2.30637	0.54375	0.47482	-0.38813	0.29727	0.99994	0.00677	-0.00829	-0.00670	0.99993	0.00949	0.00835	-0.00943	0.99992	
104	0.52000	-11.67074	25.70277	-3.74360	0.14233	0.11804	-21.00525	2.73249	0.93355	0.35845	-0.00206	-0.35845	0.93355	0.00248	0.00281	-0.00158	0.99999		-3.79956	9.20333	-2.31187	0.56356	0.48546	-0.38411	0.30830	0.99994	0.00670	-0.00847	-0.00662	0.99993	0.00984	0.00854	-0.00978	0.99992	
105	0.52500	-11.64382	25.53794	-3.73397	0.13654	0.12607	-21.00317	2.73588	0.93356	0.35842	-0.00220	-0.35841	0.93356	0.00238	0.00291	-0.00144	0.99999		-3.83274	9.20134	-2.34017	0.58276	0.49877	-0.38655	0.29920	0.99994	0.00675	-0.00871	-0.00666	0.99993	0.01017	0.00877	-0.01011	0.99991	
106	0.53000	-11.62569	25.42203	-3.69742	0.13274	0.12944	-21.00247	2.73649	0.93356	0.35841	-0.00226	-0.35840	0.93356	0.00232	0.00294	-0.00135	0.99999		-3.85380	9.22191	-2.34969	0.60254	0.50974	-0.38235	0.31079	0.99994	0.00667	-0.00890	-0.00658	0.99992	0.01052	0.00897	-0.01046	0.99991	
107	0.53500	-11.66115	25.28211	-3.67217	0.13225	0.14125	-21.00417	2.72011	0.93355	0.35843	-0.00247	-0.35843	0.93355	0.00231	0.00313	-0.00127	0.99999		-3.88278	9.19887	-2.36978	0.61674	0.51961	-0.38199	0.31232	0.99994	0.00667	-0.00907	-0.00657	0.99992	0.01076	0.00914	-0.01070	0.99990	
108	0.54000	-11.60420	25.14189	-3.65082	0.12880	0.14638	-20.99914	2.72307	0.93358	0.35835	-0.00255	-0.35835	0.93359	0.00225	0.00319	-0.00118	0.99999		-3.87119	9.20991	-2.38617	0.63421	0.52678	-0.37844	0.31559	0.99994	0.00660	-0.00919	-0.00650	0.99992	0.01107	0.00927	-0.01101	0.99990	
109	0.54500	-11.59596	25.00222	-3.61500	0.12621	0.15458	-21.00765	2.71814	0.93353	0.35849	-0.00270	-0.35849	0.93353	0.00220	0.00331	-0.00109	0.99999		-3.88552	9.22087	-2.37341	0.64949	0.53181	-0.37605	0.31208	0.99994	0.00656	-0.00928	-0.00646	0.99991	0.01134	0.00936	-0.01127	0.99989	
110	0.55000	-11.62351	24.88106	-3.58701	0.12650	0.16399	-21.00652	2.72051	0.93354	0.35847	-0.00286	-0.35847	0.93354	0.00221	0.00346	-0.00104	0.99999		-3.88548	9.22503	-2.37713	0.66500	0.53724	-0.37816	0.30483	0.99993	0.00660	-0.00938	-0.00649	0.99991	0.01161	0.00945	-0.01154	0.99989	
111	0.55500	-11.59888	24.72348	-3.54783	0.12431	0.17087	-21.00490	2.72556	0.93355	0.35845	-0.00298	-0.35844	0.93355	0.00217	0.00356	-0.00096	0.99999		-3.89562	9.20876	-2.37845	0.67812	0.53730	-0.37950	0.31043	0.99993	0.00662	-0.00938	-0.00651	0.99991	0.01183	0.00946	-0.01177	0.99989	
112	0.56000	-11.61315	24.57244	-3.50900	0.12052	0.18182	-21.01050	2.72818	0.93351	0.35854	-0.00317	-0.35853	0.93352	0.00210	0.00372	-0.00083	0.99999		-3.88826	9.21382	-2.37782	0.68917	0.53914	-0.37963	0.30875	0.99993	0.00663	-0.00941	-0.00651	0.99991	0.01203	0.00949	-0.01197	0.99988	
113	0.56500	-11.62816	24.44530	-3.45661	0.11989	0.19464	-21.01585	2.75000	0.93348	0.35862	-0.00340	-0.35862	0.93348	0.00209	0.00392	-0.00074	0.99999		-3.89138	9.19319	-2.35863	0.69770	0.54266	-0.37695	0.32058	0.99993	0.00658	-0.00947	-0.00646	0.99990	0.01218	0.00955	-0.01211	0.99988	
114	0.57000	-11.58974	24.28485	-3.41883	0.11895	0.20613	-21.01908	2.75579	0.93345	0.35868	-0.00360	-0.35867	0.93346	0.00208	0.00410	-0.00065	0.99999		-3.90005	9.18054	-2.34414	0.70779	0.54178	-0.37605	0.31755	0.99993	0.00656	-0.00946	-0.00645	0.99990	0.01235	0.00954	-0.01229	0.99988	
115	0.57500	-11.63969	24.17850	-3.36609	0.12140	0.21866	-21.02302	2.76054	0.93343	0.35874	-0.00382	-0.35873	0.93344	0.00212	0.00432	-0.00061	0.99999		-3.89277	9.17572	-2.34151	0.71525	0.53740	-0.37535	0.30659	0.99993	0.00655	-0.00938	-0.00643	0.99990	0.01248	0.00946	-0.01242	0.99988	
116	0.58000	-11.65344	24.03412	-3.30941	0.12260	0.23757	-21.02753	2.78260	0.93340	0.35881	-0.00415	-0.35881	0.93341	0.00214	0.00464	-0.00051	0.99999		-3.86299	9.15112	-2.30696	0.72027	0.53377	-0.37628	0.32632	0.99994	0.00657	-0.00932	-0.00645	0.99990	0.01257	0.00940	-0.01251	0.99988	
117	0.58500	-11.64759	23.90468	-3.25855	0.12076	0.24762	-21.02771	2.80583	0.93340	0.35882	-0.00432	-0.35881	0.93341	0.00211	0.00479	-0.00042	0.99999		-3.85910	9.12431	-2.27966	0.72462	0.52802	-0.37604	0.31265	0.99994	0.00656	-0.00922	-0.00645	0.99990	0.01265	0.00930	-0.01259	0.99988	
118	0.59000	-11.66446	23.77254	-3.20679	0.11936	0.25858	-21.03374	2.81234	0.93336	0.35891	-0.00451	-0.35891	0.93337	0.00208	0.00496	-0.00032	0.99999		-3.88584	9.11302	-2.25358	0.72737	0.52307	-0.37699	0.31634	0.99994	0.00658	-0.00913	-0.00646	0.99990	0.01269	0.00921	-0.01263	0.99988	
119	0.59500	-11.65493	23.62035	-3.14824	0.11714	0.27323	-21.03870	2.82625	0.93333	0.35899	-0.00477	-0.35899	0.93334	0.00204	0.00518	-0.00020	0.99999		-3.86801	9.06081	-2.21751	0.72518	0.51716	-0.37734	0.30701	0.99994	0.00659	-0.00903	-0.00647	0.99990	0.01266	0.00911	-0.01260	0.99988	
120	0.60000	-11.65036	23.47893	-3.08662	0.11404	0.28478	-21.04473	2.84908	0.93329	0.35909	-0.00497	-0.35909	0.93330	0.00199	0.00535	-0.00007	0.99999		-3.86017	9.04151	-2.17248	0.72504	0.50662	-0.37794	0.31629	0.99994	0.00660	-0.00884	-0.00648	0.99990	0.01265	0.00892	-0.01260	0.99988	
121	0.60500	-11.68969	23.37091	-3.02514	0.12029	0.30411	-21.05426	2.86341	0.93323	0.35925	-0.00531	-0.35924	0.93324	0.00210	0.00571	-0.00005	0.99998		-3.85916	8.99540	-2.12452	0.72363	0.49685	-0.37644	0.32806	0.99994	0.00657	-0.00867	-0.00646	0.99990	0.01263	0.00875	-0.01257	0.99988	
122	0.61000	-11.68350	23.23534	-2.96484	0.11927	0.31619	-21.05616	2.88915	0.93321	0.35928	-0.00552	-0.35927	0.93323	0.00208	0.00590	0.00004	0.99998		-3.87045	8.96540	-2.08320	0.71935	0.48839	-0.37677	0.32715	0.99994	0.00658	-0.00852	-0.00647	0.99990	0.01255	0.00861	-0.01250	0.99988	
123	0.61500	-11.73693	23.11685	-2.88515	0.12237	0.33480	-21.06523	2.92107	0.93316	0.35942	-0.00584	-0.35942	0.93317	0.00214	0.00622	0.00011	0.99998		-3.83378	8.95108	-2.01835	0.71668	0.47040	-0.37778	0.31599	0.99994	0.00659	-0.00821	-0.00649	0.99990	0.01251	0.00829	-0.01245	0.99989	
124	0.62000	-11.79181	22.97538	-2.83787	0.11801	0.35385	-21.06892	2.93478	0.93313	0.35948	-0.00618	-0.35948	0.93315	0.00206	0.00650	0.00030	0.99998		-3.80758	8.88240	-1.95819	0.70728	0.45518	-0.37871	0.31577	0.99995	0.00661	-0.00794	-0.00651	0.99990	0.01234	0.00803	-0.01229	0.99989	
125	0.62500	-11.79655	22.85198	-2.74745	0.12056	0.37148	-21.08086	2.95644	0.93305	0.35968	-0.00648	-0.35967	0.93308	0.00210	0.00681	0.00037	0.99998		-3.80813	8.85412	-1.89848	0.70263	0.44362	-0.37677	0.31827	0.99995	0.00658	-0.00774	-0.00648	0.99990	0.01226	0.00782	-0.01221	0.99989	
126	0.63000	-11.79661	22.73595	-2.68050	0.11736	0.38236	-21.08521	2.98079	0.93303	0.35975	-0.00667	-0.35974	0.93305	0.00205	0.00696	0.00049	0.99998		-3.77588	8.83618	-1.84170	0.69595	0.42339	-0.37936	0.31522	0.99995	0.00662	-0.00739	-0.00653	0.99990	0.01215	0.00747	-0.01210	0.99990	
127	0.63500	-11.81006	22.65548	-2.60180	0.12408	0.39614	-21.09774	3.01647	0.93295	0.35995	-0.00691	-0.35995	0.93297	0.00217	0.00723	0.00047	0.99997		-3.76403	8.80581	-1.76635	0.68754	0.40458	-0.38445	0.30497	0.99995	0.00671	-0.00706	-0.00662	0.99991	0.01200	0.00714	-0.01195	0.99990	
128	0.64000	-11.80680	22.54728	-2.50127	0.12478	0.40328	-21.11720	3.05497	0.93282	0.36027	-0.00704	-0.36026	0.93285	0.00218	0.00735	0.00050	0.99997		-3.73197	8.76553	-1.70851	0.67920	0.38765	-0.38393	0.30653	0.99995	0.00670	-0.00677	-0.00662	0.99991	0.01185	0.00684	-0.01181	0.99991	
129	0.64500	-11.84179	22.45328	-2.43994	0.12600	0.42464	-21.12502	3.08453	0.93277	0.36039	-0.00741	-0.36039	0.93280	0.00220	0.00771	0.00062	0.99997		-3.74100	8.74465	-1.65625	0.66772	0.36992	-0.38807	0.29553	0.99996	0.00677	-0.00646	-0.00670	0.99991	0.01165	0.00653	-0.01161	0.99991	
130	0.65000	-11.83692	22.35082	-2.34146	0.12455	0.43466	-21.13585	3.11156	0.93270	0.36057	-0.00759	-0.36056	0.93273	0.00217	0.00786	0.00071	0.99997		-3.69358	8.67831	-1.56034	0.65318	0.34747	-0.38754	0.29935	0.99996	0.00676	-0.00606	-0.00669	0.99991	0.01140	0.00614	-0.01136	0.99992	
131	0.65500	-11.86413	22.25014	-2.26142	0.12476	0.45238	-21.14902	3.15850	0.93262	0.36078	-0.00790	-0.36078	0.93265	0.00218	0.00815	0.00082	0.99997		-3.66040	8.62907	-1.47719	0.63922	0.32620	-0.38648	0.30386	0.99996	0.00675	-0.00569	-0.00668	0.99992	0.01116	0.00577	-0.01112	0.99992	
132	0.66000	-11.90582	22.16116	-2.19013	0.12313	0.46877	-21.15328	3.17855	0.93259	0.36085	-0.00818	-0.36085	0.93262	0.00215	0.00841	0.00095	0.99996		-3.66938	8.56138	-1.39112	0.61991	0.30217	-0.38570	0.31081	0.99996	0.00673	-0.00527	-0.00667	0.99992	0.01082	0.00535	-0.01078	0.99993	
133	0.66500	-11.94435	22.06867	-2.09474	0.12262	0.48096	-21.15976	3.20491	0.93254	0.36096	-0.00839	-0.36095	0.93258	0.00214	0.00860	0.00103	0.99996		-3.62642	8.49137	-1.27057	0.60103	0.27732	-0.38913	0.32131	0.99997	0.00679	-0.00484	-0.00674	0.99992	0.01049	0.00491	-0.01046	0.99993	
134	0.67000	-11.91235	21.99533	-2.02609	0.12201	0.49065	-21.17229	3.24201	0.93246	0.36116	-0.00856	-0.36116	0.93250	0.00213	0.00875	0.00111	0.99996		-3.58534	8.45354	-1.18012	0.58723	0.25171	-0.38767	0.32182	0.99997	0.00677	-0.00439	-0.00672	0.99992	0.01025	0.00446	-0.01022	0.99994	
135	0.67500	-11.97804	21.89045	-1.94795	0.11630	0.51017	-21.18203	3.27725	0.93240	0.36132	-0.00890	-0.36131	0.93244	0.00203	0.00904	0.00132	0.99996		-3.56924	8.40725	-1.09478	0.56754	0.22888	-0.39146	0.30886	0.99997	0.00683	-0.00399	-0.00679	0.99993	0.00991	0.00406	-0.00988	0.99994	
136	0.68000	-12.02367	21.79520	-1.85641	0.11385	0.52238	-21.18842	3.30151	0.93236	0.36142	-0.00912	-0.36142	0.93240	0.00199	0.00922	0.00144	0.99996		-3.51654	8.35904	-0.99353	0.54876	0.20187	-0.39218	0.30858	0.99997	0.00684	-0.00352	-0.00681	0.99993	0.00958	0.00359	-0.00955	0.99995	
137	0.68500	-12.04451	21.75061	-1.76168	0.11461	0.53262	-21.20430	3.34940	0.93226	0.36168	-0.00930	-0.36168	0.93230	0.00200	0.00939	0.00150	0.99995		-3.50768	8.29545	-0.89480	0.52867	0.17825	-0.39304	0.31599	0.99997	0.00686	-0.00311	-0.00683	0.99993	0.00923	0.00317	-0.00921	0.99995	
138	0.69000	-12.08673	21.70520	-1.68838	0.11110	0.54123	-21.20918	3.38417	0.93222	0.36176	-0.00945	-0.36176	0.93227	0.00194	0.00951	0.00161	0.99995		-3.46026	8.28395	-0.81737	0.50925	0.14949	-0.39862	0.29527	0.99997	0.00696	-0.00261	-0.00693	0.99994	0.00889	0.00267	-0.00887	0.99996	
