NO_OF_FRAMES	12047
NO_OF_CAMERAS	8
NO_OF_BODIES	2
FREQUENCY	200
NO_OF_ANALOG	0
ANALOG_FREQUENCY	0
DESCRIPTION	--
TIME_STAMP	2013-07-05, 12:32:56	186790.17411564
DATA_INCLUDED	6D
BODY_NAMES	Ice 2 V2	Ice 3
Frame	Time	Ice 2 V2 X	Y	Z	Roll	Pitch	Yaw	Residual	Rot[0]	Rot[1]	Rot[2]	Rot[3]	Rot[4]	Rot[5]	Rot[6]	Rot[7]	Rot[8]	Ice 3 X	Y	Z	Roll	Pitch	Yaw	Residual	Rot[0]	Rot[1]	Rot[2]	Rot[3]	Rot[4]	Rot[5]	Rot[6]	Rot[7]	Rot[8]	
1	0.00500	0.36073	-13.77326	1.20078	0.36752	-0.47196	-0.91419	0.20587	0.99984	0.01595	0.00824	-0.01601	0.99985	0.00641	-0.00813	-0.00654	0.99995		0.79675	7.38905	-0.19805	0.05356	-0.07246	4.49005	1.02177	0.99693	-0.07829	0.00126	0.07828	0.99693	0.00093	-0.00133	-0.00083	1.00000	
2	0.01000	0.32589	-13.78303	1.21900	0.36428	-0.46894	-0.90940	0.20418	0.99984	0.01587	0.00818	-0.01592	0.99985	0.00636	-0.00808	-0.00649	0.99995		0.86151	7.37246	-0.16314	0.05526	-0.06897	4.49044	0.98922	0.99693	-0.07829	0.00120	0.07829	0.99693	0.00096	-0.00128	-0.00087	1.00000	
3	0.01500	0.32705	-13.79507	1.24582	0.35953	-0.46497	-0.91094	0.21160	0.99984	0.01590	0.00812	-0.01595	0.99985	0.00627	-0.00801	-0.00640	0.99995		0.79757	7.37714	-0.15577	0.05569	-0.05672	4.48805	1.00006	0.99693	-0.07825	0.00099	0.07825	0.99693	0.00097	-0.00106	-0.00089	1.00000	
4	0.02000	0.31239	-13.79888	1.27828	0.35720	-0.46128	-0.91419	0.21695	0.99984	0.01595	0.00805	-0.01600	0.99985	0.00623	-0.00795	-0.00636	0.99995		0.80235	7.36621	-0.14394	0.05698	-0.04441	4.48953	1.00634	0.99693	-0.07828	0.00078	0.07828	0.99693	0.00099	-0.00085	-0.00093	1.00000	
5	0.02500	0.32970	-13.82795	1.30030	0.34937	-0.46254	-0.91167	0.20676	0.99984	0.01591	0.00807	-0.01596	0.99985	0.00610	-0.00797	-0.00623	0.99995		0.77509	7.37730	-0.14274	0.05997	-0.03300	4.48987	1.02830	0.99693	-0.07828	0.00058	0.07828	0.99693	0.00105	-0.00066	-0.00100	1.00000	
6	0.03000	0.29652	-13.82249	1.32759	0.34580	-0.45437	-0.90690	0.20140	0.99984	0.01583	0.00793	-0.01588	0.99986	0.00604	-0.00783	-0.00616	0.99995		0.73547	7.37465	-0.10446	0.06049	-0.02319	4.49030	1.01972	0.99693	-0.07829	0.00040	0.07829	0.99693	0.00106	-0.00049	-0.00102	1.00000	
7	0.03500	0.35726	-13.83364	1.36864	0.34090	-0.45176	-0.90854	0.20417	0.99984	0.01586	0.00788	-0.01590	0.99986	0.00595	-0.00779	-0.00607	0.99995		0.74879	7.36402	-0.09134	0.06193	-0.01231	4.49168	1.02585	0.99693	-0.07831	0.00021	0.07831	0.99693	0.00108	-0.00030	-0.00106	1.00000	
8	0.04000	0.33543	-13.85493	1.38238	0.33592	-0.44417	-0.91178	0.21154	0.99984	0.01591	0.00775	-0.01596	0.99986	0.00586	-0.00766	-0.00599	0.99995		0.65228	7.35929	-0.06779	0.06415	0.00189	4.49510	1.02508	0.99692	-0.07837	-0.00003	0.07837	0.99692	0.00112	-0.00005	-0.00112	1.00000	
9	0.04500	0.30157	-13.86425	1.41293	0.32918	-0.43113	-0.90573	0.19250	0.99985	0.01581	0.00752	-0.01585	0.99986	0.00575	-0.00743	-0.00586	0.99996		0.67205	7.38938	-0.05453	0.06901	0.00897	4.49281	1.03489	0.99693	-0.07833	-0.00016	0.07833	0.99693	0.00120	0.00006	-0.00121	1.00000	
10	0.05000	0.31422	-13.89837	1.45739	0.31901	-0.42239	-0.90719	0.20088	0.99985	0.01583	0.00737	-0.01587	0.99986	0.00557	-0.00728	-0.00568	0.99996		0.64985	7.36512	-0.03373	0.06828	0.01923	4.49851	1.03794	0.99692	-0.07843	-0.00034	0.07843	0.99692	0.00119	0.00024	-0.00121	1.00000	
11	0.05500	0.35908	-13.91206	1.47402	0.31398	-0.41410	-0.90398	0.19609	0.99985	0.01578	0.00723	-0.01582	0.99986	0.00548	-0.00714	-0.00559	0.99996		0.63458	7.35361	-0.00416	0.07052	0.03120	4.49753	1.05429	0.99692	-0.07842	-0.00054	0.07842	0.99692	0.00123	0.00045	-0.00127	1.00000	
12	0.06000	0.31444	-13.90331	1.47850	0.31155	-0.39713	-0.90831	0.19177	0.99985	0.01585	0.00693	-0.01589	0.99986	0.00544	-0.00684	-0.00555	0.99996		0.58308	7.35865	0.01171	0.07303	0.04477	4.49873	1.05092	0.99692	-0.07844	-0.00078	0.07844	0.99692	0.00127	0.00068	-0.00133	1.00000	
13	0.06500	0.29687	-13.90156	1.49144	0.30999	-0.37972	-0.90573	0.18474	0.99985	0.01581	0.00663	-0.01584	0.99986	0.00541	-0.00654	-0.00551	0.99996		0.58155	7.35593	0.04497	0.07571	0.05166	4.50041	1.07130	0.99692	-0.07847	-0.00090	0.07847	0.99692	0.00132	0.00080	-0.00139	1.00000	
14	0.07000	0.28298	-13.92280	1.51726	0.30354	-0.36305	-0.90512	0.19201	0.99986	0.01580	0.00634	-0.01583	0.99986	0.00530	-0.00625	-0.00540	0.99997		0.57666	7.35595	0.05491	0.07859	0.06216	4.50027	1.07103	0.99692	-0.07846	-0.00108	0.07847	0.99692	0.00137	0.00097	-0.00145	1.00000	
15	0.07500	0.24225	-13.91346	1.51948	0.30279	-0.34736	-0.90630	0.19199	0.99986	0.01582	0.00606	-0.01585	0.99986	0.00528	-0.00598	-0.00538	0.99997		0.51418	7.33215	0.07433	0.08081	0.07684	4.50224	1.08579	0.99691	-0.07850	-0.00134	0.07850	0.99691	0.00141	0.00123	-0.00151	1.00000	
16	0.08000	0.24509	-13.93280	1.53432	0.29546	-0.33181	-0.90284	0.18964	0.99986	0.01576	0.00579	-0.01579	0.99986	0.00516	-0.00571	-0.00525	0.99997		0.52358	7.32117	0.09776	0.08233	0.08507	4.50481	1.08179	0.99691	-0.07854	-0.00148	0.07854	0.99691	0.00144	0.00137	-0.00155	1.00000	
17	0.08500	0.25638	-13.91917	1.52941	0.29434	-0.31523	-0.91035	0.19065	0.99986	0.01589	0.00550	-0.01592	0.99986	0.00514	-0.00542	-0.00522	0.99997		0.49726	7.33209	0.12673	0.08779	0.09438	4.50721	1.07898	0.99691	-0.07858	-0.00165	0.07859	0.99691	0.00153	0.00152	-0.00166	1.00000	
18	0.09000	0.24284	-13.94294	1.54211	0.28696	-0.29495	-0.90877	0.19884	0.99986	0.01586	0.00515	-0.01589	0.99986	0.00501	-0.00507	-0.00509	0.99997		0.45551	7.33557	0.15446	0.09255	0.10447	4.50829	1.09469	0.99690	-0.07860	-0.00182	0.07861	0.99690	0.00162	0.00169	-0.00175	1.00000	
19	0.09500	0.23674	-13.94294	1.55358	0.28367	-0.27383	-0.90511	0.19156	0.99986	0.01580	0.00478	-0.01582	0.99986	0.00495	-0.00470	-0.00503	0.99998		0.45543	7.30219	0.18864	0.09388	0.11518	4.51049	1.09190	0.99690	-0.07864	-0.00201	0.07864	0.99690	0.00164	0.00188	-0.00179	1.00000	
20	0.10000	0.19879	-13.93881	1.53522	0.28455	-0.25072	-0.91032	0.20468	0.99986	0.01589	0.00438	-0.01591	0.99986	0.00497	-0.00430	-0.00504	0.99998		0.41022	7.30228	0.21880	0.09899	0.12862	4.50706	1.11877	0.99691	-0.07858	-0.00224	0.07859	0.99691	0.00173	0.00210	-0.00190	1.00000	
21	0.10500	0.20357	-13.96095	1.54602	0.27702	-0.23290	-0.91475	0.20892	0.99986	0.01596	0.00406	-0.01598	0.99986	0.00483	-0.00399	-0.00490	0.99998		0.41886	7.28946	0.25254	0.10295	0.13537	4.51399	1.10577	0.99690	-0.07870	-0.00236	0.07871	0.99690	0.00180	0.00221	-0.00198	1.00000	
22	0.11000	0.18963	-13.93961	1.53405	0.27775	-0.21240	-0.91392	0.19851	0.99987	0.01595	0.00371	-0.01597	0.99986	0.00485	-0.00363	-0.00491	0.99998		0.38814	7.29991	0.29256	0.10864	0.14686	4.51280	1.12657	0.99690	-0.07868	-0.00256	0.07869	0.99690	0.00190	0.00241	-0.00209	0.99999	
23	0.11500	0.17146	-13.96294	1.52325	0.27020	-0.18740	-0.91186	0.20313	0.99987	0.01591	0.00327	-0.01593	0.99986	0.00472	-0.00320	-0.00477	0.99998		0.37020	7.29061	0.31919	0.11238	0.15781	4.51552	1.13313	0.99689	-0.07873	-0.00275	0.07873	0.99689	0.00196	0.00259	-0.00217	0.99999	
24	0.12000	0.23609	-14.23433	1.24035	0.20476	-0.18343	-0.90198	0.21682	0.99987	0.01574	0.00320	-0.01575	0.99987	0.00357	-0.00314	-0.00362	0.99999		0.50770	7.13586	0.42082	0.09565	0.13501	4.51336	1.14414	0.99690	-0.07869	-0.00236	0.07870	0.99690	0.00167	0.00222	-0.00185	1.00000	
25	0.12500	0.20226	-14.23940	1.23447	0.19838	-0.15597	-0.89973	0.20997	0.99987	0.01570	0.00272	-0.01571	0.99987	0.00346	-0.00267	-0.00350	0.99999		0.50554	7.11739	0.45722	0.09924	0.14279	4.51256	1.15770	0.99690	-0.07868	-0.00249	0.07868	0.99690	0.00173	0.00235	-0.00192	1.00000	
26	0.13000	0.16939	-14.21917	1.21420	0.20164	-0.13074	-0.90012	0.21535	0.99987	0.01571	0.00228	-0.01572	0.99987	0.00352	-0.00223	-0.00355	0.99999		0.48792	7.08987	0.50318	0.10346	0.14764	4.51183	1.15108	0.99690	-0.07866	-0.00258	0.07867	0.99690	0.00181	0.00243	-0.00200	1.00000	
27	0.13500	0.17216	-14.22799	1.22193	0.19478	-0.10633	-0.89723	0.21127	0.99988	0.01566	0.00186	-0.01567	0.99987	0.00340	-0.00180	-0.00343	0.99999		0.47932	7.08770	0.53057	0.11009	0.15361	4.51463	1.16332	0.99689	-0.07871	-0.00268	0.07872	0.99689	0.00192	0.00252	-0.00213	0.99999	
28	0.14000	0.13291	-14.21491	1.19169	0.19879	-0.08007	-0.89947	0.20447	0.99988	0.01570	0.00140	-0.01570	0.99987	0.00347	-0.00134	-0.00349	0.99999		0.48118	7.08153	0.56602	0.11650	0.16584	4.51405	1.17390	0.99689	-0.07870	-0.00289	0.07871	0.99690	0.00203	0.00273	-0.00225	0.99999	
29	0.14500	0.14812	-14.22533	1.18147	0.19348	-0.05797	-0.89293	0.20184	0.99988	0.01558	0.00101	-0.01559	0.99987	0.00338	-0.00096	-0.00339	0.99999		0.44635	7.09884	0.61215	0.12448	0.16976	4.51548	1.18706	0.99689	-0.07873	-0.00296	0.07873	0.99689	0.00217	0.00278	-0.00240	0.99999	
30	0.15000	0.15707	-14.21770	1.18857	0.19202	-0.03681	-0.89325	0.20804	0.99988	0.01559	0.00064	-0.01559	0.99987	0.00335	-0.00059	-0.00336	0.99999		0.42281	7.06345	0.65210	0.12729	0.17897	4.51522	1.19117	0.99689	-0.07872	-0.00312	0.07873	0.99689	0.00222	0.00294	-0.00246	0.99999	
31	0.15500	0.15618	-14.19968	1.16268	0.19467	-0.01224	-0.89966	0.20279	0.99988	0.01570	0.00021	-0.01570	0.99987	0.00340	-0.00016	-0.00340	0.99999		0.42100	7.05645	0.68731	0.13676	0.18384	4.52208	1.22092	0.99688	-0.07884	-0.00321	0.07885	0.99688	0.00239	0.00301	-0.00263	0.99999	
32	0.16000	0.10840	-14.18426	1.14325	0.19680	0.01652	-0.89898	0.19835	0.99988	0.01569	-0.00029	-0.01569	0.99987	0.00343	0.00034	-0.00343	0.99999		0.39639	7.03914	0.72405	0.14264	0.19346	4.52209	1.22470	0.99688	-0.07884	-0.00338	0.07885	0.99688	0.00249	0.00317	-0.00275	0.99999	
33	0.16500	0.11307	-14.17975	1.13606	0.19400	0.03773	-0.89831	0.20248	0.99988	0.01568	-0.00066	-0.01568	0.99987	0.00339	0.00071	-0.00338	0.99999		0.37501	7.02816	0.76221	0.14894	0.19770	4.52210	1.23185	0.99688	-0.07884	-0.00345	0.07885	0.99688	0.00260	0.00323	-0.00286	0.99999	
34	0.17000	0.07442	-14.16865	1.11887	0.19381	0.06234	-0.89641	0.19727	0.99988	0.01564	-0.00109	-0.01564	0.99987	0.00338	0.00114	-0.00337	0.99999		0.39310	7.03819	0.80864	0.16020	0.20069	4.52480	1.23238	0.99688	-0.07889	-0.00350	0.07890	0.99688	0.00280	0.00327	-0.00306	0.99999	
35	0.17500	0.06402	-14.17430	1.10488	0.19245	0.08373	-0.90067	0.21168	0.99988	0.01572	-0.00146	-0.01571	0.99987	0.00336	0.00151	-0.00334	0.99999		0.35803	7.02608	0.85234	0.16628	0.20722	4.52614	1.24243	0.99687	-0.07891	-0.00362	0.07892	0.99688	0.00290	0.00338	-0.00318	0.99999	
36	0.18000	0.05558	-14.17883	1.08003	0.18868	0.10636	-0.89696	0.19123	0.99988	0.01565	-0.00186	-0.01565	0.99987	0.00329	0.00191	-0.00326	0.99999		0.35466	7.00629	0.87916	0.17117	0.20844	4.52477	1.26223	0.99688	-0.07889	-0.00364	0.07890	0.99688	0.00299	0.00339	-0.00327	0.99999	
37	0.18500	0.05050	-14.16718	1.06748	0.18729	0.12587	-0.89390	0.18383	0.99988	0.01560	-0.00220	-0.01559	0.99987	0.00327	0.00225	-0.00323	0.99999		0.34740	6.99054	0.91971	0.17950	0.20844	4.52759	1.26547	0.99687	-0.07894	-0.00364	0.07895	0.99687	0.00313	0.00338	-0.00341	0.99999	
38	0.19000	0.02909	-14.17802	1.05415	0.18541	0.14384	-0.89406	0.19363	0.99988	0.01560	-0.00251	-0.01560	0.99987	0.00324	0.00256	-0.00320	0.99999		0.38143	6.98042	0.96814	0.18741	0.20838	4.52817	1.26644	0.99687	-0.07895	-0.00364	0.07896	0.99687	0.00327	0.00337	-0.00355	0.99999	
39	0.19500	-0.00143	-14.15374	1.02223	0.18619	0.16691	-0.89317	0.17735	0.99987	0.01559	-0.00291	-0.01558	0.99987	0.00325	0.00296	-0.00320	0.99999		0.34341	6.96602	1.01269	0.19397	0.21040	4.53046	1.27185	0.99687	-0.07899	-0.00367	0.07900	0.99687	0.00339	0.00339	-0.00366	0.99999	
40	0.20000	-0.03151	-14.16371	1.01475	0.18368	0.18638	-0.88928	0.17334	0.99987	0.01552	-0.00325	-0.01551	0.99987	0.00321	0.00330	-0.00316	0.99999		0.34452	6.95826	1.04655	0.20250	0.21076	4.52924	1.29639	0.99687	-0.07897	-0.00368	0.07898	0.99687	0.00353	0.00339	-0.00381	0.99999	
41	0.20500	-0.04507	-14.16691	1.00345	0.18115	0.20920	-0.89474	0.18631	0.99987	0.01562	-0.00365	-0.01560	0.99987	0.00316	0.00370	-0.00310	0.99999		0.36486	6.94484	1.09154	0.20930	0.21170	4.53337	1.30716	0.99686	-0.07904	-0.00369	0.07905	0.99686	0.00365	0.00339	-0.00393	0.99999	
42	0.21000	-0.08610	-14.14379	0.96781	0.18352	0.22689	-0.88939	0.16810	0.99987	0.01552	-0.00396	-0.01551	0.99987	0.00320	0.00401	-0.00314	0.99999		0.34045	6.95072	1.12759	0.22077	0.21136	4.53330	1.31865	0.99686	-0.07904	-0.00369	0.07905	0.99686	0.00385	0.00337	-0.00413	0.99999	
43	0.21500	-0.11341	-14.13580	0.95062	0.18423	0.24625	-0.89292	0.17681	0.99987	0.01558	-0.00430	-0.01557	0.99987	0.00322	0.00435	-0.00315	0.99999		0.33089	6.92678	1.18882	0.22643	0.20980	4.53140	1.33284	0.99687	-0.07900	-0.00366	0.07902	0.99687	0.00395	0.00334	-0.00423	0.99999	
44	0.22000	-0.16414	-14.12624	0.93288	0.18319	0.25937	-0.89396	0.16871	0.99987	0.01560	-0.00453	-0.01559	0.99987	0.00320	0.00458	-0.00313	0.99998		0.30805	6.91763	1.23370	0.23406	0.20933	4.53364	1.33879	0.99686	-0.07904	-0.00365	0.07906	0.99686	0.00409	0.00332	-0.00436	0.99998	
45	0.22500	-0.10201	-14.12645	0.90328	0.18339	0.26782	-0.89053	0.17566	0.99987	0.01554	-0.00467	-0.01553	0.99987	0.00320	0.00472	-0.00313	0.99998		0.32970	6.91432	1.28127	0.24378	0.20630	4.53378	1.34798	0.99686	-0.07905	-0.00360	0.07906	0.99686	0.00425	0.00325	-0.00453	0.99998	
46	0.23000	-0.17184	-14.10261	0.87551	0.18456	0.28766	-0.89117	0.17768	0.99987	0.01555	-0.00502	-0.01554	0.99987	0.00322	0.00507	-0.00314	0.99998		0.33227	6.90788	1.32368	0.25118	0.20317	4.53385	1.35955	0.99686	-0.07905	-0.00355	0.07906	0.99686	0.00438	0.00319	-0.00465	0.99998	
47	0.23500	-0.18568	-14.08637	0.85602	0.18615	0.30329	-0.89172	0.17281	0.99986	0.01556	-0.00529	-0.01555	0.99987	0.00325	0.00534	-0.00317	0.99998		0.33415	6.90681	1.37410	0.26023	0.20199	4.53388	1.37791	0.99686	-0.07905	-0.00353	0.07906	0.99686	0.00454	0.00316	-0.00481	0.99998	
48	0.24000	-0.19214	-14.08541	0.82685	0.18397	0.30843	-0.89169	0.17293	0.99986	0.01556	-0.00538	-0.01554	0.99987	0.00321	0.00543	-0.00313	0.99998		0.33487	6.88256	1.41959	0.26714	0.19387	4.53543	1.38691	0.99686	-0.07908	-0.00338	0.07909	0.99686	0.00466	0.00300	-0.00492	0.99998	
49	0.24500	-0.21425	-14.08831	0.80841	0.18321	0.31891	-0.88610	0.16089	0.99986	0.01546	-0.00557	-0.01545	0.99988	0.00320	0.00561	-0.00311	0.99998		0.32391	6.86245	1.45861	0.27294	0.18900	4.52866	1.42468	0.99687	-0.07896	-0.00330	0.07897	0.99687	0.00476	0.00291	-0.00501	0.99998	
50	0.25000	-0.22250	-14.07857	0.79067	0.18076	0.32435	-0.88731	0.16626	0.99986	0.01549	-0.00566	-0.01547	0.99988	0.00315	0.00571	-0.00307	0.99998		0.31467	6.87393	1.50574	0.28256	0.18342	4.52962	1.45269	0.99687	-0.07897	-0.00320	0.07899	0.99686	0.00493	0.00280	-0.00517	0.99998	
51	0.25500	-0.24449	-14.05727	0.76131	0.18265	0.33315	-0.88364	0.16457	0.99986	0.01542	-0.00581	-0.01540	0.99988	0.00319	0.00586	-0.00310	0.99998		0.28983	6.85930	1.54993	0.28936	0.17763	4.52517	1.47859	0.99688	-0.07890	-0.00310	0.07891	0.99687	0.00505	0.00269	-0.00528	0.99998	
52	0.26000	-0.24157	-14.05800	0.75392	0.18402	0.33456	-0.88583	0.16891	0.99986	0.01546	-0.00584	-0.01544	0.99988	0.00321	0.00589	-0.00312	0.99998		0.31643	6.83460	1.59180	0.29441	0.17058	4.52863	1.47198	0.99687	-0.07896	-0.00298	0.07897	0.99686	0.00514	0.00256	-0.00536	0.99998	
53	0.26500	-0.22899	-14.03260	0.73007	0.18471	0.33948	-0.88519	0.17699	0.99986	0.01545	-0.00592	-0.01543	0.99988	0.00322	0.00597	-0.00313	0.99998		0.29454	6.82130	1.62538	0.29959	0.16641	4.52772	1.48952	0.99688	-0.07894	-0.00290	0.07896	0.99686	0.00523	0.00248	-0.00544	0.99998	
54	0.27000	-0.23471	-14.02754	0.72111	0.18380	0.33746	-0.88377	0.16930	0.99986	0.01542	-0.00589	-0.01541	0.99988	0.00321	0.00594	-0.00312	0.99998		0.31835	6.81213	1.65982	0.30397	0.16020	4.53017	1.48053	0.99687	-0.07898	-0.00280	0.07900	0.99686	0.00531	0.00237	-0.00551	0.99998	
55	0.27500	-0.22716	-14.03167	0.69784	0.18338	0.34021	-0.88563	0.18017	0.99986	0.01546	-0.00594	-0.01544	0.99988	0.00320	0.00599	-0.00311	0.99998		0.29992	6.80284	1.68987	0.31046	0.15363	4.52724	1.49806	0.99688	-0.07893	-0.00268	0.07895	0.99686	0.00542	0.00225	-0.00561	0.99998	
56	0.28000	-0.27452	-14.00661	0.68069	0.18443	0.33960	-0.88081	0.16646	0.99986	0.01537	-0.00593	-0.01535	0.99988	0.00322	0.00598	-0.00313	0.99998		0.31714	6.79482	1.73224	0.31521	0.14532	4.53116	1.49670	0.99687	-0.07900	-0.00254	0.07901	0.99686	0.00550	0.00209	-0.00568	0.99998	
57	0.28500	-0.24577	-13.99290	0.65968	0.18702	0.33525	-0.88479	0.17102	0.99986	0.01544	-0.00585	-0.01542	0.99988	0.00326	0.00590	-0.00317	0.99998		0.35775	6.80873	1.75270	0.32169	0.13645	4.52868	1.51079	0.99688	-0.07896	-0.00238	0.07897	0.99686	0.00561	0.00193	-0.00579	0.99998	
58	0.29000	-0.27847	-13.96351	0.63833	0.18800	0.33620	-0.88507	0.17470	0.99986	0.01545	-0.00587	-0.01543	0.99988	0.00328	0.00592	-0.00319	0.99998		0.35830	6.79279	1.79485	0.32580	0.12906	4.53396	1.48833	0.99687	-0.07905	-0.00225	0.07906	0.99685	0.00569	0.00180	-0.00585	0.99998	
59	0.29500	-0.30268	-13.97246	0.64807	0.18341	0.33098	-0.87706	0.16761	0.99987	0.01531	-0.00578	-0.01529	0.99988	0.00320	0.00583	-0.00311	0.99998		0.37718	6.77903	1.82964	0.32819	0.11837	4.53179	1.50159	0.99687	-0.07901	-0.00207	0.07902	0.99686	0.00573	0.00161	-0.00587	0.99998	
60	0.30000	-0.27682	-13.95160	0.60925	0.18333	0.32379	-0.88079	0.18063	0.99987	0.01537	-0.00565	-0.01535	0.99988	0.00320	0.00570	-0.00311	0.99998		0.38578	6.75999	1.85697	0.32917	0.10790	4.53265	1.49264	0.99687	-0.07903	-0.00188	0.07904	0.99686	0.00574	0.00142	-0.00588	0.99998	
61	0.30500	-0.30939	-13.92119	0.61586	0.18832	0.32406	-0.87927	0.18438	0.99987	0.01535	-0.00566	-0.01533	0.99988	0.00329	0.00571	-0.00320	0.99998		0.37506	6.73479	1.86876	0.32915	0.09858	4.52916	1.51455	0.99688	-0.07897	-0.00172	0.07897	0.99686	0.00574	0.00126	-0.00586	0.99998	
62	0.31000	-0.29653	-13.91191	0.59196	0.18362	0.31418	-0.87543	0.16814	0.99987	0.01528	-0.00548	-0.01526	0.99988	0.00320	0.00553	-0.00312	0.99998		0.39176	6.72312	1.90496	0.33063	0.08513	4.52924	1.50018	0.99688	-0.07897	-0.00149	0.07898	0.99686	0.00577	0.00103	-0.00587	0.99998	
63	0.31500	-0.29855	-13.90003	0.58241	0.18502	0.29992	-0.87522	0.17298	0.99987	0.01527	-0.00523	-0.01526	0.99988	0.00323	0.00528	-0.00315	0.99998		0.40986	6.73341	1.94516	0.33545	0.07499	4.52653	1.50066	0.99688	-0.07892	-0.00131	0.07893	0.99686	0.00585	0.00084	-0.00594	0.99998	
64	0.32000	-0.33152	-13.87692	0.58143	0.18412	0.29624	-0.87469	0.16775	0.99987	0.01527	-0.00517	-0.01525	0.99988	0.00321	0.00522	-0.00313	0.99998		0.39007	6.70594	1.97054	0.33266	0.06787	4.53053	1.48361	0.99687	-0.07899	-0.00118	0.07900	0.99686	0.00581	0.00072	-0.00588	0.99998	
65	0.32500	-0.27400	-13.87192	0.57260	0.18174	0.27765	-0.87379	0.15930	0.99987	0.01525	-0.00485	-0.01523	0.99988	0.00317	0.00489	-0.00310	0.99998		0.44205	6.70754	1.99789	0.33524	0.05585	4.53074	1.50716	0.99687	-0.07899	-0.00097	0.07900	0.99686	0.00585	0.00051	-0.00591	0.99998	
66	0.33000	-0.31539	-13.87330	0.56667	0.17939	0.27073	-0.87312	0.16824	0.99987	0.01524	-0.00473	-0.01522	0.99988	0.00313	0.00477	-0.00306	0.99998		0.46767	6.70864	2.01965	0.33646	0.03936	4.52861	1.48860	0.99688	-0.07896	-0.00069	0.07896	0.99686	0.00587	0.00022	-0.00591	0.99998	
67	0.33500	-0.31575	-13.84702	0.55503	0.18016	0.25683	-0.87497	0.16648	0.99987	0.01527	-0.00448	-0.01526	0.99988	0.00314	0.00453	-0.00308	0.99999		0.45263	6.69674	2.05581	0.33489	0.03309	4.52655	1.48161	0.99688	-0.07892	-0.00058	0.07892	0.99686	0.00584	0.00011	-0.00587	0.99998	
68	0.34000	-0.34578	-13.82176	0.56706	0.18044	0.24644	-0.87147	0.18126	0.99988	0.01521	-0.00430	-0.01520	0.99988	0.00315	0.00435	-0.00308	0.99999		0.50671	6.68515	2.07619	0.33329	0.01908	4.52939	1.48147	0.99688	-0.07897	-0.00033	0.07897	0.99686	0.00582	-0.00013	-0.00583	0.99998	
69	0.34500	-0.32506	-13.80176	0.53794	0.18211	0.23223	-0.87296	0.16453	0.99988	0.01524	-0.00405	-0.01522	0.99988	0.00318	0.00410	-0.00312	0.99999		0.48794	6.69151	2.09345	0.33397	0.00855	4.52623	1.48155	0.99688	-0.07892	-0.00015	0.07892	0.99686	0.00583	-0.00031	-0.00582	0.99998	
70	0.35000	-0.29822	-13.78031	0.54734	0.18102	0.21112	-0.87426	0.17112	0.99988	0.01526	-0.00368	-0.01525	0.99988	0.00316	0.00373	-0.00310	0.99999		0.51619	6.68575	2.11178	0.33091	-0.00128	4.52436	1.46340	0.99688	-0.07888	0.00002	0.07888	0.99687	0.00578	-0.00048	-0.00576	0.99998	
71	0.35500	-0.32357	-13.74514	0.54279	0.18266	0.19604	-0.87800	0.19038	0.99988	0.01532	-0.00342	-0.01531	0.99988	0.00319	0.00347	-0.00314	0.99999		0.56367	6.67348	2.12843	0.32720	-0.01413	4.52429	1.47873	0.99688	-0.07888	0.00025	0.07888	0.99687	0.00571	-0.00070	-0.00567	0.99998	
72	0.36000	-0.31512	-13.74103	0.54213	0.18031	0.17797	-0.87117	0.16926	0.99988	0.01520	-0.00311	-0.01519	0.99988	0.00315	0.00315	-0.00310	0.99999		0.54706	6.67336	2.13890	0.32239	-0.02451	4.52277	1.45821	0.99689	-0.07886	0.00043	0.07885	0.99687	0.00563	-0.00087	-0.00558	0.99998	
73	0.36500	-0.28405	-13.75364	0.54723	0.17300	0.15849	-0.87270	0.17922	0.99988	0.01523	-0.00277	-0.01522	0.99988	0.00302	0.00281	-0.00298	0.99999		0.61579	6.66286	2.16125	0.32100	-0.04112	4.52453	1.43785	0.99688	-0.07889	0.00072	0.07888	0.99687	0.00560	-0.00116	-0.00553	0.99998	
74	0.37000	-0.32667	-13.70448	0.54418	0.17586	0.14513	-0.87115	0.18486	0.99988	0.01520	-0.00253	-0.01520	0.99988	0.00307	0.00258	-0.00303	0.99999		0.61647	6.68835	2.17637	0.31897	-0.05055	4.52177	1.42501	0.99689	-0.07884	0.00088	0.07883	0.99687	0.00557	-0.00132	-0.00548	0.99998	
75	0.37500	-0.32268	-13.71252	0.53299	0.17038	0.12647	-0.86731	0.18195	0.99988	0.01514	-0.00221	-0.01513	0.99988	0.00297	0.00225	-0.00294	0.99999		0.63454	6.65817	2.17201	0.31104	-0.06392	4.52014	1.41381	0.99689	-0.07881	0.00112	0.07880	0.99688	0.00543	-0.00154	-0.00532	0.99998	
76	0.38000	-0.31439	-13.69011	0.53727	0.17070	0.10632	-0.87225	0.19052	0.99988	0.01522	-0.00186	-0.01522	0.99988	0.00298	0.00190	-0.00295	0.99999		0.69867	6.68044	2.18562	0.30999	-0.07906	4.51707	1.41527	0.99689	-0.07876	0.00138	0.07875	0.99688	0.00541	-0.00180	-0.00528	0.99998	
77	0.38500	-0.30075	-13.67135	0.52822	0.16658	0.08167	-0.86671	0.17523	0.99988	0.01513	-0.00143	-0.01512	0.99988	0.00291	0.00147	-0.00289	0.99999		0.71043	6.68643	2.19754	0.30354	-0.09030	4.51705	1.39691	0.99689	-0.07876	0.00158	0.07875	0.99688	0.00530	-0.00199	-0.00516	0.99998	
78	0.39000	-0.27413	-13.66842	0.52646	0.16417	0.06158	-0.86844	0.18435	0.99988	0.01516	-0.00107	-0.01515	0.99988	0.00287	0.00112	-0.00285	1.00000		0.75080	6.66814	2.19922	0.29459	-0.10027	4.51408	1.39035	0.99690	-0.07870	0.00175	0.07869	0.99689	0.00514	-0.00215	-0.00499	0.99999	
79	0.39500	-0.27652	-13.65928	0.53491	0.15756	0.03631	-0.86085	0.18452	0.99989	0.01502	-0.00063	-0.01502	0.99988	0.00275	0.00068	-0.00274	1.00000		0.76033	6.66747	2.18781	0.28835	-0.11134	4.51232	1.39015	0.99690	-0.07867	0.00194	0.07866	0.99689	0.00503	-0.00233	-0.00486	0.99999	
80	0.40000	-0.29262	-13.60344	0.54483	0.16360	0.03062	-0.86661	0.18712	0.99989	0.01512	-0.00053	-0.01512	0.99988	0.00286	0.00058	-0.00285	1.00000		0.80185	6.67004	2.19721	0.28036	-0.12297	4.50674	1.37610	0.99691	-0.07858	0.00215	0.07856	0.99690	0.00489	-0.00252	-0.00471	0.99999	
81	0.40500	-0.30351	-13.61059	0.54194	0.15833	0.00926	-0.86819	0.19735	0.99989	0.01515	-0.00016	-0.01515	0.99988	0.00276	0.00020	-0.00276	1.00000		0.79757	6.65434	2.19199	0.27146	-0.13542	4.50479	1.35310	0.99691	-0.07854	0.00236	0.07853	0.99690	0.00474	-0.00273	-0.00454	0.99999	
82	0.41000	-0.28652	-13.57875	0.56681	0.15896	-0.00936	-0.86536	0.18698	0.99989	0.01510	0.00016	-0.01510	0.99988	0.00277	-0.00012	-0.00278	1.00000		0.83517	6.65487	2.19259	0.26272	-0.14417	4.50323	1.36007	0.99691	-0.07852	0.00252	0.07850	0.99690	0.00459	-0.00287	-0.00437	0.99999	
83	0.41500	-0.28313	-13.58596	0.56422	0.15245	-0.02586	-0.86062	0.19450	0.99989	0.01502	0.00045	-0.01502	0.99988	0.00266	-0.00041	-0.00267	1.00000		0.86796	6.66314	2.19521	0.25525	-0.15202	4.50254	1.34711	0.99691	-0.07850	0.00265	0.07849	0.99690	0.00445	-0.00299	-0.00423	0.99999	
84	0.42000	-0.29832	-13.56970	0.58117	0.14875	-0.04413	-0.86118	0.18693	0.99989	0.01503	0.00077	-0.01503	0.99988	0.00260	-0.00073	-0.00261	1.00000		0.87453	6.65908	2.18306	0.24388	-0.16558	4.50093	1.33672	0.99691	-0.07847	0.00289	0.07846	0.99691	0.00426	-0.00321	-0.00402	0.99999	
85	0.42500	-0.29043	-13.55387	0.58055	0.14723	-0.06432	-0.86397	0.18885	0.99989	0.01508	0.00112	-0.01508	0.99988	0.00257	-0.00108	-0.00259	1.00000		0.91568	6.67436	2.18009	0.23582	-0.17474	4.49720	1.32365	0.99692	-0.07841	0.00305	0.07840	0.99691	0.00412	-0.00336	-0.00386	0.99999	
86	0.43000	-0.31910	-13.54998	0.59362	0.14421	-0.07258	-0.86176	0.19630	0.99989	0.01504	0.00127	-0.01504	0.99988	0.00252	-0.00123	-0.00254	1.00000		0.95787	6.66852	2.17446	0.22403	-0.18571	4.49768	1.30796	0.99692	-0.07842	0.00324	0.07841	0.99691	0.00391	-0.00354	-0.00364	0.99999	
87	0.43500	-0.32662	-13.54011	0.61226	0.13959	-0.09057	-0.85847	0.18369	0.99989	0.01498	0.00158	-0.01499	0.99988	0.00244	-0.00154	-0.00246	1.00000		0.95713	6.66344	2.15284	0.21186	-0.19150	4.49190	1.32303	0.99692	-0.07832	0.00334	0.07831	0.99692	0.00370	-0.00362	-0.00342	0.99999	
88	0.44000	-0.31279	-13.53272	0.60758	0.13502	-0.10930	-0.85944	0.18268	0.99989	0.01500	0.00191	-0.01500	0.99988	0.00236	-0.00187	-0.00238	1.00000		1.02910	6.68495	2.13930	0.20177	-0.20034	4.49178	1.27667	0.99692	-0.07832	0.00350	0.07830	0.99692	0.00352	-0.00376	-0.00324	0.99999	
89	0.44500	-0.32744	-13.53281	0.62174	0.12966	-0.12347	-0.85720	0.18404	0.99989	0.01496	0.00215	-0.01497	0.99989	0.00226	-0.00212	-0.00229	1.00000		1.02757	6.67618	2.13653	0.18945	-0.20582	4.49008	1.27485	0.99692	-0.07829	0.00359	0.07827	0.99693	0.00331	-0.00384	-0.00302	0.99999	
90	0.45000	-0.34032	-13.52044	0.62952	0.12689	-0.13929	-0.85848	0.18742	0.99988	0.01498	0.00243	-0.01499	0.99989	0.00221	-0.00240	-0.00225	0.99999		1.05215	6.69092	2.10454	0.17985	-0.21194	4.48847	1.26456	0.99693	-0.07826	0.00370	0.07825	0.99693	0.00314	-0.00393	-0.00284	0.99999	
91	0.45500	-0.33814	-13.52403	0.64349	0.12102	-0.15159	-0.85334	0.18771	0.99989	0.01489	0.00265	-0.01490	0.99989	0.00211	-0.00261	-0.00215	0.99999		1.06710	6.69569	2.09236	0.16877	-0.21639	4.49016	1.23312	0.99692	-0.07829	0.00378	0.07828	0.99693	0.00295	-0.00400	-0.00264	0.99999	
92	0.46000	-0.32999	-13.50447	0.66527	0.11837	-0.16648	-0.85484	0.18942	0.99988	0.01492	0.00291	-0.01493	0.99989	0.00207	-0.00287	-0.00211	0.99999		1.09512	6.68573	2.07035	0.15373	-0.22181	4.48406	1.24461	0.99693	-0.07818	0.00387	0.07817	0.99694	0.00268	-0.00407	-0.00237	0.99999	
93	0.46500	-0.32482	-13.52097	0.66401	0.11400	-0.17799	-0.85769	0.19235	0.99988	0.01497	0.00311	-0.01498	0.99989	0.00199	-0.00308	-0.00204	0.99999		1.13627	6.69968	2.05877	0.14279	-0.22709	4.48387	1.22834	0.99693	-0.07818	0.00396	0.07817	0.99694	0.00249	-0.00415	-0.00217	0.99999	
94	0.47000	-0.29550	-13.54048	0.69276	0.10385	-0.19912	-0.85859	0.19927	0.99988	0.01498	0.00348	-0.01499	0.99989	0.00181	-0.00345	-0.00186	0.99999		1.16442	6.70510	2.03531	0.12926	-0.23207	4.48206	1.20218	0.99693	-0.07815	0.00405	0.07814	0.99694	0.00226	-0.00421	-0.00193	0.99999	
95	0.47500	-0.32055	-13.54639	0.71350	0.09640	-0.20724	-0.85270	0.17722	0.99988	0.01488	0.00362	-0.01489	0.99989	0.00168	-0.00359	-0.00174	0.99999		1.16905	6.72782	2.00179	0.12000	-0.23285	4.48087	1.19620	0.99694	-0.07813	0.00406	0.07812	0.99694	0.00209	-0.00422	-0.00177	0.99999	
96	0.48000	-0.31294	-13.53742	0.72006	0.09588	-0.21394	-0.85472	0.21545	0.99988	0.01492	0.00373	-0.01492	0.99989	0.00167	-0.00371	-0.00173	0.99999		1.22465	6.71580	1.97340	0.10516	-0.23599	4.47746	1.18967	0.99694	-0.07807	0.00412	0.07806	0.99695	0.00184	-0.00425	-0.00151	0.99999	
97	0.48500	-0.29450	-13.53533	0.72775	0.08936	-0.22647	-0.85463	0.19965	0.99988	0.01492	0.00395	-0.01492	0.99989	0.00156	-0.00393	-0.00162	0.99999		1.19952	6.74146	1.93843	0.09519	-0.23701	4.47543	1.17365	0.99694	-0.07803	0.00414	0.07802	0.99695	0.00166	-0.00425	-0.00133	0.99999	
98	0.49000	-0.34103	-13.56619	0.75794	0.07917	-0.22996	-0.85234	0.21036	0.99988	0.01488	0.00401	-0.01488	0.99989	0.00138	-0.00399	-0.00144	0.99999		1.25155	6.74046	1.90541	0.08119	-0.23909	4.47646	1.13439	0.99694	-0.07805	0.00417	0.07804	0.99695	0.00142	-0.00427	-0.00109	0.99999	
99	0.49500	-0.32136	-13.56126	0.75130	0.07970	-0.23912	-0.85141	0.20211	0.99988	0.01486	0.00417	-0.01487	0.99989	0.00139	-0.00415	-0.00145	0.99999		1.24485	6.75192	1.87222	0.06879	-0.23666	4.47291	1.11679	0.99695	-0.07799	0.00413	0.07798	0.99695	0.00120	-0.00421	-0.00087	0.99999	
100	0.50000	-0.37412	-13.56790	0.77081	0.07378	-0.23951	-0.85073	0.20849	0.99988	0.01485	0.00418	-0.01485	0.99989	0.00129	-0.00416	-0.00135	0.99999		1.29054	6.77930	1.84040	0.05753	-0.23522	4.47713	1.08384	0.99694	-0.07806	0.00411	0.07806	0.99695	0.00100	-0.00417	-0.00068	0.99999	
101	0.50500	-0.31740	-13.57613	0.77964	0.06965	-0.25185	-0.85082	0.19035	0.99988	0.01485	0.00440	-0.01485	0.99989	0.00122	-0.00438	-0.00128	0.99999		1.30842	6.77899	1.78982	0.04345	-0.23348	4.47340	1.09537	0.99695	-0.07800	0.00408	0.07799	0.99695	0.00076	-0.00412	-0.00044	0.99999	
102	0.51000	-0.31039	-13.59094	0.78272	0.06585	-0.25201	-0.85747	0.20492	0.99988	0.01496	0.00440	-0.01497	0.99989	0.00115	-0.00438	-0.00122	0.99999		1.32728	6.78071	1.75628	0.02995	-0.23186	4.47237	1.08032	0.99695	-0.07798	0.00405	0.07798	0.99696	0.00052	-0.00408	-0.00021	0.99999	
103	0.51500	-0.31411	-13.57812	0.78531	0.06326	-0.25611	-0.85425	0.21404	0.99988	0.01491	0.00447	-0.01491	0.99989	0.00110	-0.00445	-0.00117	0.99999		1.33536	6.80768	1.72002	0.01794	-0.22781	4.47474	1.02501	0.99694	-0.07802	0.00398	0.07802	0.99695	0.00031	-0.00399	-0.00000	0.99999	
104	0.52000	-0.33548	-13.57951	0.79825	0.06277	-0.25137	-0.85317	0.20790	0.99988	0.01489	0.00439	-0.01489	0.99989	0.00110	-0.00437	-0.00116	0.99999		1.38474	6.80915	1.68511	0.00556	-0.22623	4.47368	1.01370	0.99695	-0.07800	0.00395	0.07800	0.99695	0.00010	-0.00394	0.00021	0.99999	
105	0.52500	-0.32208	-13.58493	0.79183	0.06134	-0.25569	-0.85655	0.21289	0.99988	0.01495	0.00446	-0.01495	0.99989	0.00107	-0.00445	-0.00114	0.99999		1.36290	6.81905	1.64213	-0.00667	-0.21976	4.46913	1.00210	0.99695	-0.07792	0.00384	0.07792	0.99696	-0.00012	-0.00381	0.00041	0.99999	
106	0.53000	-0.31409	-13.59868	0.80699	0.05759	-0.25279	-0.85090	0.20737	0.99988	0.01485	0.00441	-0.01485	0.99989	0.00101	-0.00440	-0.00107	0.99999		1.37857	6.81801	1.59875	-0.02146	-0.21587	4.46764	0.98282	0.99695	-0.07790	0.00377	0.07790	0.99696	-0.00037	-0.00373	0.00067	0.99999	
107	0.53500	-0.29224	-13.59987	0.79972	0.05603	-0.25175	-0.85077	0.20967	0.99988	0.01485	0.00439	-0.01485	0.99989	0.00098	-0.00438	-0.00104	0.99999		1.38975	6.83060	1.52774	-0.03299	-0.20583	4.46878	0.99345	0.99695	-0.07792	0.00359	0.07792	0.99696	-0.00058	-0.00354	0.00085	0.99999	
108	0.54000	-0.29244	-13.61465	0.80688	0.05307	-0.24780	-0.85390	0.20570	0.99988	0.01490	0.00432	-0.01491	0.99989	0.00093	-0.00431	-0.00099	0.99999		1.40113	6.84324	1.50025	-0.04431	-0.20478	4.46434	0.97938	0.99696	-0.07784	0.00357	0.07784	0.99697	-0.00077	-0.00350	0.00105	0.99999	
109	0.54500	-0.31364	-13.63154	0.81190	0.04967	-0.24645	-0.85356	0.20951	0.99988	0.01490	0.00430	-0.01490	0.99989	0.00087	-0.00429	-0.00093	0.99999		1.38512	6.84943	1.45428	-0.05719	-0.19713	4.46589	0.95363	0.99696	-0.07787	0.00344	0.07787	0.99696	-0.00100	-0.00335	0.00126	0.99999	
110	0.55000	-0.30875	-13.63124	0.82997	0.05091	-0.23322	-0.85472	0.22065	0.99988	0.01492	0.00407	-0.01492	0.99989	0.00089	-0.00406	-0.00095	0.99999		1.40346	6.84412	1.39551	-0.06891	-0.18921	4.46391	0.95328	0.99696	-0.07783	0.00330	0.07784	0.99697	-0.00120	-0.00320	0.00146	0.99999	
111	0.55500	-0.32616	-13.64663	0.81790	0.04980	-0.22910	-0.85347	0.20143	0.99988	0.01490	0.00400	-0.01490	0.99989	0.00087	-0.00399	-0.00093	0.99999		1.40848	6.85427	1.35593	-0.08071	-0.18363	4.46003	0.94932	0.99697	-0.07776	0.00321	0.07777	0.99697	-0.00141	-0.00309	0.00165	0.99999	
112	0.56000	-0.28933	-13.65356	0.83192	0.04828	-0.22045	-0.85308	0.21168	0.99988	0.01489	0.00385	-0.01489	0.99989	0.00084	-0.00383	-0.00090	0.99999		1.39183	6.87023	1.30905	-0.08975	-0.17765	4.45995	0.95510	0.99697	-0.07776	0.00310	0.07777	0.99697	-0.00157	-0.00297	0.00180	0.99999	
113	0.56500	-0.29843	-13.66741	0.82499	0.04856	-0.21263	-0.85470	0.21416	0.99988	0.01492	0.00371	-0.01492	0.99989	0.00085	-0.00370	-0.00090	0.99999		1.43600	6.86077	1.26558	-0.10194	-0.17070	4.45771	0.94265	0.99697	-0.07772	0.00298	0.07773	0.99697	-0.00178	-0.00283	0.00201	0.99999	
114	0.57000	-0.29853	-13.66430	0.80443	0.04979	-0.19861	-0.85196	0.21078	0.99988	0.01487	0.00347	-0.01487	0.99989	0.00087	-0.00345	-0.00092	0.99999		1.44858	6.89702	1.20529	-0.10740	-0.16263	4.45717	0.94559	0.99697	-0.07771	0.00284	0.07772	0.99697	-0.00187	-0.00268	0.00209	0.99999	
115	0.57500	-0.30008	-13.68230	0.82708	0.04758	-0.18707	-0.85312	0.20323	0.99988	0.01489	0.00327	-0.01489	0.99989	0.00083	-0.00325	-0.00088	0.99999		1.44872	6.90564	1.15372	-0.11879	-0.15143	4.45358	0.92989	0.99698	-0.07765	0.00264	0.07766	0.99698	-0.00207	-0.00247	0.00227	0.99999	
116	0.58000	-0.30479	-13.69578	0.80831	0.04782	-0.17688	-0.85606	0.21983	0.99988	0.01494	0.00309	-0.01494	0.99989	0.00083	-0.00307	-0.00088	0.99999		1.46145	6.90050	1.09343	-0.12976	-0.14421	4.45152	0.93299	0.99698	-0.07762	0.00252	0.07762	0.99698	-0.00226	-0.00233	0.00245	0.99999	
117	0.58500	-0.31856	-13.71721	0.81338	0.05027	-0.16068	-0.85610	0.20899	0.99988	0.01494	0.00280	-0.01494	0.99989	0.00088	-0.00279	-0.00092	1.00000		1.48562	6.95200	1.04917	-0.13321	-0.13610	4.45171	0.92684	0.99698	-0.07762	0.00238	0.07762	0.99698	-0.00232	-0.00219	0.00250	0.99999	
118	0.59000	-0.31050	-13.71578	0.81350	0.05187	-0.15104	-0.85302	0.20376	0.99989	0.01489	0.00264	-0.01489	0.99989	0.00091	-0.00262	-0.00094	1.00000		1.47996	6.93762	0.99115	-0.14394	-0.12472	4.44733	0.92829	0.99699	-0.07754	0.00218	0.07755	0.99699	-0.00251	-0.00198	0.00267	0.99999	
119	0.59500	-0.31552	-13.74588	0.80262	0.05153	-0.13156	-0.85834	0.21850	0.99989	0.01498	0.00230	-0.01498	0.99989	0.00090	-0.00228	-0.00093	1.00000		1.48121	6.95944	0.92240	-0.14952	-0.11684	4.44743	0.92689	0.99699	-0.07754	0.00204	0.07755	0.99699	-0.00261	-0.00183	0.00276	0.99999	
120	0.60000	-0.28972	-13.73624	0.80289	0.05586	-0.11712	-0.85939	0.21231	0.99989	0.01500	0.00204	-0.01500	0.99989	0.00097	-0.00203	-0.00101	1.00000		1.46086	6.96923	0.86081	-0.15648	-0.10728	4.44879	0.92467	0.99699	-0.07757	0.00187	0.07757	0.99698	-0.00273	-0.00165	0.00287	0.99999	
121	0.60500	-0.28840	-13.76590	0.80025	0.05603	-0.10602	-0.86263	0.21653	0.99988	0.01506	0.00185	-0.01506	0.99989	0.00098	-0.00184	-0.00101	1.00000		1.44954	6.98209	0.81803	-0.16385	-0.09404	4.44809	0.94017	0.99699	-0.07756	0.00164	0.07756	0.99698	-0.00286	-0.00141	0.00298	0.99999	
122	0.61000	-0.29926	-13.76631	0.78877	0.05869	-0.08546	-0.86004	0.20952	0.99989	0.01501	0.00149	-0.01501	0.99989	0.00102	-0.00148	-0.00105	1.00000		1.47246	6.99798	0.75869	-0.16885	-0.08691	4.44700	0.91159	0.99699	-0.07754	0.00152	0.07754	0.99698	-0.00295	-0.00128	0.00306	0.99999	
123	0.61500	-0.27711	-13.77972	0.78782	0.06201	-0.07011	-0.85836	0.20947	0.99989	0.01498	0.00122	-0.01498	0.99989	0.00108	-0.00121	-0.00110	1.00000		1.47884	6.99568	0.71323	-0.17449	-0.07552	4.44865	0.91015	0.99699	-0.07757	0.00132	0.07757	0.99698	-0.00305	-0.00108	0.00314	0.99999	
124	0.62000	-0.30945	-13.75235	0.74767	0.07096	-0.04979	-0.85838	0.18995	0.99989	0.01498	0.00087	-0.01498	0.99989	0.00124	-0.00085	-0.00125	1.00000		1.46076	7.01531	0.66624	-0.18068	-0.06781	4.44799	0.92289	0.99699	-0.07755	0.00118	0.07756	0.99698	-0.00315	-0.00094	0.00324	0.99999	
125	0.62500	-0.29410	-13.81123	0.77766	0.06504	-0.03249	-0.86112	0.21234	0.99989	0.01503	0.00057	-0.01503	0.99989	0.00114	-0.00055	-0.00114	1.00000		1.47509	7.02567	0.60249	-0.18379	-0.05631	4.44567	0.91424	0.99699	-0.07751	0.00098	0.07752	0.99699	-0.00321	-0.00073	0.00327	0.99999	
126	0.63000	-0.32023	-13.78707	0.73872	0.07636	-0.00943	-0.86654	0.20664	0.99989	0.01512	0.00016	-0.01512	0.99988	0.00133	-0.00014	-0.00134	1.00000		1.51104	7.05353	0.54710	-0.18559	-0.04926	4.44640	0.92787	0.99699	-0.07753	0.00086	0.07753	0.99698	-0.00324	-0.00061	0.00330	0.99999	
127	0.63500	-0.35670	-13.78075	0.72263	0.08003	0.01423	-0.86900	0.19947	0.99988	0.01517	-0.00025	-0.01517	0.99988	0.00140	0.00027	-0.00139	1.00000		1.48257	7.05848	0.50142	-0.19191	-0.03742	4.44166	0.91470	0.99700	-0.07744	0.00065	0.07745	0.99699	-0.00335	-0.00039	0.00339	0.99999	
128	0.64000	-0.30290	-13.81237	0.71912	0.08332	0.02798	-0.87435	0.21214	0.99988	0.01526	-0.00049	-0.01526	0.99988	0.00145	0.00051	-0.00145	1.00000		1.49710	7.06492	0.44181	-0.19456	-0.03100	4.44120	0.93065	0.99700	-0.07744	0.00054	0.07744	0.99699	-0.00340	-0.00028	0.00343	0.99999	
129	0.64500	-0.31778	-13.81091	0.70198	0.08500	0.04562	-0.87594	0.22118	0.99988	0.01529	-0.00080	-0.01529	0.99988	0.00148	0.00082	-0.00147	1.00000		1.48855	7.08413	0.38318	-0.19691	-0.02029	4.44198	0.91174	0.99700	-0.07745	0.00035	0.07745	0.99699	-0.00344	-0.00009	0.00345	0.99999	
130	0.65000	-0.34395	-13.82077	0.69383	0.08733	0.06394	-0.87483	0.20817	0.99988	0.01527	-0.00112	-0.01527	0.99988	0.00152	0.00114	-0.00151	1.00000		1.50304	7.08749	0.33755	-0.19847	-0.01391	4.44254	0.91825	0.99700	-0.07746	0.00024	0.07746	0.99699	-0.00346	0.00003	0.00347	0.99999	
131	0.65500	-0.31503	-13.84787	0.68973	0.08772	0.08273	-0.87194	0.20053	0.99988	0.01522	-0.00144	-0.01522	0.99988	0.00153	0.00147	-0.00151	1.00000		1.48843	7.08355	0.28082	-0.20258	-0.00452	4.44168	0.92238	0.99700	-0.07744	0.00008	0.07744	0.99699	-0.00354	0.00020	0.00353	0.99999	
132	0.66000	-0.31056	-13.85753	0.68623	0.09080	0.09381	-0.87649	0.19694	0.99988	0.01530	-0.00164	-0.01529	0.99988	0.00158	0.00166	-0.00156	1.00000		1.47361	7.11198	0.21761	-0.20201	0.00368	4.44053	0.91950	0.99700	-0.07742	-0.00006	0.07742	0.99699	-0.00353	0.00034	0.00351	0.99999	
133	0.66500	-0.28951	-13.87368	0.66244	0.09242	0.11467	-0.87821	0.20712	0.99988	0.01533	-0.00200	-0.01532	0.99988	0.00161	0.00203	-0.00158	1.00000		1.46693	7.09477	0.17180	-0.20463	0.01156	4.44430	0.92140	0.99699	-0.07749	-0.00020	0.07749	0.99699	-0.00357	0.00048	0.00355	0.99999	
134	0.67000	-0.28457	-13.88577	0.65551	0.09567	0.12843	-0.87890	0.21165	0.99988	0.01534	-0.00224	-0.01534	0.99988	0.00167	0.00227	-0.00164	1.00000		1.48716	7.11068	0.11704	-0.20526	0.01850	4.44101	0.91719	0.99700	-0.07743	-0.00032	0.07743	0.99699	-0.00358	0.00060	0.00355	0.99999	
135	0.67500	-0.30270	-13.89970	0.64955	0.09496	0.14501	-0.87855	0.20119	0.99988	0.01533	-0.00253	-0.01533	0.99988	0.00166	0.00256	-0.00162	1.00000		1.44948	7.12316	0.06586	-0.20561	0.02708	4.44437	0.90374	0.99699	-0.07749	-0.00047	0.07749	0.99699	-0.00359	0.00075	0.00354	0.99999	
136	0.68000	-0.33090	-13.92663	0.63593	0.09793	0.16317	-0.87930	0.20720	0.99988	0.01535	-0.00285	-0.01534	0.99988	0.00171	0.00287	-0.00167	0.99999		1.47647	7.09887	-0.00250	-0.20611	0.03208	4.44652	0.90055	0.99699	-0.07753	-0.00056	0.07753	0.99698	-0.00360	0.00084	0.00354	0.99999	
137	0.68500	-0.28959	-13.94152	0.60470	0.09816	0.17325	-0.87794	0.20169	0.99988	0.01532	-0.00302	-0.01532	0.99988	0.00171	0.00305	-0.00167	0.99999		1.44254	7.15231	-0.03810	-0.20175	0.04044	4.44351	0.92722	0.99699	-0.07748	-0.00071	0.07747	0.99699	-0.00352	0.00098	0.00346	0.99999	
138	0.69000	-0.28214	-13.94118	0.60311	0.09880	0.18705	-0.87118	0.19631	0.99988	0.01520	-0.00326	-0.01520	0.99988	0.00172	0.00329	-0.00167	0.99999		1.46036	7.14781	-0.06958	-0.20125	0.04595	4.44681	0.91585	0.99699	-0.07753	-0.00080	0.07753	0.99698	-0.00351	0.00107	0.00344	0.99999	
139	0.69500	-0.28742	-13.94636	0.58656	0.10516	0.20750	-0.88029	0.19682	0.99988	0.01536	-0.00362	-0.01536	0.99988	0.00184	0.00365	-0.00178	0.99999		1.47602	7.17049	-0.13532	-0.19726	0.04701	4.44690	0.92075	0.99699	-0.07754	-0.00082	0.07753	0.99698	-0.00344	0.00108	0.00337	0.99999	
140	0.70000	-0.27919	-13.96127	0.57944	0.10515	0.21569	-0.88072	0.21047	0.99987	0.01537	-0.00376	-0.01536	0.99988	0.00184	0.00379	-0.00178	0.99999		1.47669	7.18484	-0.18388	-0.19459	0.05055	4.44918	0.91659	0.99699	-0.07757	-0.00088	0.07757	0.99698	-0.00340	0.00114	0.00332	0.99999	
