NO_OF_FRAMES	12054
NO_OF_CAMERAS	8
NO_OF_BODIES	2
FREQUENCY	200
NO_OF_ANALOG	0
ANALOG_FREQUENCY	0
DESCRIPTION	--
TIME_STAMP	2013-07-05, 11:12:32	181966.19628530
DATA_INCLUDED	6D
BODY_NAMES	Ice 2 V2	Ice 3
Frame	Time	Ice 2 V2 X	Y	Z	Roll	Pitch	Yaw	Residual	Rot[0]	Rot[1]	Rot[2]	Rot[3]	Rot[4]	Rot[5]	Rot[6]	Rot[7]	Rot[8]	Ice 3 X	Y	Z	Roll	Pitch	Yaw	Residual	Rot[0]	Rot[1]	Rot[2]	Rot[3]	Rot[4]	Rot[5]	Rot[6]	Rot[7]	Rot[8]	
1	0.00500	0.54294	-13.96683	0.69012	0.24315	-0.07877	-0.90091	0.22332	0.99988	0.01572	0.00137	-0.01573	0.99987	0.00424	-0.00131	-0.00426	0.99999		-0.63701	6.74613	0.65336	0.10642	-0.01935	4.05939	1.70530	0.99749	-0.07079	0.00034	0.07079	0.99749	0.00186	-0.00047	-0.00183	1.00000	
2	0.01000	0.47654	-13.96456	0.68708	0.24034	-0.07403	-0.90017	0.22098	0.99988	0.01571	0.00129	-0.01572	0.99987	0.00419	-0.00123	-0.00421	0.99999		-0.60907	6.72895	0.64446	0.10516	-0.02011	4.05032	1.72161	0.99750	-0.07063	0.00035	0.07063	0.99750	0.00184	-0.00048	-0.00181	1.00000	
3	0.01500	0.47486	-13.95821	0.69222	0.24268	-0.07258	-0.90190	0.21706	0.99988	0.01574	0.00127	-0.01575	0.99987	0.00424	-0.00120	-0.00425	0.99999		-0.61256	6.71946	0.64249	0.10416	-0.01818	4.04974	1.70789	0.99750	-0.07062	0.00032	0.07062	0.99750	0.00182	-0.00044	-0.00179	1.00000	
4	0.02000	0.48129	-13.96654	0.68957	0.23670	-0.07692	-0.90062	0.21827	0.99988	0.01572	0.00134	-0.01572	0.99987	0.00413	-0.00128	-0.00415	0.99999		-0.61515	6.72975	0.63402	0.10433	-0.01757	4.04959	1.69330	0.99750	-0.07062	0.00031	0.07062	0.99750	0.00182	-0.00043	-0.00179	1.00000	
5	0.02500	0.50861	-13.94685	0.67242	0.23849	-0.07632	-0.90404	0.22836	0.99987	0.01578	0.00133	-0.01578	0.99987	0.00416	-0.00127	-0.00418	0.99999		-0.63345	6.73052	0.62997	0.10420	-0.01780	4.04873	1.71875	0.99750	-0.07060	0.00031	0.07060	0.99750	0.00182	-0.00044	-0.00179	1.00000	
6	0.03000	0.50092	-13.97258	0.67936	0.23479	-0.07497	-0.90388	0.23247	0.99987	0.01577	0.00131	-0.01578	0.99987	0.00410	-0.00124	-0.00412	0.99999		-0.59962	6.74744	0.63547	0.10643	-0.01832	4.04714	1.69974	0.99751	-0.07058	0.00032	0.07058	0.99750	0.00186	-0.00045	-0.00183	1.00000	
7	0.03500	0.48384	-13.94381	0.67828	0.23439	-0.07479	-0.90178	0.21584	0.99988	0.01574	0.00131	-0.01574	0.99987	0.00409	-0.00124	-0.00411	0.99999		-0.63342	6.73346	0.62198	0.10472	-0.01776	4.04945	1.69815	0.99750	-0.07062	0.00031	0.07062	0.99750	0.00183	-0.00044	-0.00180	1.00000	
8	0.04000	0.48380	-13.95295	0.67026	0.23311	-0.07001	-0.90401	0.21747	0.99987	0.01578	0.00122	-0.01578	0.99987	0.00407	-0.00116	-0.00409	0.99999		-0.63359	6.74237	0.62242	0.10414	-0.01896	4.05109	1.69541	0.99750	-0.07065	0.00033	0.07065	0.99750	0.00182	-0.00046	-0.00179	1.00000	
9	0.04500	0.51531	-13.94917	0.66155	0.23090	-0.07402	-0.90374	0.22463	0.99987	0.01577	0.00129	-0.01578	0.99987	0.00403	-0.00123	-0.00405	0.99999		-0.63037	6.74517	0.60906	0.10388	-0.01768	4.05114	1.69952	0.99750	-0.07065	0.00031	0.07065	0.99750	0.00181	-0.00044	-0.00179	1.00000	
10	0.05000	0.47096	-13.95767	0.67861	0.22584	-0.07331	-0.90077	0.21154	0.99988	0.01572	0.00128	-0.01573	0.99987	0.00394	-0.00122	-0.00396	0.99999		-0.62142	6.73582	0.60924	0.10211	-0.01945	4.04829	1.70150	0.99750	-0.07060	0.00034	0.07060	0.99750	0.00178	-0.00046	-0.00175	1.00000	
11	0.05500	0.50148	-13.95634	0.67428	0.22345	-0.07703	-0.90234	0.22221	0.99988	0.01575	0.00134	-0.01575	0.99987	0.00390	-0.00128	-0.00392	0.99999		-0.59441	6.75257	0.60381	0.10457	-0.02192	4.04937	1.70343	0.99750	-0.07062	0.00038	0.07062	0.99750	0.00183	-0.00051	-0.00179	1.00000	
12	0.06000	0.50168	-13.96622	0.67010	0.21959	-0.07926	-0.89965	0.22225	0.99988	0.01570	0.00138	-0.01571	0.99987	0.00383	-0.00132	-0.00385	0.99999		-0.59786	6.74810	0.59311	0.10300	-0.01959	4.04937	1.70784	0.99750	-0.07062	0.00034	0.07062	0.99750	0.00180	-0.00047	-0.00177	1.00000	
13	0.06500	0.50709	-13.93336	0.65530	0.21953	-0.07782	-0.90107	0.21635	0.99988	0.01573	0.00136	-0.01573	0.99987	0.00383	-0.00130	-0.00385	0.99999		-0.64405	6.74105	0.58517	0.09908	-0.01664	4.04981	1.71219	0.99750	-0.07062	0.00029	0.07062	0.99750	0.00173	-0.00041	-0.00170	1.00000	
14	0.07000	0.51995	-13.94933	0.66686	0.21610	-0.07592	-0.90029	0.21258	0.99988	0.01571	0.00133	-0.01572	0.99987	0.00377	-0.00127	-0.00379	0.99999		-0.59790	6.74177	0.58273	0.09911	-0.01920	4.05150	1.68894	0.99750	-0.07065	0.00034	0.07065	0.99750	0.00173	-0.00046	-0.00170	1.00000	
15	0.07500	0.49725	-13.94774	0.66204	0.21394	-0.07515	-0.89902	0.20547	0.99988	0.01569	0.00131	-0.01570	0.99987	0.00373	-0.00125	-0.00375	0.99999		-0.61296	6.74911	0.57442	0.09869	-0.01974	4.05173	1.69755	0.99750	-0.07066	0.00034	0.07066	0.99750	0.00172	-0.00047	-0.00169	1.00000	
16	0.08000	0.49715	-13.94367	0.64722	0.21082	-0.07814	-0.89775	0.22136	0.99988	0.01567	0.00136	-0.01567	0.99987	0.00368	-0.00131	-0.00370	0.99999		-0.58583	6.75110	0.56323	0.09908	-0.02097	4.04941	1.70899	0.99750	-0.07062	0.00037	0.07062	0.99750	0.00173	-0.00049	-0.00170	1.00000	
17	0.08500	0.51432	-13.92569	0.64830	0.21333	-0.07419	-0.90452	0.22001	0.99987	0.01579	0.00129	-0.01579	0.99987	0.00372	-0.00124	-0.00374	0.99999		-0.56484	6.75176	0.56985	0.09655	-0.02070	4.05136	1.69839	0.99750	-0.07065	0.00036	0.07065	0.99750	0.00169	-0.00048	-0.00166	1.00000	
18	0.09000	0.51053	-13.92784	0.63878	0.20812	-0.07622	-0.89946	0.20294	0.99988	0.01570	0.00133	-0.01570	0.99987	0.00363	-0.00127	-0.00365	0.99999		-0.59014	6.73039	0.55513	0.09275	-0.02001	4.05187	1.70217	0.99750	-0.07066	0.00035	0.07066	0.99750	0.00162	-0.00046	-0.00159	1.00000	
19	0.09500	0.51737	-13.92739	0.64073	0.20603	-0.07744	-0.89847	0.21910	0.99988	0.01568	0.00135	-0.01569	0.99987	0.00360	-0.00130	-0.00362	0.99999		-0.57372	6.76712	0.55246	0.09764	-0.01868	4.05288	1.69640	0.99750	-0.07068	0.00033	0.07068	0.99750	0.00170	-0.00045	-0.00168	1.00000	
20	0.10000	0.52715	-13.92414	0.63928	0.20308	-0.07760	-0.89787	0.21830	0.99988	0.01567	0.00135	-0.01567	0.99987	0.00354	-0.00130	-0.00357	0.99999		-0.56211	6.75239	0.54196	0.09261	-0.01908	4.04949	1.70117	0.99750	-0.07062	0.00033	0.07062	0.99750	0.00162	-0.00045	-0.00159	1.00000	
21	0.10500	0.49774	-13.92139	0.62158	0.20130	-0.07920	-0.89568	0.21302	0.99988	0.01563	0.00138	-0.01564	0.99987	0.00351	-0.00133	-0.00353	0.99999		-0.57736	6.76585	0.53097	0.09250	-0.02126	4.04947	1.69097	0.99750	-0.07062	0.00037	0.07062	0.99750	0.00161	-0.00048	-0.00158	1.00000	
22	0.11000	0.52925	-13.91960	0.62824	0.19934	-0.07953	-0.90125	0.21810	0.99988	0.01573	0.00139	-0.01573	0.99987	0.00348	-0.00133	-0.00350	0.99999		-0.54318	6.76544	0.52674	0.09231	-0.02159	4.05278	1.68066	0.99750	-0.07068	0.00038	0.07067	0.99750	0.00161	-0.00049	-0.00158	1.00000	
23	0.11500	0.50457	-13.89770	0.60938	0.20053	-0.07594	-0.89800	0.22320	0.99988	0.01567	0.00133	-0.01568	0.99987	0.00350	-0.00127	-0.00352	0.99999		-0.52492	6.75762	0.51455	0.08832	-0.02427	4.05400	1.68124	0.99750	-0.07070	0.00042	0.07070	0.99750	0.00154	-0.00053	-0.00151	1.00000	
24	0.12000	0.50567	-14.05164	0.51905	0.16191	-0.08125	-0.88806	0.19403	0.99988	0.01550	0.00142	-0.01550	0.99988	0.00283	-0.00137	-0.00285	0.99999		-0.47049	6.70822	0.58479	0.07788	-0.03583	4.04937	1.67570	0.99750	-0.07062	0.00063	0.07062	0.99750	0.00136	-0.00072	-0.00131	1.00000	
25	0.12500	0.48607	-14.01537	0.50298	0.16508	-0.07498	-0.89270	0.19034	0.99988	0.01558	0.00131	-0.01558	0.99987	0.00288	-0.00126	-0.00290	0.99999		-0.46922	6.68285	0.56901	0.07282	-0.03461	4.04899	1.68001	0.99750	-0.07061	0.00060	0.07061	0.99750	0.00127	-0.00069	-0.00123	1.00000	
26	0.13000	0.53691	-14.02879	0.49995	0.15715	-0.08486	-0.88639	0.19111	0.99988	0.01547	0.00148	-0.01547	0.99988	0.00274	-0.00144	-0.00277	1.00000		-0.42928	6.69996	0.57391	0.07406	-0.03908	4.05095	1.66491	0.99750	-0.07064	0.00068	0.07064	0.99750	0.00129	-0.00077	-0.00124	1.00000	
27	0.13500	0.50758	-14.03530	0.47759	0.15566	-0.08227	-0.88437	0.20203	0.99988	0.01543	0.00144	-0.01544	0.99988	0.00272	-0.00139	-0.00274	1.00000		-0.43759	6.69688	0.55882	0.07308	-0.03791	4.04734	1.66895	0.99751	-0.07058	0.00066	0.07058	0.99751	0.00128	-0.00075	-0.00123	1.00000	
28	0.14000	0.50240	-14.02245	0.47507	0.15618	-0.07835	-0.88862	0.19866	0.99988	0.01551	0.00137	-0.01551	0.99988	0.00273	-0.00133	-0.00275	1.00000		-0.42268	6.69799	0.54931	0.07048	-0.03991	4.04830	1.68355	0.99750	-0.07060	0.00070	0.07060	0.99750	0.00123	-0.00078	-0.00118	1.00000	
29	0.14500	0.48136	-14.03062	0.46284	0.15292	-0.07601	-0.88732	0.18764	0.99988	0.01549	0.00133	-0.01549	0.99988	0.00267	-0.00129	-0.00269	1.00000		-0.43132	6.71407	0.53968	0.06946	-0.03613	4.05059	1.66948	0.99750	-0.07064	0.00063	0.07064	0.99750	0.00121	-0.00071	-0.00116	1.00000	
30	0.15000	0.51255	-14.01845	0.46739	0.14958	-0.08098	-0.88541	0.19588	0.99988	0.01545	0.00141	-0.01546	0.99988	0.00261	-0.00137	-0.00263	1.00000		-0.44045	6.70219	0.53636	0.06802	-0.03658	4.04940	1.66720	0.99750	-0.07062	0.00064	0.07062	0.99750	0.00119	-0.00072	-0.00114	1.00000	
31	0.15500	0.51962	-14.02073	0.44138	0.14699	-0.08225	-0.88594	0.19484	0.99988	0.01546	0.00144	-0.01547	0.99988	0.00257	-0.00140	-0.00259	1.00000		-0.44031	6.68913	0.53359	0.06363	-0.03481	4.05027	1.65462	0.99750	-0.07063	0.00061	0.07063	0.99750	0.00111	-0.00068	-0.00106	1.00000	
32	0.16000	0.53165	-14.03082	0.45026	0.14395	-0.08156	-0.88417	0.18440	0.99988	0.01543	0.00142	-0.01543	0.99988	0.00251	-0.00138	-0.00253	1.00000		-0.40279	6.70823	0.52860	0.06554	-0.03737	4.04873	1.66263	0.99750	-0.07060	0.00065	0.07060	0.99750	0.00114	-0.00073	-0.00109	1.00000	
33	0.16500	0.55252	-14.03224	0.44062	0.13953	-0.08645	-0.88823	0.18477	0.99988	0.01550	0.00151	-0.01551	0.99988	0.00244	-0.00147	-0.00246	1.00000		-0.42134	6.70658	0.51668	0.06359	-0.03744	4.04953	1.65112	0.99750	-0.07062	0.00065	0.07062	0.99750	0.00111	-0.00073	-0.00106	1.00000	
34	0.17000	0.49504	-14.00386	0.43105	0.14509	-0.07880	-0.88538	0.18203	0.99988	0.01545	0.00138	-0.01546	0.99988	0.00253	-0.00134	-0.00255	1.00000		-0.41556	6.69726	0.51356	0.06130	-0.03675	4.04937	1.65523	0.99750	-0.07062	0.00064	0.07062	0.99750	0.00107	-0.00072	-0.00102	1.00000	
35	0.17500	0.53947	-14.03060	0.44380	0.13766	-0.08628	-0.88288	0.18387	0.99988	0.01541	0.00151	-0.01541	0.99988	0.00240	-0.00147	-0.00243	1.00000		-0.36803	6.71675	0.51572	0.06135	-0.03887	4.04973	1.67019	0.99750	-0.07062	0.00068	0.07062	0.99750	0.00107	-0.00075	-0.00102	1.00000	
36	0.18000	0.51929	-14.03742	0.42705	0.13460	-0.08514	-0.88508	0.17508	0.99988	0.01545	0.00149	-0.01545	0.99988	0.00235	-0.00145	-0.00237	1.00000		-0.39115	6.72356	0.49935	0.06046	-0.03838	4.04770	1.66153	0.99751	-0.07059	0.00067	0.07059	0.99751	0.00106	-0.00074	-0.00101	1.00000	
37	0.18500	0.53485	-13.99997	0.41190	0.13982	-0.08131	-0.88286	0.18733	0.99988	0.01541	0.00142	-0.01541	0.99988	0.00244	-0.00138	-0.00246	1.00000		-0.37987	6.69954	0.49883	0.05899	-0.03898	4.04850	1.66806	0.99750	-0.07060	0.00068	0.07060	0.99750	0.00103	-0.00075	-0.00098	1.00000	
38	0.19000	0.53462	-13.99884	0.40012	0.14153	-0.08299	-0.88370	0.19011	0.99988	0.01542	0.00145	-0.01543	0.99988	0.00247	-0.00141	-0.00249	1.00000		-0.39758	6.71228	0.49157	0.05674	-0.03402	4.04551	1.65862	0.99751	-0.07055	0.00059	0.07055	0.99751	0.00099	-0.00066	-0.00095	1.00000	
39	0.19500	0.52661	-14.01432	0.40594	0.13458	-0.08757	-0.88360	0.19560	0.99988	0.01542	0.00153	-0.01542	0.99988	0.00235	-0.00149	-0.00237	1.00000		-0.38586	6.71219	0.48640	0.05658	-0.03730	4.05021	1.64838	0.99750	-0.07063	0.00065	0.07063	0.99750	0.00099	-0.00072	-0.00094	1.00000	
40	0.20000	0.53014	-13.99058	0.37878	0.13675	-0.08116	-0.88186	0.19236	0.99988	0.01539	0.00142	-0.01539	0.99988	0.00239	-0.00138	-0.00241	1.00000		-0.34231	6.69472	0.49222	0.05386	-0.03810	4.04768	1.66777	0.99751	-0.07059	0.00066	0.07059	0.99751	0.00094	-0.00073	-0.00089	1.00000	
41	0.20500	0.53801	-14.00358	0.38448	0.13361	-0.08308	-0.88113	0.18859	0.99988	0.01538	0.00145	-0.01538	0.99988	0.00233	-0.00141	-0.00235	1.00000		-0.37314	6.71464	0.48660	0.05450	-0.03761	4.04709	1.65305	0.99751	-0.07058	0.00066	0.07058	0.99751	0.00095	-0.00072	-0.00090	1.00000	
42	0.21000	0.51283	-14.01043	0.39032	0.13191	-0.08298	-0.88444	0.17955	0.99988	0.01544	0.00145	-0.01544	0.99988	0.00230	-0.00141	-0.00232	1.00000		-0.36361	6.71421	0.48081	0.05474	-0.03576	4.04901	1.64748	0.99750	-0.07061	0.00062	0.07061	0.99750	0.00096	-0.00069	-0.00091	1.00000	
43	0.21500	0.54486	-14.00209	0.36386	0.13138	-0.08429	-0.87798	0.20649	0.99988	0.01532	0.00147	-0.01533	0.99988	0.00229	-0.00144	-0.00232	1.00000		-0.35955	6.70246	0.47512	0.05261	-0.03675	4.04713	1.64780	0.99751	-0.07058	0.00064	0.07058	0.99751	0.00092	-0.00070	-0.00087	1.00000	
44	0.22000	0.54197	-13.99338	0.35326	0.13228	-0.08350	-0.88518	0.19082	0.99988	0.01545	0.00146	-0.01545	0.99988	0.00231	-0.00142	-0.00233	1.00000		-0.36580	6.71387	0.47074	0.05133	-0.03511	4.04646	1.66611	0.99751	-0.07057	0.00061	0.07056	0.99751	0.00090	-0.00067	-0.00085	1.00000	
45	0.22500	0.55948	-14.00763	0.35682	0.12620	-0.09156	-0.88175	0.18512	0.99988	0.01539	0.00160	-0.01539	0.99988	0.00220	-0.00156	-0.00223	1.00000		-0.36316	6.70692	0.45663	0.05018	-0.03563	4.04630	1.66608	0.99751	-0.07056	0.00062	0.07056	0.99751	0.00088	-0.00068	-0.00083	1.00000	
46	0.23000	0.56507	-14.01244	0.36535	0.12706	-0.08885	-0.88050	0.18367	0.99988	0.01537	0.00155	-0.01537	0.99988	0.00222	-0.00152	-0.00224	1.00000		-0.33011	6.71870	0.47067	0.05252	-0.03768	4.04679	1.65403	0.99751	-0.07057	0.00066	0.07057	0.99751	0.00092	-0.00072	-0.00087	1.00000	
47	0.23500	0.52511	-13.99525	0.35258	0.12963	-0.08226	-0.88002	0.18450	0.99988	0.01536	0.00144	-0.01536	0.99988	0.00226	-0.00140	-0.00228	1.00000		-0.36911	6.72430	0.45647	0.05170	-0.03429	4.04837	1.62918	0.99750	-0.07060	0.00060	0.07060	0.99750	0.00090	-0.00066	-0.00086	1.00000	
48	0.24000	0.52034	-13.97259	0.33470	0.13380	-0.08336	-0.88119	0.20110	0.99988	0.01538	0.00145	-0.01538	0.99988	0.00234	-0.00142	-0.00236	1.00000		-0.33013	6.71591	0.46407	0.05148	-0.03593	4.04829	1.64272	0.99750	-0.07060	0.00063	0.07060	0.99750	0.00090	-0.00069	-0.00085	1.00000	
49	0.24500	0.52715	-13.97834	0.32651	0.13055	-0.08244	-0.87522	0.19603	0.99988	0.01527	0.00144	-0.01528	0.99988	0.00228	-0.00140	-0.00230	1.00000		-0.32897	6.70821	0.46315	0.04858	-0.03609	4.04769	1.64134	0.99751	-0.07059	0.00063	0.07059	0.99751	0.00085	-0.00069	-0.00080	1.00000	
50	0.25000	0.51093	-13.97570	0.32523	0.13239	-0.08272	-0.88157	0.20511	0.99988	0.01539	0.00144	-0.01539	0.99988	0.00231	-0.00141	-0.00233	1.00000		-0.33825	6.70768	0.45709	0.04981	-0.03464	4.04674	1.65860	0.99751	-0.07057	0.00060	0.07057	0.99751	0.00087	-0.00066	-0.00082	1.00000	
51	0.25500	0.51521	-13.97339	0.32176	0.12988	-0.08434	-0.87922	0.19297	0.99988	0.01534	0.00147	-0.01535	0.99988	0.00227	-0.00144	-0.00229	1.00000		-0.31233	6.71319	0.46562	0.05209	-0.04044	4.04884	1.67110	0.99750	-0.07061	0.00071	0.07061	0.99750	0.00091	-0.00077	-0.00086	1.00000	
52	0.26000	0.51656	-13.97222	0.33653	0.13030	-0.08387	-0.87784	0.17985	0.99988	0.01532	0.00146	-0.01532	0.99988	0.00227	-0.00143	-0.00230	1.00000		-0.32720	6.71564	0.46170	0.04986	-0.03626	4.04776	1.64134	0.99751	-0.07059	0.00063	0.07059	0.99751	0.00087	-0.00069	-0.00082	1.00000	
53	0.26500	0.54230	-14.00198	0.33041	0.12405	-0.08839	-0.87668	0.18919	0.99988	0.01530	0.00154	-0.01530	0.99988	0.00217	-0.00151	-0.00219	1.00000		-0.30609	6.69803	0.44650	0.04968	-0.03840	4.04962	1.64577	0.99750	-0.07062	0.00067	0.07062	0.99750	0.00087	-0.00073	-0.00082	1.00000	
54	0.27000	0.53230	-13.99860	0.31644	0.12605	-0.08882	-0.87897	0.20097	0.99988	0.01534	0.00155	-0.01534	0.99988	0.00220	-0.00152	-0.00222	1.00000		-0.31941	6.71181	0.45169	0.05187	-0.03598	4.04997	1.64582	0.99750	-0.07063	0.00063	0.07063	0.99750	0.00091	-0.00069	-0.00086	1.00000	
55	0.27500	0.52339	-13.99879	0.31290	0.12525	-0.08815	-0.87878	0.17887	0.99988	0.01534	0.00154	-0.01534	0.99988	0.00219	-0.00150	-0.00221	1.00000		-0.33276	6.71950	0.44259	0.05205	-0.03539	4.04770	1.66271	0.99751	-0.07059	0.00062	0.07059	0.99751	0.00091	-0.00068	-0.00086	1.00000	
56	0.28000	0.53121	-13.97184	0.30754	0.13136	-0.08549	-0.87833	0.19978	0.99988	0.01533	0.00149	-0.01533	0.99988	0.00229	-0.00146	-0.00232	1.00000		-0.31344	6.72591	0.45801	0.05482	-0.03540	4.04762	1.65446	0.99751	-0.07059	0.00062	0.07059	0.99751	0.00096	-0.00068	-0.00091	1.00000	
57	0.28500	0.51825	-13.97528	0.29526	0.13210	-0.08487	-0.88088	0.20226	0.99988	0.01537	0.00148	-0.01538	0.99988	0.00231	-0.00145	-0.00233	1.00000		-0.32613	6.72601	0.45891	0.05528	-0.03509	4.04621	1.66586	0.99751	-0.07056	0.00061	0.07056	0.99751	0.00096	-0.00068	-0.00092	1.00000	
58	0.29000	0.52482	-13.98093	0.29329	0.13138	-0.08549	-0.88148	0.19689	0.99988	0.01538	0.00149	-0.01539	0.99988	0.00229	-0.00146	-0.00232	1.00000		-0.32993	6.70775	0.44721	0.05403	-0.03470	4.04903	1.66580	0.99750	-0.07061	0.00061	0.07061	0.99750	0.00094	-0.00067	-0.00090	1.00000	
59	0.29500	0.53054	-13.98378	0.29854	0.13041	-0.08302	-0.88080	0.19584	0.99988	0.01537	0.00145	-0.01538	0.99988	0.00228	-0.00141	-0.00230	1.00000		-0.32783	6.69808	0.45630	0.05548	-0.03547	4.04845	1.66825	0.99750	-0.07060	0.00062	0.07060	0.99750	0.00097	-0.00069	-0.00092	1.00000	
60	0.30000	0.53151	-13.98535	0.29371	0.13192	-0.08315	-0.87823	0.19250	0.99988	0.01533	0.00145	-0.01533	0.99988	0.00230	-0.00142	-0.00232	1.00000		-0.34009	6.68989	0.44638	0.05396	-0.03356	4.04845	1.66834	0.99750	-0.07060	0.00059	0.07060	0.99750	0.00094	-0.00065	-0.00090	1.00000	
61	0.30500	0.51924	-13.97307	0.28770	0.13278	-0.08360	-0.87724	0.20044	0.99988	0.01531	0.00146	-0.01531	0.99988	0.00232	-0.00142	-0.00234	1.00000		-0.32324	6.69181	0.45843	0.05596	-0.03321	4.04834	1.66019	0.99750	-0.07060	0.00058	0.07060	0.99750	0.00098	-0.00065	-0.00093	1.00000	
62	0.31000	0.54351	-13.97854	0.27933	0.13326	-0.08604	-0.87799	0.18855	0.99988	0.01532	0.00150	-0.01533	0.99988	0.00233	-0.00147	-0.00235	1.00000		-0.33518	6.69509	0.45543	0.05709	-0.03625	4.04741	1.68099	0.99751	-0.07058	0.00063	0.07058	0.99751	0.00100	-0.00070	-0.00095	1.00000	
63	0.31500	0.53818	-13.99563	0.29161	0.12937	-0.08487	-0.87756	0.18627	0.99988	0.01532	0.00148	-0.01532	0.99988	0.00226	-0.00145	-0.00228	1.00000		-0.29406	6.67886	0.46241	0.05787	-0.03694	4.04748	1.68176	0.99751	-0.07058	0.00064	0.07058	0.99751	0.00101	-0.00071	-0.00096	1.00000	
64	0.32000	0.50966	-13.95956	0.27333	0.13700	-0.07964	-0.87800	0.19911	0.99988	0.01532	0.00139	-0.01533	0.99988	0.00239	-0.00135	-0.00241	1.00000		-0.30059	6.68624	0.46071	0.05984	-0.03755	4.04763	1.67756	0.99751	-0.07059	0.00066	0.07059	0.99751	0.00104	-0.00073	-0.00100	1.00000	
65	0.32500	0.51632	-13.97208	0.28667	0.13565	-0.07902	-0.87980	0.19513	0.99988	0.01535	0.00138	-0.01536	0.99988	0.00237	-0.00134	-0.00239	1.00000		-0.34558	6.67710	0.45740	0.06012	-0.03540	4.04789	1.68079	0.99751	-0.07059	0.00062	0.07059	0.99750	0.00105	-0.00069	-0.00100	1.00000	
66	0.33000	0.48672	-13.95693	0.29098	0.13692	-0.07567	-0.87732	0.20665	0.99988	0.01531	0.00132	-0.01531	0.99988	0.00239	-0.00128	-0.00241	1.00000		-0.28607	6.67147	0.46479	0.06221	-0.04061	4.04850	1.67375	0.99750	-0.07060	0.00071	0.07060	0.99750	0.00109	-0.00078	-0.00103	1.00000	
67	0.33500	0.51135	-13.99024	0.28643	0.13190	-0.08417	-0.87483	0.20064	0.99988	0.01527	0.00147	-0.01527	0.99988	0.00230	-0.00143	-0.00232	1.00000		-0.34461	6.67624	0.45484	0.06226	-0.03419	4.04719	1.68814	0.99751	-0.07058	0.00060	0.07058	0.99751	0.00109	-0.00067	-0.00104	1.00000	
68	0.34000	0.51316	-13.96730	0.28717	0.13700	-0.08476	-0.87527	0.20131	0.99988	0.01528	0.00148	-0.01528	0.99988	0.00239	-0.00144	-0.00241	1.00000		-0.29966	6.68110	0.46565	0.06680	-0.03857	4.04864	1.67860	0.99750	-0.07060	0.00067	0.07060	0.99750	0.00117	-0.00075	-0.00112	1.00000	
69	0.34500	0.51002	-13.96054	0.27260	0.13895	-0.07943	-0.87604	0.19716	0.99988	0.01529	0.00139	-0.01529	0.99988	0.00243	-0.00135	-0.00245	1.00000		-0.33950	6.67533	0.46375	0.06672	-0.03568	4.04700	1.68685	0.99751	-0.07057	0.00062	0.07057	0.99751	0.00116	-0.00070	-0.00112	1.00000	
70	0.35000	0.53032	-13.97886	0.28750	0.13664	-0.08092	-0.87728	0.21009	0.99988	0.01531	0.00141	-0.01531	0.99988	0.00238	-0.00138	-0.00241	1.00000		-0.29158	6.68578	0.47683	0.07089	-0.04003	4.05011	1.69326	0.99750	-0.07063	0.00070	0.07063	0.99750	0.00124	-0.00078	-0.00118	1.00000	
71	0.35500	0.51205	-13.97119	0.28355	0.13983	-0.08301	-0.87880	0.21989	0.99988	0.01534	0.00145	-0.01534	0.99988	0.00244	-0.00141	-0.00246	1.00000		-0.31557	6.67780	0.47288	0.07248	-0.03999	4.05119	1.66701	0.99750	-0.07065	0.00070	0.07065	0.99750	0.00127	-0.00079	-0.00121	1.00000	
72	0.36000	0.50681	-13.96802	0.29345	0.13864	-0.08027	-0.87581	0.21754	0.99988	0.01529	0.00140	-0.01529	0.99988	0.00242	-0.00136	-0.00244	1.00000		-0.33023	6.67731	0.47744	0.07362	-0.03766	4.05030	1.68402	0.99750	-0.07063	0.00066	0.07063	0.99750	0.00128	-0.00075	-0.00124	1.00000	
73	0.36500	0.50039	-13.95929	0.28224	0.13989	-0.08018	-0.87582	0.20105	0.99988	0.01529	0.00140	-0.01529	0.99988	0.00244	-0.00136	-0.00246	1.00000		-0.32929	6.67436	0.48671	0.07445	-0.03820	4.04800	1.68798	0.99751	-0.07059	0.00067	0.07059	0.99750	0.00130	-0.00076	-0.00125	1.00000	
74	0.37000	0.51991	-13.98664	0.29175	0.13679	-0.08363	-0.87754	0.21830	0.99988	0.01532	0.00146	-0.01532	0.99988	0.00239	-0.00142	-0.00241	1.00000		-0.29440	6.66871	0.47406	0.07645	-0.03909	4.05051	1.68065	0.99750	-0.07064	0.00068	0.07063	0.99750	0.00133	-0.00077	-0.00128	1.00000	
75	0.37500	0.51782	-13.96357	0.29822	0.14076	-0.07947	-0.87207	0.21494	0.99988	0.01522	0.00139	-0.01522	0.99988	0.00246	-0.00135	-0.00248	1.00000		-0.33520	6.66528	0.46771	0.07854	-0.03596	4.05062	1.70944	0.99750	-0.07064	0.00063	0.07064	0.99750	0.00137	-0.00072	-0.00132	1.00000	
76	0.38000	0.49990	-13.98330	0.31361	0.13763	-0.08104	-0.87070	0.20550	0.99988	0.01520	0.00141	-0.01520	0.99988	0.00240	-0.00138	-0.00242	1.00000		-0.29532	6.67810	0.48969	0.08190	-0.04095	4.05101	1.69323	0.99750	-0.07064	0.00071	0.07064	0.99750	0.00143	-0.00081	-0.00138	1.00000	
77	0.38500	0.51853	-13.96917	0.28966	0.14302	-0.07362	-0.87321	0.20484	0.99988	0.01524	0.00128	-0.01524	0.99988	0.00250	-0.00125	-0.00252	1.00000		-0.30408	6.65302	0.48879	0.08049	-0.04029	4.04894	1.69876	0.99750	-0.07061	0.00070	0.07061	0.99750	0.00140	-0.00080	-0.00135	1.00000	
78	0.39000	0.50807	-13.98636	0.30146	0.14087	-0.08230	-0.87902	0.19421	0.99988	0.01534	0.00144	-0.01534	0.99988	0.00246	-0.00140	-0.00248	1.00000		-0.32787	6.66921	0.49238	0.08506	-0.03807	4.04730	1.71370	0.99751	-0.07058	0.00066	0.07058	0.99751	0.00148	-0.00077	-0.00143	1.00000	
79	0.39500	0.49297	-14.00417	0.32424	0.13848	-0.07825	-0.87204	0.19636	0.99988	0.01522	0.00137	-0.01522	0.99988	0.00242	-0.00133	-0.00244	1.00000		-0.30530	6.68244	0.49597	0.08764	-0.04162	4.04833	1.71134	0.99750	-0.07060	0.00073	0.07060	0.99750	0.00153	-0.00083	-0.00147	1.00000	
80	0.40000	0.47695	-13.98515	0.31556	0.14215	-0.07573	-0.87179	0.20443	0.99988	0.01522	0.00132	-0.01522	0.99988	0.00248	-0.00128	-0.00250	1.00000		-0.33895	6.65819	0.49437	0.08614	-0.04008	4.04709	1.72073	0.99751	-0.07058	0.00070	0.07058	0.99751	0.00150	-0.00080	-0.00145	1.00000	
81	0.40500	0.51032	-13.97492	0.30826	0.14357	-0.07843	-0.87881	0.20631	0.99988	0.01534	0.00137	-0.01534	0.99988	0.00251	-0.00133	-0.00253	1.00000		-0.34543	6.67301	0.49847	0.09017	-0.03894	4.04784	1.72202	0.99751	-0.07059	0.00068	0.07059	0.99750	0.00157	-0.00079	-0.00152	1.00000	
82	0.41000	0.46988	-13.98196	0.31911	0.14349	-0.07336	-0.87287	0.20515	0.99988	0.01523	0.00128	-0.01524	0.99988	0.00250	-0.00124	-0.00252	1.00000		-0.33572	6.66766	0.51081	0.09344	-0.04259	4.05006	1.71205	0.99750	-0.07063	0.00074	0.07063	0.99750	0.00163	-0.00086	-0.00157	1.00000	
83	0.41500	0.46147	-13.97887	0.32174	0.14350	-0.07376	-0.87597	0.21046	0.99988	0.01529	0.00129	-0.01529	0.99988	0.00250	-0.00125	-0.00252	1.00000		-0.32288	6.65753	0.51874	0.09334	-0.04172	4.04913	1.72382	0.99750	-0.07061	0.00073	0.07061	0.99750	0.00163	-0.00084	-0.00157	1.00000	
84	0.42000	0.47034	-13.98784	0.32617	0.14139	-0.07449	-0.87157	0.20815	0.99988	0.01521	0.00130	-0.01521	0.99988	0.00247	-0.00126	-0.00249	1.00000		-0.34609	6.65420	0.50973	0.09495	-0.04313	4.05032	1.72474	0.99750	-0.07063	0.00075	0.07063	0.99750	0.00166	-0.00087	-0.00160	1.00000	
85	0.42500	0.45508	-13.98764	0.32629	0.14178	-0.07385	-0.86852	0.21775	0.99988	0.01516	0.00129	-0.01516	0.99988	0.00247	-0.00125	-0.00249	1.00000		-0.38053	6.65265	0.51512	0.09501	-0.03920	4.04957	1.72286	0.99750	-0.07062	0.00068	0.07062	0.99750	0.00166	-0.00080	-0.00161	1.00000	
86	0.43000	0.46377	-13.98234	0.33705	0.14457	-0.07007	-0.87326	0.20678	0.99988	0.01524	0.00122	-0.01524	0.99988	0.00252	-0.00118	-0.00254	1.00000		-0.34995	6.66105	0.52231	0.09749	-0.04253	4.04943	1.74172	0.99750	-0.07062	0.00074	0.07062	0.99750	0.00170	-0.00086	-0.00164	1.00000	
87	0.43500	0.46539	-13.97677	0.34946	0.14575	-0.07048	-0.87328	0.20641	0.99988	0.01524	0.00123	-0.01524	0.99988	0.00254	-0.00119	-0.00256	1.00000		-0.37522	6.64903	0.53569	0.09661	-0.04210	4.04836	1.73533	0.99750	-0.07060	0.00073	0.07060	0.99750	0.00169	-0.00085	-0.00163	1.00000	
88	0.44000	0.49830	-14.01223	0.35894	0.14094	-0.08070	-0.87491	0.21835	0.99988	0.01527	0.00141	-0.01527	0.99988	0.00246	-0.00137	-0.00248	1.00000		-0.34706	6.65759	0.53330	0.10161	-0.04356	4.05007	1.72581	0.99750	-0.07063	0.00076	0.07063	0.99750	0.00177	-0.00088	-0.00172	1.00000	
89	0.44500	0.45732	-13.97785	0.35665	0.14615	-0.06789	-0.87428	0.20433	0.99988	0.01526	0.00118	-0.01526	0.99988	0.00255	-0.00115	-0.00257	1.00000		-0.34927	6.65723	0.53683	0.10323	-0.04335	4.05150	1.72575	0.99750	-0.07065	0.00076	0.07065	0.99750	0.00180	-0.00088	-0.00174	1.00000	
90	0.45000	0.45934	-13.99139	0.34948	0.14350	-0.07453	-0.86945	0.21383	0.99988	0.01517	0.00130	-0.01518	0.99988	0.00250	-0.00126	-0.00252	1.00000		-0.37515	6.65684	0.53900	0.10284	-0.04232	4.05140	1.73130	0.99750	-0.07065	0.00074	0.07065	0.99750	0.00179	-0.00086	-0.00174	1.00000	
91	0.45500	0.46285	-13.99704	0.35837	0.14358	-0.07194	-0.86650	0.22807	0.99988	0.01512	0.00126	-0.01513	0.99988	0.00251	-0.00122	-0.00252	1.00000		-0.36202	6.62266	0.54775	0.10105	-0.04369	4.05082	1.73966	0.99750	-0.07064	0.00076	0.07064	0.99750	0.00176	-0.00089	-0.00171	1.00000	
92	0.46000	0.44878	-13.97808	0.36624	0.14816	-0.06994	-0.87239	0.21052	0.99988	0.01523	0.00122	-0.01523	0.99988	0.00259	-0.00118	-0.00260	1.00000		-0.37290	6.63678	0.55221	0.10439	-0.04333	4.05370	1.73350	0.99750	-0.07069	0.00076	0.07069	0.99750	0.00182	-0.00088	-0.00176	1.00000	
93	0.46500	0.45981	-13.99365	0.37095	0.14547	-0.07516	-0.87257	0.22849	0.99988	0.01523	0.00131	-0.01523	0.99988	0.00254	-0.00127	-0.00256	1.00000		-0.37121	6.63553	0.55777	0.10341	-0.04406	4.04656	1.75412	0.99751	-0.07057	0.00077	0.07057	0.99751	0.00180	-0.00089	-0.00175	1.00000	
94	0.47000	0.43622	-14.00112	0.37942	0.14781	-0.06679	-0.87250	0.21042	0.99988	0.01523	0.00117	-0.01523	0.99988	0.00258	-0.00113	-0.00260	1.00000		-0.38222	6.63282	0.55824	0.10407	-0.04388	4.05069	1.73252	0.99750	-0.07064	0.00077	0.07064	0.99750	0.00182	-0.00089	-0.00176	1.00000	
95	0.47500	0.41478	-13.99188	0.38310	0.14633	-0.06858	-0.87243	0.21106	0.99988	0.01523	0.00120	-0.01523	0.99988	0.00255	-0.00116	-0.00257	1.00000		-0.36489	6.63351	0.57206	0.10646	-0.04543	4.04903	1.73527	0.99750	-0.07061	0.00079	0.07061	0.99750	0.00186	-0.00092	-0.00180	1.00000	
96	0.48000	0.43702	-14.01277	0.39574	0.14439	-0.06917	-0.87500	0.21545	0.99988	0.01527	0.00121	-0.01527	0.99988	0.00252	-0.00117	-0.00254	1.00000		-0.38161	6.64879	0.56888	0.10566	-0.04544	4.04797	1.74380	0.99751	-0.07059	0.00079	0.07059	0.99750	0.00184	-0.00092	-0.00178	1.00000	
97	0.48500	0.47229	-14.01418	0.40337	0.14434	-0.07622	-0.87433	0.22206	0.99988	0.01526	0.00133	-0.01526	0.99988	0.00252	-0.00129	-0.00254	1.00000		-0.37889	6.65267	0.57249	0.10635	-0.04586	4.04799	1.74371	0.99750	-0.07059	0.00080	0.07059	0.99750	0.00186	-0.00093	-0.00179	1.00000	
98	0.49000	0.42946	-14.00998	0.41528	0.14299	-0.07097	-0.87430	0.19791	0.99988	0.01526	0.00124	-0.01526	0.99988	0.00250	-0.00120	-0.00251	1.00000		-0.38167	6.64158	0.57235	0.10615	-0.04569	4.04927	1.74365	0.99750	-0.07061	0.00080	0.07061	0.99750	0.00185	-0.00093	-0.00179	1.00000	
99	0.49500	0.38698	-13.98341	0.41462	0.14919	-0.06440	-0.87064	0.21766	0.99988	0.01519	0.00112	-0.01520	0.99988	0.00260	-0.00108	-0.00262	1.00000		-0.40928	6.64045	0.58287	0.10552	-0.04117	4.04818	1.74647	0.99750	-0.07060	0.00072	0.07059	0.99750	0.00184	-0.00085	-0.00179	1.00000	
100	0.50000	0.39932	-14.00704	0.41871	0.14873	-0.06700	-0.87211	0.20839	0.99988	0.01522	0.00117	-0.01522	0.99988	0.00260	-0.00113	-0.00261	1.00000		-0.38510	6.64450	0.59872	0.10738	-0.04681	4.04933	1.73973	0.99750	-0.07062	0.00082	0.07061	0.99750	0.00187	-0.00095	-0.00181	1.00000	
101	0.50500	0.40425	-13.99790	0.41720	0.14985	-0.06633	-0.87459	0.20626	0.99988	0.01526	0.00116	-0.01527	0.99988	0.00262	-0.00112	-0.00263	1.00000		-0.41207	6.63021	0.59250	0.10595	-0.04617	4.04676	1.74881	0.99751	-0.07057	0.00081	0.07057	0.99751	0.00185	-0.00093	-0.00179	1.00000	
102	0.51000	0.42214	-14.00961	0.42828	0.14870	-0.07085	-0.87180	0.22450	0.99988	0.01522	0.00124	-0.01522	0.99988	0.00260	-0.00120	-0.00261	1.00000		-0.38517	6.63596	0.59712	0.10515	-0.04514	4.04924	1.74376	0.99750	-0.07061	0.00079	0.07061	0.99750	0.00184	-0.00092	-0.00178	1.00000	
103	0.51500	0.40130	-14.00125	0.44362	0.14814	-0.07021	-0.86999	0.23137	0.99988	0.01518	0.00123	-0.01519	0.99988	0.00259	-0.00119	-0.00260	1.00000		-0.37362	6.64670	0.61284	0.10792	-0.04530	4.04977	1.74920	0.99750	-0.07062	0.00079	0.07062	0.99750	0.00188	-0.00092	-0.00182	1.00000	
104	0.52000	0.39915	-13.99245	0.44023	0.15012	-0.06977	-0.87024	0.23739	0.99988	0.01519	0.00122	-0.01519	0.99988	0.00262	-0.00118	-0.00264	1.00000		-0.37857	6.63893	0.61135	0.10649	-0.04803	4.04917	1.73956	0.99750	-0.07061	0.00084	0.07061	0.99750	0.00186	-0.00097	-0.00179	1.00000	
105	0.52500	0.40564	-14.01171	0.46630	0.14759	-0.06815	-0.87102	0.22709	0.99988	0.01520	0.00119	-0.01520	0.99988	0.00258	-0.00115	-0.00259	1.00000		-0.40039	6.62849	0.60972	0.10516	-0.04635	4.04813	1.73754	0.99750	-0.07059	0.00081	0.07059	0.99750	0.00184	-0.00094	-0.00177	1.00000	
106	0.53000	0.38684	-14.01223	0.46618	0.14839	-0.06687	-0.87264	0.19595	0.99988	0.01523	0.00117	-0.01523	0.99988	0.00259	-0.00113	-0.00261	1.00000		-0.38753	6.62067	0.62413	0.10240	-0.04849	4.04741	1.73588	0.99751	-0.07058	0.00085	0.07058	0.99750	0.00179	-0.00097	-0.00172	1.00000	
107	0.53500	0.38998	-14.02019	0.46799	0.14874	-0.07231	-0.87371	0.22023	0.99988	0.01525	0.00126	-0.01525	0.99988	0.00260	-0.00122	-0.00261	1.00000		-0.39047	6.62105	0.63511	0.10217	-0.04465	4.04539	1.74798	0.99751	-0.07055	0.00078	0.07055	0.99751	0.00178	-0.00090	-0.00172	1.00000	
108	0.54000	0.41381	-14.01545	0.48094	0.14807	-0.07175	-0.87146	0.22758	0.99988	0.01521	0.00125	-0.01521	0.99988	0.00258	-0.00121	-0.00260	1.00000		-0.37641	6.63790	0.63217	0.10303	-0.04807	4.04724	1.73820	0.99751	-0.07058	0.00084	0.07058	0.99750	0.00180	-0.00096	-0.00173	1.00000	
109	0.54500	0.38878	-14.01518	0.46861	0.14982	-0.07254	-0.87519	0.22287	0.99988	0.01527	0.00127	-0.01528	0.99988	0.00261	-0.00123	-0.00263	1.00000		-0.37951	6.61948	0.64349	0.10093	-0.04946	4.04956	1.73181	0.99750	-0.07062	0.00086	0.07062	0.99750	0.00176	-0.00099	-0.00170	1.00000	
110	0.55000	0.38440	-14.03745	0.49583	0.14480	-0.07111	-0.87325	0.21986	0.99988	0.01524	0.00124	-0.01524	0.99988	0.00253	-0.00120	-0.00255	1.00000		-0.37050	6.61840	0.66016	0.09946	-0.04963	4.04386	1.74135	0.99751	-0.07052	0.00087	0.07052	0.99751	0.00174	-0.00099	-0.00167	1.00000	
111	0.55500	0.35744	-14.00923	0.49066	0.15163	-0.06791	-0.87119	0.23145	0.99988	0.01520	0.00119	-0.01521	0.99988	0.00265	-0.00114	-0.00266	1.00000		-0.41679	6.62918	0.65188	0.09895	-0.04623	4.04892	1.72144	0.99750	-0.07061	0.00081	0.07061	0.99750	0.00173	-0.00093	-0.00167	1.00000	
112	0.56000	0.37971	-14.02276	0.48958	0.14984	-0.07460	-0.87117	0.22496	0.99988	0.01520	0.00130	-0.01521	0.99988	0.00262	-0.00126	-0.00263	1.00000		-0.39124	6.62052	0.66331	0.09696	-0.05214	4.04774	1.73501	0.99751	-0.07059	0.00091	0.07059	0.99750	0.00169	-0.00103	-0.00162	1.00000	
113	0.56500	0.34185	-14.02642	0.50801	0.15320	-0.06342	-0.87326	0.21731	0.99988	0.01524	0.00111	-0.01524	0.99988	0.00267	-0.00107	-0.00269	1.00000		-0.39431	6.63324	0.66552	0.09567	-0.04805	4.04510	1.73097	0.99751	-0.07054	0.00084	0.07054	0.99751	0.00167	-0.00095	-0.00161	1.00000	
114	0.57000	0.33103	-14.01795	0.51169	0.15324	-0.06893	-0.87422	0.24145	0.99988	0.01526	0.00120	-0.01526	0.99988	0.00267	-0.00116	-0.00269	1.00000		-0.41513	6.62717	0.67702	0.09402	-0.04944	4.04844	1.71298	0.99750	-0.07060	0.00086	0.07060	0.99750	0.00164	-0.00098	-0.00158	1.00000	
115	0.57500	0.34636	-14.02795	0.52711	0.15294	-0.06794	-0.87197	0.21658	0.99988	0.01522	0.00119	-0.01522	0.99988	0.00267	-0.00114	-0.00269	1.00000		-0.40308	6.63697	0.66967	0.09478	-0.04620	4.04644	1.72880	0.99751	-0.07056	0.00081	0.07056	0.99751	0.00165	-0.00092	-0.00159	1.00000	
116	0.58000	0.33994	-14.01768	0.53049	0.15582	-0.07127	-0.87738	0.22794	0.99988	0.01531	0.00124	-0.01532	0.99988	0.00272	-0.00120	-0.00274	1.00000		-0.40468	6.62292	0.68454	0.09078	-0.04600	4.04576	1.72745	0.99751	-0.07055	0.00080	0.07055	0.99751	0.00158	-0.00091	-0.00152	1.00000	
117	0.58500	0.33162	-14.02154	0.52877	0.15447	-0.06471	-0.87240	0.21697	0.99988	0.01523	0.00113	-0.01523	0.99988	0.00270	-0.00109	-0.00271	1.00000		-0.40587	6.62719	0.69327	0.09081	-0.05067	4.04648	1.71159	0.99751	-0.07057	0.00088	0.07056	0.99751	0.00158	-0.00099	-0.00152	1.00000	
118	0.59000	0.33288	-14.01264	0.52995	0.15626	-0.07209	-0.86722	0.23306	0.99988	0.01514	0.00126	-0.01514	0.99988	0.00273	-0.00122	-0.00275	1.00000		-0.41464	6.62910	0.68905	0.08681	-0.04738	4.04255	1.72229	0.99751	-0.07050	0.00083	0.07050	0.99751	0.00152	-0.00093	-0.00145	1.00000	
119	0.59500	0.34717	-14.03775	0.53715	0.15359	-0.07515	-0.87118	0.22392	0.99988	0.01520	0.00131	-0.01521	0.99988	0.00268	-0.00127	-0.00270	1.00000		-0.42424	6.62233	0.70093	0.08411	-0.04555	4.04371	1.72014	0.99751	-0.07052	0.00080	0.07052	0.99751	0.00147	-0.00090	-0.00141	1.00000	
120	0.60000	0.31658	-14.02638	0.54066	0.15719	-0.07097	-0.87197	0.22989	0.99988	0.01522	0.00124	-0.01522	0.99988	0.00274	-0.00120	-0.00276	1.00000		-0.39849	6.63663	0.70874	0.08612	-0.04780	4.04479	1.72217	0.99751	-0.07054	0.00083	0.07053	0.99751	0.00150	-0.00094	-0.00144	1.00000	
121	0.60500	0.30836	-14.03470	0.55962	0.15910	-0.06809	-0.87751	0.23272	0.99988	0.01531	0.00119	-0.01532	0.99988	0.00278	-0.00115	-0.00279	1.00000		-0.40589	6.62777	0.71225	0.08295	-0.04655	4.04424	1.72087	0.99751	-0.07053	0.00081	0.07053	0.99751	0.00145	-0.00091	-0.00139	1.00000	
122	0.61000	0.33943	-14.04819	0.57216	0.15526	-0.07030	-0.87145	0.21908	0.99988	0.01521	0.00123	-0.01521	0.99988	0.00271	-0.00119	-0.00273	1.00000		-0.42175	6.62937	0.71132	0.08250	-0.04543	4.04602	1.70125	0.99751	-0.07056	0.00079	0.07056	0.99751	0.00144	-0.00089	-0.00138	1.00000	
123	0.61500	0.30848	-14.03665	0.56041	0.16006	-0.06949	-0.87684	0.23164	0.99988	0.01530	0.00121	-0.01531	0.99988	0.00279	-0.00117	-0.00281	1.00000		-0.39076	6.62788	0.72015	0.08082	-0.04718	4.04421	1.70958	0.99751	-0.07053	0.00082	0.07052	0.99751	0.00141	-0.00092	-0.00135	1.00000	
124	0.62000	0.31993	-14.03988	0.55960	0.15924	-0.07203	-0.87650	0.23415	0.99988	0.01530	0.00126	-0.01530	0.99988	0.00278	-0.00121	-0.00280	1.00000		-0.40408	6.64190	0.72528	0.08067	-0.04639	4.04372	1.68984	0.99751	-0.07052	0.00081	0.07052	0.99751	0.00141	-0.00091	-0.00135	1.00000	
125	0.62500	0.31789	-14.03368	0.57421	0.16344	-0.06983	-0.87415	0.22747	0.99988	0.01526	0.00122	-0.01526	0.99988	0.00285	-0.00118	-0.00287	1.00000		-0.41487	6.63649	0.72599	0.07741	-0.04599	4.04443	1.68205	0.99751	-0.07053	0.00080	0.07053	0.99751	0.00135	-0.00090	-0.00129	1.00000	
126	0.63000	0.29461	-14.05138	0.56885	0.16203	-0.07239	-0.87360	0.22770	0.99988	0.01525	0.00126	-0.01525	0.99988	0.00283	-0.00122	-0.00285	1.00000		-0.41462	6.63831	0.73087	0.07598	-0.04585	4.04238	1.70235	0.99751	-0.07049	0.00080	0.07049	0.99751	0.00133	-0.00089	-0.00127	1.00000	
127	0.63500	0.28879	-14.04347	0.58614	0.16510	-0.06937	-0.87577	0.22272	0.99988	0.01528	0.00121	-0.01529	0.99988	0.00288	-0.00117	-0.00290	1.00000		-0.39549	6.62201	0.74723	0.07278	-0.04736	4.04333	1.70410	0.99751	-0.07051	0.00083	0.07051	0.99751	0.00127	-0.00091	-0.00121	1.00000	
128	0.64000	0.28704	-14.05069	0.59625	0.16408	-0.07239	-0.87678	0.22967	0.99988	0.01530	0.00126	-0.01531	0.99988	0.00286	-0.00122	-0.00288	1.00000		-0.37628	6.64126	0.74710	0.07324	-0.04666	4.04422	1.69561	0.99751	-0.07053	0.00081	0.07053	0.99751	0.00128	-0.00090	-0.00122	1.00000	
129	0.64500	0.31861	-14.06181	0.59079	0.16501	-0.07292	-0.87651	0.23219	0.99988	0.01530	0.00127	-0.01530	0.99988	0.00288	-0.00123	-0.00290	1.00000		-0.39909	6.62900	0.74644	0.07094	-0.04640	4.04430	1.68740	0.99751	-0.07053	0.00081	0.07053	0.99751	0.00124	-0.00090	-0.00118	1.00000	
130	0.65000	0.28146	-14.06935	0.60109	0.16591	-0.07244	-0.87574	0.24891	0.99988	0.01528	0.00126	-0.01529	0.99988	0.00290	-0.00122	-0.00291	0.99999		-0.41348	6.63131	0.75198	0.06959	-0.04377	4.04406	1.68610	0.99751	-0.07052	0.00076	0.07052	0.99751	0.00121	-0.00085	-0.00116	1.00000	
131	0.65500	0.29026	-14.06660	0.60763	0.16733	-0.07571	-0.87163	0.24280	0.99988	0.01521	0.00132	-0.01522	0.99988	0.00292	-0.00128	-0.00294	0.99999		-0.37514	6.63512	0.76797	0.06936	-0.04650	4.04632	1.67668	0.99751	-0.07056	0.00081	0.07056	0.99751	0.00121	-0.00090	-0.00115	1.00000	
132	0.66000	0.27739	-14.05252	0.61450	0.17137	-0.07192	-0.87400	0.23385	0.99988	0.01525	0.00126	-0.01526	0.99988	0.00299	-0.00121	-0.00301	0.99999		-0.42771	6.62495	0.76032	0.06631	-0.04163	4.03967	1.68939	0.99752	-0.07045	0.00073	0.07045	0.99751	0.00116	-0.00081	-0.00110	1.00000	
133	0.66500	0.28162	-14.06195	0.61862	0.17162	-0.07282	-0.87453	0.22499	0.99988	0.01526	0.00127	-0.01527	0.99988	0.00300	-0.00123	-0.00301	0.99999		-0.40071	6.64435	0.77674	0.06571	-0.04510	4.04344	1.68643	0.99751	-0.07051	0.00079	0.07051	0.99751	0.00115	-0.00087	-0.00109	1.00000	
134	0.67000	0.28551	-14.06453	0.61862	0.17166	-0.07283	-0.87533	0.22188	0.99988	0.01528	0.00127	-0.01528	0.99988	0.00300	-0.00123	-0.00302	0.99999		-0.43087	6.62982	0.78211	0.06358	-0.04209	4.04245	1.68449	0.99751	-0.07050	0.00073	0.07049	0.99751	0.00111	-0.00081	-0.00106	1.00000	
135	0.67500	0.25557	-14.07197	0.62122	0.17585	-0.07248	-0.87628	0.22281	0.99988	0.01529	0.00126	-0.01530	0.99988	0.00307	-0.00122	-0.00309	0.99999		-0.40792	6.62781	0.77371	0.06123	-0.04395	4.04281	1.68502	0.99751	-0.07050	0.00077	0.07050	0.99751	0.00107	-0.00084	-0.00101	1.00000	
136	0.68000	0.28291	-14.07186	0.62348	0.17571	-0.07466	-0.87707	0.23320	0.99988	0.01531	0.00130	-0.01531	0.99988	0.00307	-0.00126	-0.00309	0.99999		-0.42364	6.61999	0.78973	0.06039	-0.04325	4.04175	1.68294	0.99751	-0.07048	0.00075	0.07048	0.99751	0.00105	-0.00083	-0.00100	1.00000	
137	0.68500	0.26548	-14.09315	0.62818	0.17505	-0.07523	-0.87429	0.23505	0.99988	0.01526	0.00131	-0.01526	0.99988	0.00306	-0.00127	-0.00307	0.99999		-0.41283	6.62711	0.78487	0.06024	-0.04481	4.04236	1.67955	0.99751	-0.07049	0.00078	0.07049	0.99751	0.00105	-0.00085	-0.00099	1.00000	
138	0.69000	0.27437	-14.07197	0.63544	0.17885	-0.07725	-0.86932	0.23746	0.99988	0.01517	0.00135	-0.01518	0.99988	0.00312	-0.00130	-0.00314	0.99999		-0.39461	6.61584	0.78860	0.05700	-0.04427	4.04247	1.68680	0.99751	-0.07050	0.00077	0.07050	0.99751	0.00099	-0.00084	-0.00094	1.00000	
139	0.69500	0.27911	-14.07495	0.64599	0.18034	-0.07551	-0.87338	0.23284	0.99988	0.01524	0.00132	-0.01525	0.99988	0.00315	-0.00127	-0.00317	0.99999		-0.41279	6.63404	0.80008	0.05939	-0.04263	4.04517	1.66625	0.99751	-0.07054	0.00074	0.07054	0.99751	0.00104	-0.00082	-0.00098	1.00000	
140	0.70000	0.24581	-14.07145	0.62909	0.18303	-0.07438	-0.87721	0.24355	0.99988	0.01531	0.00130	-0.01531	0.99988	0.00319	-0.00125	-0.00321	0.99999		-0.39168	6.64753	0.80251	0.06001	-0.04600	4.04210	1.66672	0.99751	-0.07049	0.00080	0.07049	0.99751	0.00105	-0.00087	-0.00099	1.00000	
