NO_OF_FRAMES	12051
NO_OF_CAMERAS	8
NO_OF_BODIES	2
FREQUENCY	200
NO_OF_ANALOG	0
ANALOG_FREQUENCY	0
DESCRIPTION	--
TIME_STAMP	2013-07-05, 12:24:33	186287.25775483
DATA_INCLUDED	6D
BODY_NAMES	Ice 2 V2	Ice 3
Frame	Time	Ice 2 V2 X	Y	Z	Roll	Pitch	Yaw	Residual	Rot[0]	Rot[1]	Rot[2]	Rot[3]	Rot[4]	Rot[5]	Rot[6]	Rot[7]	Rot[8]	Ice 3 X	Y	Z	Roll	Pitch	Yaw	Residual	Rot[0]	Rot[1]	Rot[2]	Rot[3]	Rot[4]	Rot[5]	Rot[6]	Rot[7]	Rot[8]	
1	0.00500	1.80258	-13.73687	1.00588	0.19884	-0.15586	-0.86345	0.18473	0.99988	0.01507	0.00272	-0.01508	0.99988	0.00347	-0.00267	-0.00351	0.99999		0.69761	7.04399	0.22536	0.13541	-0.05718	4.41511	1.27633	0.99703	-0.07698	0.00100	0.07698	0.99703	0.00236	-0.00118	-0.00228	1.00000	
2	0.01000	1.75115	-13.71802	0.98603	0.19328	-0.14659	-0.85246	0.16285	0.99989	0.01488	0.00256	-0.01489	0.99988	0.00337	-0.00251	-0.00341	0.99999		0.71215	7.00502	0.24754	0.12485	-0.05504	4.41260	1.25137	0.99704	-0.07694	0.00096	0.07694	0.99703	0.00218	-0.00113	-0.00210	1.00000	
3	0.01500	1.71150	-13.71372	0.99978	0.18341	-0.13794	-0.85533	0.17905	0.99989	0.01493	0.00241	-0.01494	0.99988	0.00320	-0.00236	-0.00324	0.99999		0.73032	7.02166	0.28219	0.11823	-0.05038	4.41010	1.23657	0.99704	-0.07689	0.00088	0.07689	0.99704	0.00206	-0.00104	-0.00199	1.00000	
4	0.02000	1.70108	-13.69635	1.00660	0.17510	-0.12863	-0.85418	0.17063	0.99989	0.01491	0.00225	-0.01491	0.99988	0.00306	-0.00220	-0.00309	0.99999		0.73889	7.00091	0.31202	0.10696	-0.04798	4.40833	1.23255	0.99704	-0.07686	0.00084	0.07686	0.99704	0.00187	-0.00098	-0.00180	1.00000	
5	0.02500	1.67129	-13.67338	1.00440	0.17011	-0.12003	-0.85441	0.18249	0.99989	0.01491	0.00209	-0.01492	0.99988	0.00297	-0.00205	-0.00300	0.99999		0.71129	7.00136	0.32748	0.09818	-0.04083	4.40798	1.22370	0.99704	-0.07686	0.00071	0.07686	0.99704	0.00171	-0.00084	-0.00165	1.00000	
6	0.03000	1.65830	-13.65711	1.01543	0.15857	-0.11335	-0.84624	0.17380	0.99989	0.01477	0.00198	-0.01477	0.99989	0.00277	-0.00194	-0.00280	0.99999		0.76993	7.01144	0.35724	0.09200	-0.04117	4.40789	1.20702	0.99704	-0.07686	0.00072	0.07686	0.99704	0.00161	-0.00084	-0.00155	1.00000	
7	0.03500	1.67214	-13.67274	1.03962	0.14512	-0.10588	-0.84741	0.16680	0.99989	0.01479	0.00185	-0.01479	0.99989	0.00253	-0.00181	-0.00256	1.00000		0.74932	7.00484	0.39791	0.08447	-0.03366	4.40821	1.21700	0.99704	-0.07686	0.00059	0.07686	0.99704	0.00147	-0.00070	-0.00142	1.00000	
8	0.04000	1.67018	-13.64882	1.04475	0.13915	-0.09464	-0.85304	0.16760	0.99989	0.01489	0.00165	-0.01489	0.99989	0.00243	-0.00162	-0.00245	1.00000		0.75791	7.01473	0.42528	0.07701	-0.03058	4.40872	1.20908	0.99704	-0.07687	0.00053	0.07687	0.99704	0.00134	-0.00064	-0.00130	1.00000	
9	0.04500	1.65068	-13.64276	1.04947	0.12817	-0.08685	-0.84927	0.16731	0.99989	0.01482	0.00152	-0.01483	0.99989	0.00224	-0.00148	-0.00226	1.00000		0.76604	7.02659	0.44802	0.06682	-0.02382	4.40932	1.18036	0.99704	-0.07688	0.00042	0.07688	0.99704	0.00117	-0.00050	-0.00113	1.00000	
10	0.05000	1.62313	-13.63399	1.05919	0.11901	-0.07354	-0.85364	0.17178	0.99989	0.01490	0.00128	-0.01490	0.99989	0.00208	-0.00125	-0.00210	1.00000		0.77080	7.01782	0.48774	0.05941	-0.02054	4.41085	1.17580	0.99704	-0.07691	0.00036	0.07691	0.99704	0.00104	-0.00044	-0.00101	1.00000	
11	0.05500	1.59308	-13.61383	1.06236	0.11228	-0.06588	-0.85119	0.16161	0.99989	0.01486	0.00115	-0.01486	0.99989	0.00196	-0.00112	-0.00198	1.00000		0.73874	7.01208	0.50716	0.04841	-0.01445	4.40752	1.17817	0.99704	-0.07685	0.00025	0.07685	0.99704	0.00084	-0.00032	-0.00082	1.00000	
12	0.06000	1.60860	-13.60879	1.06390	0.09940	-0.05815	-0.85282	0.17016	0.99989	0.01488	0.00101	-0.01489	0.99989	0.00173	-0.00099	-0.00175	1.00000		0.75503	7.00884	0.53770	0.03979	-0.01105	4.40963	1.17149	0.99704	-0.07689	0.00019	0.07689	0.99704	0.00069	-0.00025	-0.00068	1.00000	
13	0.06500	1.56823	-13.60229	1.08070	0.09033	-0.04724	-0.85058	0.16959	0.99989	0.01484	0.00082	-0.01485	0.99989	0.00158	-0.00080	-0.00159	1.00000		0.78166	7.01408	0.56166	0.03253	-0.00955	4.41050	1.14648	0.99704	-0.07690	0.00017	0.07690	0.99704	0.00057	-0.00021	-0.00055	1.00000	
14	0.07000	1.56148	-13.61021	1.08532	0.07449	-0.03607	-0.84342	0.16722	0.99989	0.01472	0.00063	-0.01472	0.99989	0.00130	-0.00061	-0.00131	1.00000		0.79634	7.02269	0.59514	0.02273	-0.00548	4.41128	1.13543	0.99704	-0.07692	0.00010	0.07692	0.99704	0.00040	-0.00013	-0.00039	1.00000	
15	0.07500	1.55013	-13.58316	1.08167	0.07088	-0.02311	-0.84631	0.15547	0.99989	0.01477	0.00040	-0.01477	0.99989	0.00124	-0.00038	-0.00124	1.00000		0.82364	7.02363	0.62912	0.01541	-0.00589	4.41084	1.12097	0.99704	-0.07691	0.00010	0.07691	0.99704	0.00027	-0.00012	-0.00026	1.00000	
16	0.08000	1.52138	-13.56984	1.08036	0.05928	-0.01404	-0.84468	0.17192	0.99989	0.01474	0.00025	-0.01474	0.99989	0.00103	-0.00023	-0.00104	1.00000		0.80723	7.01874	0.64154	0.00811	0.00072	4.40963	1.12083	0.99704	-0.07689	-0.00001	0.07689	0.99704	0.00014	0.00000	-0.00014	1.00000	
17	0.08500	1.51734	-13.57325	1.08609	0.05033	-0.00037	-0.84897	0.16459	0.99989	0.01482	0.00001	-0.01482	0.99989	0.00088	0.00001	-0.00088	1.00000		0.81993	7.02505	0.67910	-0.00183	-0.00032	4.40658	1.11718	0.99704	-0.07683	0.00001	0.07683	0.99704	-0.00003	-0.00000	0.00003	1.00000	
18	0.09000	1.48419	-13.56187	1.08587	0.04195	0.01259	-0.84610	0.17164	0.99989	0.01477	-0.00022	-0.01477	0.99989	0.00073	0.00023	-0.00073	1.00000		0.81148	7.03998	0.70298	-0.00642	0.00372	4.40628	1.12117	0.99704	-0.07683	-0.00006	0.07683	0.99704	-0.00011	0.00007	0.00011	1.00000	
19	0.09500	1.47654	-13.52728	1.08560	0.03706	0.02401	-0.84740	0.17350	0.99989	0.01479	-0.00042	-0.01479	0.99989	0.00065	0.00043	-0.00064	1.00000		0.84927	7.03609	0.72298	-0.01405	0.00499	4.40922	1.08712	0.99704	-0.07688	-0.00009	0.07688	0.99704	-0.00025	0.00011	0.00024	1.00000	
20	0.10000	1.44732	-13.53632	1.09332	0.02640	0.03579	-0.84590	0.16672	0.99989	0.01476	-0.00062	-0.01476	0.99989	0.00046	0.00063	-0.00045	1.00000		0.83763	7.02427	0.76946	-0.02316	0.00932	4.40887	1.09094	0.99704	-0.07687	-0.00016	0.07687	0.99704	-0.00040	0.00019	0.00039	1.00000	
21	0.10500	1.44931	-13.52947	1.08693	0.01715	0.04198	-0.84116	0.15708	0.99989	0.01468	-0.00073	-0.01468	0.99989	0.00030	0.00074	-0.00029	1.00000		0.83821	7.03718	0.78425	-0.02801	0.00835	4.40789	1.08523	0.99704	-0.07686	-0.00015	0.07686	0.99704	-0.00049	0.00018	0.00048	1.00000	
22	0.11000	1.44329	-13.51115	1.09260	0.01148	0.05380	-0.84359	0.14601	0.99989	0.01472	-0.00094	-0.01472	0.99989	0.00020	0.00094	-0.00019	1.00000		0.82013	7.04094	0.81957	-0.03533	0.01216	4.40749	1.07202	0.99704	-0.07685	-0.00021	0.07685	0.99704	-0.00062	0.00026	0.00060	1.00000	
23	0.11500	1.40391	-13.50109	1.09970	0.00596	0.06510	-0.84202	0.15757	0.99989	0.01470	-0.00114	-0.01470	0.99989	0.00010	0.00114	-0.00009	1.00000		0.85902	7.05424	0.85156	-0.03853	0.01142	4.40325	1.10297	0.99705	-0.07678	-0.00020	0.07678	0.99705	-0.00067	0.00025	0.00066	1.00000	
24	0.12000	1.41202	-13.64626	0.96015	-0.04021	0.06907	-0.83447	0.13681	0.99989	0.01456	-0.00121	-0.01456	0.99989	-0.00070	0.00120	0.00072	1.00000		0.93263	6.96414	0.93251	-0.05751	-0.00537	4.40094	1.07405	0.99705	-0.07674	0.00009	0.07674	0.99705	-0.00100	-0.00002	0.00101	1.00000	
25	0.12500	1.41645	-13.63799	0.96213	-0.04617	0.07524	-0.83224	0.14511	0.99989	0.01452	-0.00131	-0.01453	0.99989	-0.00081	0.00130	0.00082	1.00000		0.92900	6.97352	0.96713	-0.06372	-0.00395	4.40045	1.06224	0.99705	-0.07673	0.00007	0.07673	0.99705	-0.00111	0.00002	0.00111	1.00000	
26	0.13000	1.36838	-13.63179	0.96501	-0.05125	0.09070	-0.83160	0.13560	0.99989	0.01451	-0.00158	-0.01452	0.99989	-0.00089	0.00157	0.00092	1.00000		0.90586	6.98320	0.98701	-0.06609	-0.00105	4.40174	1.07128	0.99705	-0.07675	0.00002	0.07675	0.99705	-0.00115	0.00007	0.00115	1.00000	
27	0.13500	1.39249	-13.61955	0.95668	-0.05706	0.09493	-0.83087	0.13678	0.99989	0.01450	-0.00166	-0.01450	0.99989	-0.00100	0.00164	0.00102	1.00000		0.93971	6.97761	1.02098	-0.07043	-0.00458	4.40232	1.05534	0.99705	-0.07676	0.00008	0.07676	0.99705	-0.00123	0.00001	0.00123	1.00000	
28	0.14000	1.35082	-13.62753	0.95678	-0.06446	0.10655	-0.82971	0.12486	0.99989	0.01448	-0.00186	-0.01448	0.99989	-0.00113	0.00184	0.00115	1.00000		0.92471	6.96927	1.04799	-0.07446	-0.00714	4.40044	1.06130	0.99705	-0.07673	0.00012	0.07673	0.99705	-0.00130	-0.00002	0.00131	1.00000	
29	0.14500	1.36456	-13.61321	0.96347	-0.06492	0.11214	-0.83399	0.13362	0.99989	0.01456	-0.00196	-0.01456	0.99989	-0.00113	0.00194	0.00116	1.00000		0.95011	6.97379	1.07061	-0.07756	-0.00592	4.39832	1.07042	0.99705	-0.07669	0.00010	0.07669	0.99705	-0.00135	0.00000	0.00136	1.00000	
30	0.15000	1.36846	-13.61672	0.94448	-0.07292	0.11702	-0.82605	0.12883	0.99989	0.01442	-0.00204	-0.01442	0.99990	-0.00127	0.00202	0.00130	1.00000		0.92329	6.98106	1.09299	-0.07951	-0.00433	4.40002	1.06558	0.99705	-0.07672	0.00008	0.07672	0.99705	-0.00139	0.00003	0.00139	1.00000	
31	0.15500	1.34684	-13.61909	0.95576	-0.07636	0.12825	-0.82807	0.12585	0.99989	0.01445	-0.00224	-0.01446	0.99989	-0.00133	0.00222	0.00136	1.00000		0.95144	6.99276	1.11013	-0.08032	-0.00863	4.39952	1.05010	0.99705	-0.07671	0.00015	0.07671	0.99705	-0.00140	-0.00004	0.00141	1.00000	
32	0.16000	1.34583	-13.62458	0.95868	-0.08021	0.13490	-0.83219	0.11336	0.99989	0.01452	-0.00235	-0.01453	0.99989	-0.00140	0.00233	0.00143	1.00000		0.92589	6.97840	1.13968	-0.08299	-0.00784	4.40014	1.05158	0.99705	-0.07672	0.00014	0.07672	0.99705	-0.00145	-0.00003	0.00145	1.00000	
33	0.16500	1.32799	-13.60321	0.94171	-0.07841	0.14159	-0.83192	0.13185	0.99989	0.01452	-0.00247	-0.01452	0.99989	-0.00137	0.00245	0.00140	1.00000		0.92263	7.00049	1.16314	-0.08326	-0.01180	4.39868	1.04347	0.99705	-0.07670	0.00021	0.07670	0.99705	-0.00145	-0.00009	0.00146	1.00000	
34	0.17000	1.30294	-13.60821	0.93931	-0.08033	0.14626	-0.82943	0.14554	0.99989	0.01448	-0.00255	-0.01448	0.99989	-0.00140	0.00253	0.00144	1.00000		0.94862	7.01635	1.18151	-0.08176	-0.01228	4.39979	1.04789	0.99705	-0.07672	0.00021	0.07672	0.99705	-0.00143	-0.00010	0.00144	1.00000	
35	0.17500	1.29608	-13.58799	0.92338	-0.07854	0.15139	-0.82837	0.13419	0.99989	0.01446	-0.00264	-0.01446	0.99989	-0.00137	0.00262	0.00141	1.00000		0.94471	7.02049	1.21252	-0.07971	-0.01518	4.39829	1.05386	0.99706	-0.07669	0.00027	0.07669	0.99705	-0.00139	-0.00016	0.00141	1.00000	
36	0.18000	1.28935	-13.59224	0.92696	-0.07987	0.15540	-0.83148	0.13256	0.99989	0.01451	-0.00271	-0.01452	0.99989	-0.00139	0.00269	0.00143	1.00000		0.93399	7.02568	1.22588	-0.07856	-0.01644	4.40151	1.06124	0.99705	-0.07675	0.00029	0.07675	0.99705	-0.00137	-0.00018	0.00139	1.00000	
37	0.18500	1.30396	-13.59962	0.91999	-0.08102	0.15885	-0.82623	0.11522	0.99989	0.01442	-0.00277	-0.01442	0.99989	-0.00141	0.00275	0.00145	1.00000		0.95000	7.01624	1.24621	-0.07935	-0.02121	4.40018	1.03745	0.99705	-0.07672	0.00037	0.07672	0.99705	-0.00138	-0.00026	0.00141	1.00000	
38	0.19000	1.27880	-13.60352	0.91894	-0.07990	0.16276	-0.82966	0.13181	0.99989	0.01448	-0.00284	-0.01448	0.99989	-0.00139	0.00282	0.00144	1.00000		0.91429	7.00957	1.25519	-0.07842	-0.02393	4.40078	1.05070	0.99705	-0.07673	0.00042	0.07673	0.99705	-0.00137	-0.00031	0.00140	1.00000	
39	0.19500	1.30321	-13.60256	0.92669	-0.07855	0.16401	-0.82863	0.12853	0.99989	0.01446	-0.00286	-0.01447	0.99989	-0.00137	0.00284	0.00141	0.99999		0.93894	7.01213	1.27848	-0.07543	-0.02666	4.40059	1.03924	0.99705	-0.07673	0.00047	0.07673	0.99705	-0.00132	-0.00036	0.00135	1.00000	
40	0.20000	1.26006	-13.59131	0.90469	-0.07407	0.16822	-0.82960	0.13866	0.99989	0.01448	-0.00294	-0.01448	0.99989	-0.00129	0.00292	0.00134	0.99999		0.93710	7.02812	1.29034	-0.07076	-0.03151	4.39770	1.05573	0.99706	-0.07668	0.00055	0.07668	0.99706	-0.00124	-0.00045	0.00127	1.00000	
41	0.20500	1.25099	-13.59723	0.89704	-0.07071	0.16930	-0.83322	0.15665	0.99989	0.01454	-0.00295	-0.01455	0.99989	-0.00123	0.00294	0.00128	0.99999		0.92207	7.04468	1.31842	-0.06627	-0.03219	4.40064	1.04477	0.99705	-0.07673	0.00056	0.07673	0.99705	-0.00116	-0.00047	0.00120	1.00000	
42	0.21000	1.25948	-13.60934	0.89335	-0.06836	0.17048	-0.82665	0.12992	0.99989	0.01443	-0.00298	-0.01443	0.99990	-0.00119	0.00296	0.00124	0.99999		0.91546	7.04593	1.33789	-0.06210	-0.03643	4.40216	1.04626	0.99705	-0.07676	0.00064	0.07676	0.99705	-0.00108	-0.00055	0.00113	1.00000	
43	0.21500	1.25556	-13.58613	0.89292	-0.06135	0.17017	-0.82773	0.14390	0.99989	0.01445	-0.00297	-0.01445	0.99990	-0.00107	0.00295	0.00111	1.00000		0.90295	7.03835	1.33627	-0.05892	-0.03840	4.40143	1.05842	0.99705	-0.07674	0.00067	0.07674	0.99705	-0.00103	-0.00059	0.00108	1.00000	
44	0.22000	1.22329	-13.59536	0.88673	-0.05456	0.17217	-0.82896	0.14688	0.99989	0.01447	-0.00300	-0.01447	0.99989	-0.00095	0.00299	0.00100	1.00000		0.89635	7.04190	1.36325	-0.05372	-0.04107	4.40183	1.06624	0.99705	-0.07675	0.00072	0.07675	0.99705	-0.00094	-0.00064	0.00099	1.00000	
45	0.22500	1.20793	-13.59148	0.88045	-0.04818	0.17664	-0.83138	0.11805	0.99989	0.01451	-0.00308	-0.01451	0.99989	-0.00084	0.00307	0.00089	0.99999		0.87782	7.04740	1.38093	-0.04839	-0.04182	4.40205	1.05813	0.99705	-0.07675	0.00073	0.07676	0.99705	-0.00084	-0.00066	0.00090	1.00000	
46	0.23000	1.21709	-13.59128	0.87868	-0.04108	0.17097	-0.83107	0.14058	0.99989	0.01450	-0.00298	-0.01451	0.99989	-0.00072	0.00297	0.00076	1.00000		0.86806	7.04905	1.38971	-0.04295	-0.04583	4.40091	1.07626	0.99705	-0.07673	0.00080	0.07674	0.99705	-0.00075	-0.00074	0.00081	1.00000	
47	0.23500	1.25330	-13.60119	0.86975	-0.03577	0.16361	-0.83327	0.15825	0.99989	0.01454	-0.00286	-0.01454	0.99989	-0.00062	0.00285	0.00067	1.00000		0.88530	7.03937	1.40107	-0.03868	-0.05092	4.40345	1.06564	0.99705	-0.07678	0.00089	0.07678	0.99705	-0.00068	-0.00083	0.00074	1.00000	
48	0.24000	1.22191	-13.60445	0.86699	-0.02643	0.16829	-0.83248	0.16096	0.99989	0.01453	-0.00294	-0.01453	0.99989	-0.00046	0.00293	0.00050	1.00000		0.85727	7.04740	1.41161	-0.03087	-0.05196	4.40204	1.08975	0.99705	-0.07675	0.00091	0.07675	0.99705	-0.00054	-0.00086	0.00061	1.00000	
49	0.24500	1.21104	-13.60575	0.86693	-0.01834	0.16543	-0.83201	0.15487	0.99989	0.01452	-0.00289	-0.01452	0.99989	-0.00032	0.00288	0.00036	1.00000		0.83865	7.06976	1.42138	-0.02230	-0.05572	4.40563	1.06468	0.99704	-0.07682	0.00097	0.07682	0.99705	-0.00039	-0.00094	0.00046	1.00000	
50	0.25000	1.21893	-13.61441	0.85213	-0.00936	0.15782	-0.83517	0.15082	0.99989	0.01458	-0.00275	-0.01458	0.99989	-0.00016	0.00275	0.00020	1.00000		0.81932	7.06782	1.43796	-0.01589	-0.05833	4.40547	1.07408	0.99704	-0.07681	0.00102	0.07681	0.99705	-0.00028	-0.00099	0.00035	1.00000	
51	0.25500	1.21731	-13.59557	0.83943	0.00416	0.15383	-0.83683	0.16139	0.99989	0.01460	-0.00268	-0.01460	0.99989	0.00007	0.00269	-0.00003	1.00000		0.80708	7.06365	1.43751	-0.00899	-0.06036	4.40556	1.09979	0.99704	-0.07682	0.00105	0.07682	0.99705	-0.00016	-0.00104	0.00024	1.00000	
52	0.26000	1.23921	-13.61227	0.83755	0.00929	0.14470	-0.83641	0.15495	0.99989	0.01460	-0.00253	-0.01460	0.99989	0.00016	0.00253	-0.00013	1.00000		0.81280	7.07653	1.44474	0.00006	-0.06364	4.40447	1.11086	0.99705	-0.07680	0.00111	0.07680	0.99705	0.00000	-0.00111	0.00008	1.00000	
53	0.26500	1.23387	-13.63015	0.82511	0.01638	0.14385	-0.84106	0.15700	0.99989	0.01468	-0.00251	-0.01468	0.99989	0.00029	0.00251	-0.00025	1.00000		0.81671	7.07917	1.45634	0.00729	-0.06678	4.40328	1.12152	0.99705	-0.07678	0.00117	0.07678	0.99705	0.00013	-0.00117	-0.00004	1.00000	
54	0.27000	1.21909	-13.63202	0.81839	0.02840	0.13254	-0.84071	0.18048	0.99989	0.01467	-0.00231	-0.01467	0.99989	0.00050	0.00232	-0.00046	1.00000		0.79023	7.06753	1.46801	0.01430	-0.07014	4.40348	1.13182	0.99705	-0.07678	0.00122	0.07678	0.99705	0.00025	-0.00124	-0.00015	1.00000	
55	0.27500	1.23527	-13.64416	0.81226	0.03920	0.13142	-0.84593	0.16888	0.99989	0.01476	-0.00229	-0.01476	0.99989	0.00068	0.00230	-0.00065	1.00000		0.74878	7.07386	1.46815	0.02434	-0.07075	4.40519	1.15075	0.99705	-0.07681	0.00123	0.07681	0.99705	0.00042	-0.00126	-0.00033	1.00000	
56	0.28000	1.22565	-13.61446	0.76973	0.05713	0.12385	-0.84959	0.18947	0.99989	0.01483	-0.00216	-0.01483	0.99989	0.00100	0.00218	-0.00096	1.00000		0.75524	7.08699	1.46678	0.03360	-0.07415	4.40563	1.14657	0.99704	-0.07682	0.00129	0.07682	0.99705	0.00059	-0.00134	-0.00049	1.00000	
57	0.28500	1.21589	-13.63904	0.80159	0.06400	0.11524	-0.85057	0.17633	0.99989	0.01484	-0.00201	-0.01484	0.99989	0.00112	0.00203	-0.00109	1.00000		0.75715	7.11247	1.47799	0.04364	-0.07498	4.40224	1.16356	0.99705	-0.07676	0.00131	0.07676	0.99705	0.00076	-0.00136	-0.00066	1.00000	
58	0.29000	1.22931	-13.66498	0.79987	0.07228	0.10839	-0.85200	0.19173	0.99989	0.01487	-0.00189	-0.01487	0.99989	0.00126	0.00191	-0.00123	1.00000		0.77980	7.10871	1.49522	0.05227	-0.08113	4.40672	1.15555	0.99704	-0.07684	0.00142	0.07683	0.99704	0.00091	-0.00148	-0.00080	1.00000	
59	0.29500	1.22259	-13.66651	0.79303	0.08382	0.10282	-0.85168	0.16952	0.99989	0.01486	-0.00179	-0.01486	0.99989	0.00146	0.00182	-0.00144	1.00000		0.73398	7.11789	1.48840	0.06116	-0.08083	4.40806	1.17286	0.99704	-0.07686	0.00141	0.07686	0.99704	0.00107	-0.00149	-0.00096	1.00000	
60	0.30000	1.20695	-13.67030	0.77727	0.09771	0.09478	-0.85471	0.18524	0.99989	0.01492	-0.00165	-0.01491	0.99989	0.00171	0.00168	-0.00168	1.00000		0.71673	7.10007	1.50209	0.06837	-0.07934	4.40533	1.20798	0.99704	-0.07681	0.00138	0.07681	0.99705	0.00119	-0.00147	-0.00108	1.00000	
61	0.30500	1.24522	-13.68353	0.76991	0.10781	0.07691	-0.85561	0.17990	0.99989	0.01493	-0.00134	-0.01493	0.99989	0.00188	0.00137	-0.00186	1.00000		0.68894	7.10604	1.50261	0.07852	-0.08436	4.40031	1.23518	0.99705	-0.07672	0.00147	0.07672	0.99705	0.00137	-0.00157	-0.00125	1.00000	
62	0.31000	1.21705	-13.67683	0.78073	0.12387	0.07298	-0.85380	0.16347	0.99989	0.01490	-0.00127	-0.01490	0.99989	0.00216	0.00131	-0.00214	1.00000		0.69305	7.10197	1.50999	0.08609	-0.08567	4.40499	1.23147	0.99704	-0.07681	0.00150	0.07680	0.99705	0.00150	-0.00161	-0.00138	1.00000	
63	0.31500	1.28131	-13.69147	0.75506	0.13405	0.05802	-0.85566	0.17807	0.99989	0.01493	-0.00101	-0.01493	0.99989	0.00234	0.00105	-0.00232	1.00000		0.67366	7.11813	1.50712	0.09623	-0.08649	4.40467	1.22584	0.99705	-0.07680	0.00151	0.07680	0.99705	0.00168	-0.00163	-0.00156	1.00000	
64	0.32000	1.26866	-13.68324	0.75655	0.14755	0.04884	-0.85611	0.16839	0.99989	0.01494	-0.00085	-0.01494	0.99989	0.00258	0.00089	-0.00256	1.00000		0.67528	7.13789	1.50911	0.10607	-0.08689	4.40763	1.24192	0.99704	-0.07685	0.00152	0.07685	0.99704	0.00185	-0.00165	-0.00173	1.00000	
65	0.32500	1.24955	-13.67037	0.72881	0.16687	0.04495	-0.85809	0.17799	0.99989	0.01498	-0.00078	-0.01497	0.99988	0.00291	0.00083	-0.00290	1.00000		0.66950	7.14842	1.51644	0.11571	-0.08663	4.41032	1.22186	0.99704	-0.07690	0.00151	0.07690	0.99704	0.00202	-0.00166	-0.00190	1.00000	
66	0.33000	1.27205	-13.66244	0.73469	0.18205	0.03502	-0.86013	0.18805	0.99989	0.01501	-0.00061	-0.01501	0.99988	0.00318	0.00066	-0.00317	0.99999		0.64952	7.15166	1.50635	0.12456	-0.08560	4.41110	1.25385	0.99704	-0.07691	0.00149	0.07691	0.99704	0.00217	-0.00166	-0.00205	1.00000	
67	0.33500	1.26964	-13.70817	0.72224	0.18916	0.02594	-0.85958	0.15925	0.99989	0.01500	-0.00045	-0.01500	0.99988	0.00330	0.00050	-0.00329	0.99999		0.66037	7.16281	1.49906	0.13168	-0.08631	4.40894	1.26021	0.99704	-0.07687	0.00151	0.07687	0.99704	0.00230	-0.00168	-0.00218	1.00000	
68	0.34000	1.27795	-13.70603	0.72933	0.20135	0.01135	-0.86308	0.16637	0.99989	0.01506	-0.00020	-0.01506	0.99988	0.00351	0.00025	-0.00351	0.99999		0.63649	7.16838	1.50075	0.14059	-0.08613	4.41344	1.26933	0.99703	-0.07695	0.00150	0.07695	0.99703	0.00245	-0.00169	-0.00233	1.00000	
69	0.34500	1.28670	-13.71329	0.73297	0.21019	0.00129	-0.85732	0.15782	0.99989	0.01496	-0.00002	-0.01496	0.99988	0.00367	0.00008	-0.00367	0.99999		0.63197	7.18149	1.49344	0.14892	-0.08587	4.41405	1.26908	0.99703	-0.07696	0.00150	0.07696	0.99703	0.00260	-0.00169	-0.00248	1.00000	
70	0.35000	1.30297	-13.73174	0.71156	0.22423	-0.00904	-0.86560	0.19234	0.99989	0.01511	0.00016	-0.01511	0.99988	0.00391	-0.00010	-0.00392	0.99999		0.62185	7.16743	1.48418	0.15360	-0.08201	4.40981	1.29801	0.99704	-0.07689	0.00143	0.07689	0.99704	0.00268	-0.00163	-0.00256	1.00000	
71	0.35500	1.29664	-13.72814	0.70253	0.23748	-0.01803	-0.86497	0.19156	0.99989	0.01510	0.00031	-0.01510	0.99988	0.00414	-0.00025	-0.00415	0.99999		0.59483	7.17790	1.48679	0.16231	-0.07964	4.41317	1.29177	0.99703	-0.07695	0.00139	0.07694	0.99703	0.00283	-0.00160	-0.00272	1.00000	
72	0.36000	1.31972	-13.75279	0.70277	0.24352	-0.03059	-0.86408	0.17136	0.99989	0.01508	0.00053	-0.01508	0.99988	0.00425	-0.00047	-0.00426	0.99999		0.59977	7.18336	1.48186	0.16821	-0.08065	4.41614	1.28689	0.99703	-0.07700	0.00141	0.07700	0.99703	0.00294	-0.00163	-0.00282	0.99999	
73	0.36500	1.31551	-13.76608	0.70396	0.25669	-0.03764	-0.86467	0.17616	0.99989	0.01509	0.00066	-0.01509	0.99988	0.00448	-0.00059	-0.00449	0.99999		0.57864	7.16586	1.47009	0.17154	-0.07781	4.41919	1.29074	0.99703	-0.07705	0.00136	0.07705	0.99702	0.00299	-0.00158	-0.00288	0.99999	
74	0.37000	1.32811	-13.76026	0.69763	0.26882	-0.04530	-0.86362	0.19619	0.99989	0.01507	0.00079	-0.01508	0.99988	0.00469	-0.00072	-0.00470	0.99999		0.56301	7.19249	1.45967	0.17950	-0.07717	4.41778	1.28682	0.99703	-0.07703	0.00135	0.07702	0.99702	0.00313	-0.00158	-0.00302	0.99999	
75	0.37500	1.31159	-13.76857	0.68430	0.27701	-0.05173	-0.86186	0.17504	0.99989	0.01504	0.00090	-0.01505	0.99988	0.00483	-0.00083	-0.00485	0.99999		0.54576	7.17142	1.44546	0.18167	-0.07188	4.41622	1.29847	0.99703	-0.07700	0.00125	0.07700	0.99703	0.00317	-0.00149	-0.00306	0.99999	
76	0.38000	1.30055	-13.77971	0.67059	0.28888	-0.05809	-0.86781	0.18477	0.99988	0.01515	0.00101	-0.01515	0.99987	0.00504	-0.00094	-0.00506	0.99999		0.53267	7.18131	1.43423	0.18733	-0.06808	4.41892	1.30579	0.99703	-0.07705	0.00119	0.07704	0.99702	0.00327	-0.00144	-0.00317	0.99999	
77	0.38500	1.32925	-13.80194	0.66822	0.29560	-0.06899	-0.87159	0.18459	0.99988	0.01521	0.00120	-0.01522	0.99987	0.00516	-0.00113	-0.00518	0.99999		0.54689	7.18634	1.42211	0.19321	-0.07067	4.42104	1.32099	0.99702	-0.07709	0.00123	0.07708	0.99702	0.00337	-0.00149	-0.00327	0.99999	
78	0.39000	1.32282	-13.82029	0.64888	0.30310	-0.07397	-0.86667	0.18829	0.99988	0.01513	0.00129	-0.01513	0.99987	0.00529	-0.00121	-0.00531	0.99999		0.53481	7.20146	1.42077	0.19870	-0.06538	4.42192	1.31420	0.99702	-0.07710	0.00114	0.07710	0.99702	0.00347	-0.00141	-0.00337	0.99999	
79	0.39500	1.33388	-13.83130	0.63738	0.31141	-0.08212	-0.86805	0.18607	0.99988	0.01515	0.00143	-0.01516	0.99987	0.00544	-0.00135	-0.00546	0.99998		0.51557	7.20373	1.40012	0.20001	-0.05928	4.41917	1.30969	0.99703	-0.07705	0.00103	0.07705	0.99702	0.00349	-0.00130	-0.00340	0.99999	
80	0.40000	1.33893	-13.84718	0.63471	0.31845	-0.09061	-0.87461	0.20050	0.99988	0.01526	0.00158	-0.01527	0.99987	0.00556	-0.00150	-0.00558	0.99998		0.50946	7.20195	1.39413	0.20388	-0.06003	4.42258	1.31847	0.99702	-0.07711	0.00105	0.07711	0.99702	0.00356	-0.00132	-0.00347	0.99999	
81	0.40500	1.35480	-13.84662	0.62409	0.32753	-0.09844	-0.87472	0.18572	0.99988	0.01527	0.00172	-0.01528	0.99987	0.00572	-0.00163	-0.00574	0.99998		0.47424	7.19033	1.36629	0.20365	-0.05296	4.42101	1.32908	0.99702	-0.07708	0.00092	0.07708	0.99702	0.00355	-0.00120	-0.00347	0.99999	
82	0.41000	1.34182	-13.85433	0.61131	0.33349	-0.10555	-0.87112	0.20045	0.99988	0.01520	0.00184	-0.01521	0.99987	0.00582	-0.00175	-0.00585	0.99998		0.45916	7.22466	1.34912	0.21008	-0.04825	4.42218	1.33486	0.99702	-0.07710	0.00084	0.07710	0.99702	0.00367	-0.00112	-0.00359	0.99999	
83	0.41500	1.34733	-13.87752	0.59825	0.34050	-0.11085	-0.87586	0.19933	0.99988	0.01529	0.00193	-0.01530	0.99987	0.00594	-0.00184	-0.00597	0.99998		0.50943	7.22058	1.34722	0.21237	-0.04844	4.42346	1.33708	0.99702	-0.07713	0.00085	0.07712	0.99701	0.00371	-0.00113	-0.00363	0.99999	
84	0.42000	1.34742	-13.88383	0.58474	0.34567	-0.11472	-0.87384	0.19868	0.99988	0.01525	0.00200	-0.01526	0.99987	0.00603	-0.00191	-0.00606	0.99998		0.48137	7.21915	1.32417	0.21166	-0.04388	4.42237	1.34025	0.99702	-0.07711	0.00077	0.07710	0.99702	0.00369	-0.00105	-0.00362	0.99999	
85	0.42500	1.36580	-13.89456	0.59295	0.35335	-0.11735	-0.87524	0.19454	0.99988	0.01528	0.00205	-0.01529	0.99986	0.00617	-0.00195	-0.00620	0.99998		0.47129	7.20827	1.30907	0.21138	-0.03908	4.42345	1.33660	0.99702	-0.07713	0.00068	0.07712	0.99701	0.00369	-0.00096	-0.00363	0.99999	
86	0.43000	1.37534	-13.89064	0.57240	0.36161	-0.12460	-0.88183	0.21623	0.99988	0.01539	0.00217	-0.01540	0.99986	0.00631	-0.00208	-0.00634	0.99998		0.41869	7.19238	1.28865	0.21116	-0.03402	4.42373	1.35809	0.99702	-0.07713	0.00059	0.07713	0.99701	0.00369	-0.00088	-0.00363	0.99999	
87	0.43500	1.38474	-13.91766	0.57068	0.36365	-0.12776	-0.87968	0.19305	0.99988	0.01535	0.00223	-0.01537	0.99986	0.00635	-0.00213	-0.00638	0.99998		0.46327	7.17716	1.26225	0.20768	-0.03142	4.42503	1.33519	0.99702	-0.07715	0.00055	0.07715	0.99701	0.00362	-0.00083	-0.00357	0.99999	
88	0.44000	1.40991	-13.91263	0.56245	0.37069	-0.13073	-0.87966	0.20540	0.99988	0.01535	0.00228	-0.01537	0.99986	0.00647	-0.00218	-0.00650	0.99998		0.43173	7.19723	1.23734	0.21055	-0.02595	4.42429	1.33846	0.99702	-0.07714	0.00045	0.07714	0.99701	0.00367	-0.00073	-0.00363	0.99999	
89	0.44500	1.41861	-13.93058	0.54812	0.37248	-0.13907	-0.88148	0.20320	0.99988	0.01538	0.00243	-0.01540	0.99986	0.00650	-0.00233	-0.00654	0.99998		0.48419	7.18951	1.21036	0.20768	-0.02599	4.42560	1.34209	0.99702	-0.07716	0.00045	0.07716	0.99701	0.00362	-0.00073	-0.00358	0.99999	
90	0.45000	1.40908	-13.93307	0.53926	0.37460	-0.13488	-0.87632	0.20086	0.99988	0.01529	0.00235	-0.01531	0.99986	0.00654	-0.00225	-0.00657	0.99998		0.43531	7.17873	1.18605	0.20519	-0.02144	4.42436	1.33476	0.99702	-0.07714	0.00037	0.07714	0.99701	0.00358	-0.00065	-0.00354	0.99999	
91	0.45500	1.42223	-13.93957	0.52710	0.37997	-0.13562	-0.88292	0.21609	0.99988	0.01541	0.00237	-0.01542	0.99986	0.00663	-0.00226	-0.00667	0.99998		0.39731	7.18484	1.15232	0.20277	-0.01122	4.42553	1.34931	0.99702	-0.07716	0.00020	0.07716	0.99701	0.00354	-0.00047	-0.00351	0.99999	
92	0.46000	1.42631	-13.95581	0.52052	0.38045	-0.13590	-0.87857	0.18542	0.99988	0.01533	0.00237	-0.01535	0.99986	0.00664	-0.00227	-0.00668	0.99998		0.44124	7.18022	1.13638	0.19950	-0.01144	4.42648	1.34727	0.99702	-0.07718	0.00020	0.07718	0.99701	0.00348	-0.00047	-0.00346	0.99999	
93	0.46500	1.45758	-13.97664	0.49484	0.37967	-0.14377	-0.87788	0.20482	0.99988	0.01532	0.00251	-0.01534	0.99986	0.00663	-0.00241	-0.00666	0.99997		0.40811	7.18397	1.10106	0.19808	-0.00585	4.42577	1.32874	0.99702	-0.07717	0.00010	0.07717	0.99701	0.00346	-0.00037	-0.00344	0.99999	
94	0.47000	1.45451	-13.98104	0.50239	0.38123	-0.13918	-0.88022	0.20565	0.99988	0.01536	0.00243	-0.01538	0.99986	0.00665	-0.00233	-0.00669	0.99997		0.40579	7.16462	1.07442	0.19287	-0.00003	4.42940	1.34311	0.99701	-0.07723	0.00000	0.07723	0.99701	0.00337	-0.00026	-0.00336	0.99999	
95	0.47500	1.46337	-13.99177	0.48234	0.38309	-0.13873	-0.88470	0.20578	0.99988	0.01544	0.00242	-0.01546	0.99986	0.00669	-0.00232	-0.00672	0.99997		0.40378	7.15551	1.05792	0.18803	0.00373	4.42780	1.33651	0.99702	-0.07720	-0.00007	0.07720	0.99701	0.00328	-0.00019	-0.00328	0.99999	
96	0.48000	1.50017	-13.97995	0.46925	0.38525	-0.13889	-0.88288	0.20317	0.99988	0.01541	0.00242	-0.01542	0.99986	0.00672	-0.00232	-0.00676	0.99997		0.39900	7.16220	1.02063	0.18489	0.00638	4.42457	1.32769	0.99702	-0.07715	-0.00011	0.07715	0.99701	0.00323	-0.00014	-0.00323	0.99999	
97	0.48500	1.49161	-14.00895	0.46631	0.38068	-0.13613	-0.87743	0.20029	0.99988	0.01531	0.00238	-0.01533	0.99986	0.00664	-0.00227	-0.00668	0.99998		0.37312	7.15661	0.98617	0.17891	0.01122	4.42339	1.34452	0.99702	-0.07713	-0.00020	0.07713	0.99702	0.00312	-0.00005	-0.00313	1.00000	
98	0.49000	1.50374	-14.02399	0.45217	0.37857	-0.13670	-0.87803	0.20800	0.99988	0.01532	0.00239	-0.01534	0.99986	0.00661	-0.00228	-0.00664	0.99998		0.38528	7.14764	0.96011	0.17466	0.01282	4.42529	1.33349	0.99702	-0.07716	-0.00022	0.07716	0.99701	0.00305	-0.00001	-0.00306	1.00000	
99	0.49500	1.52781	-14.02087	0.43301	0.37863	-0.13595	-0.88195	0.20884	0.99988	0.01539	0.00237	-0.01541	0.99986	0.00661	-0.00227	-0.00664	0.99998		0.39522	7.16408	0.93237	0.17307	0.01525	4.42666	1.30974	0.99702	-0.07718	-0.00027	0.07718	0.99701	0.00302	0.00003	-0.00303	1.00000	
100	0.50000	1.51427	-14.04334	0.41354	0.37367	-0.13290	-0.88165	0.21193	0.99988	0.01539	0.00232	-0.01540	0.99986	0.00652	-0.00222	-0.00656	0.99998		0.39865	7.15971	0.89837	0.16639	0.01879	4.42825	1.30447	0.99701	-0.07721	-0.00033	0.07721	0.99701	0.00290	0.00010	-0.00292	1.00000	
101	0.50500	1.52927	-14.04679	0.39949	0.37270	-0.12822	-0.88138	0.21182	0.99988	0.01538	0.00224	-0.01540	0.99986	0.00650	-0.00214	-0.00654	0.99998		0.39876	7.13901	0.86557	0.15884	0.02383	4.42648	1.30245	0.99702	-0.07718	-0.00042	0.07718	0.99701	0.00277	0.00020	-0.00280	1.00000	
102	0.51000	1.53019	-14.05841	0.40654	0.36922	-0.12182	-0.88186	0.20353	0.99988	0.01539	0.00213	-0.01540	0.99986	0.00644	-0.00203	-0.00648	0.99998		0.40663	7.14360	0.84996	0.15334	0.02648	4.42467	1.31350	0.99702	-0.07715	-0.00046	0.07715	0.99702	0.00268	0.00025	-0.00270	1.00000	
103	0.51500	1.53622	-14.07447	0.37488	0.36313	-0.11897	-0.88014	0.19288	0.99988	0.01536	0.00208	-0.01537	0.99986	0.00634	-0.00198	-0.00637	0.99998		0.41808	7.13647	0.82366	0.14760	0.02831	4.42416	1.30533	0.99702	-0.07714	-0.00049	0.07714	0.99702	0.00258	0.00029	-0.00261	1.00000	
104	0.52000	1.51684	-14.06825	0.36654	0.36180	-0.11433	-0.87621	0.18858	0.99988	0.01529	0.00200	-0.01530	0.99986	0.00631	-0.00190	-0.00634	0.99998		0.36441	7.13504	0.77494	0.14147	0.03275	4.42502	1.29164	0.99702	-0.07715	-0.00057	0.07716	0.99702	0.00247	0.00038	-0.00251	1.00000	
105	0.52500	1.55580	-14.06486	0.35477	0.35748	-0.11239	-0.87913	0.19823	0.99988	0.01534	0.00196	-0.01535	0.99986	0.00624	-0.00187	-0.00627	0.99998		0.34804	7.12778	0.74274	0.13469	0.03774	4.42523	1.29744	0.99702	-0.07716	-0.00066	0.07716	0.99702	0.00235	0.00048	-0.00239	1.00000	
106	0.53000	1.57124	-14.07772	0.34106	0.35622	-0.10660	-0.88615	0.19768	0.99988	0.01547	0.00186	-0.01548	0.99986	0.00622	-0.00176	-0.00625	0.99998		0.40228	7.12968	0.72194	0.12972	0.03951	4.42744	1.27519	0.99702	-0.07720	-0.00069	0.07720	0.99701	0.00226	0.00051	-0.00231	1.00000	
107	0.53500	1.57057	-14.09134	0.32253	0.34866	-0.10495	-0.88094	0.20234	0.99988	0.01537	0.00183	-0.01539	0.99986	0.00609	-0.00174	-0.00611	0.99998		0.38651	7.13694	0.69270	0.12365	0.04117	4.42552	1.27270	0.99702	-0.07716	-0.00072	0.07716	0.99702	0.00216	0.00055	-0.00221	1.00000	
108	0.54000	1.57701	-14.09670	0.30738	0.34297	-0.09776	-0.88021	0.20002	0.99988	0.01536	0.00171	-0.01537	0.99986	0.00599	-0.00161	-0.00601	0.99998		0.37530	7.13573	0.66436	0.11661	0.04542	4.42698	1.24990	0.99702	-0.07719	-0.00079	0.07719	0.99701	0.00204	0.00063	-0.00209	1.00000	
109	0.54500	1.60821	-14.10792	0.29673	0.33779	-0.09360	-0.88275	0.20185	0.99988	0.01541	0.00163	-0.01542	0.99986	0.00590	-0.00154	-0.00592	0.99998		0.39559	7.13318	0.62697	0.11026	0.04946	4.42757	1.24701	0.99702	-0.07720	-0.00086	0.07720	0.99701	0.00192	0.00071	-0.00199	1.00000	
110	0.55000	1.60239	-14.09958	0.29108	0.33095	-0.09068	-0.87981	0.18645	0.99988	0.01535	0.00158	-0.01536	0.99987	0.00578	-0.00149	-0.00580	0.99998		0.38236	7.12235	0.59550	0.10464	0.05032	4.42859	1.24261	0.99701	-0.07722	-0.00088	0.07722	0.99701	0.00183	0.00073	-0.00189	1.00000	
111	0.55500	1.65558	-14.10761	0.27867	0.32499	-0.08839	-0.87725	0.18700	0.99988	0.01531	0.00154	-0.01532	0.99987	0.00567	-0.00146	-0.00570	0.99998		0.40753	7.11890	0.55811	0.09661	0.05036	4.42812	1.24930	0.99701	-0.07721	-0.00088	0.07721	0.99701	0.00169	0.00075	-0.00175	1.00000	
112	0.56000	1.64663	-14.11570	0.26241	0.31903	-0.08091	-0.87479	0.18533	0.99988	0.01527	0.00141	-0.01527	0.99987	0.00557	-0.00133	-0.00559	0.99998		0.39827	7.11562	0.52239	0.08947	0.05230	4.42479	1.25338	0.99702	-0.07715	-0.00091	0.07715	0.99702	0.00156	0.00079	-0.00163	1.00000	
113	0.56500	1.63782	-14.11889	0.23780	0.31234	-0.07389	-0.87620	0.19003	0.99988	0.01529	0.00129	-0.01530	0.99987	0.00545	-0.00121	-0.00547	0.99998		0.39237	7.10753	0.49460	0.08301	0.05551	4.42806	1.22224	0.99701	-0.07721	-0.00097	0.07721	0.99701	0.00145	0.00085	-0.00152	1.00000	
114	0.57000	1.66086	-14.12560	0.23937	0.30397	-0.06959	-0.87286	0.17259	0.99988	0.01523	0.00121	-0.01524	0.99987	0.00531	-0.00113	-0.00532	0.99999		0.38378	7.09643	0.45752	0.07569	0.05913	4.42815	1.22799	0.99701	-0.07721	-0.00103	0.07721	0.99701	0.00132	0.00093	-0.00140	1.00000	
115	0.57500	1.67350	-14.13793	0.21975	0.29642	-0.06566	-0.87620	0.18314	0.99988	0.01529	0.00115	-0.01530	0.99987	0.00517	-0.00107	-0.00519	0.99999		0.39953	7.07525	0.41527	0.06824	0.05815	4.42569	1.21590	0.99702	-0.07717	-0.00101	0.07717	0.99702	0.00119	0.00092	-0.00127	1.00000	
116	0.58000	1.69989	-14.15834	0.22421	0.28617	-0.05998	-0.87291	0.16762	0.99988	0.01523	0.00105	-0.01524	0.99987	0.00499	-0.00097	-0.00501	0.99999		0.43864	7.10863	0.40378	0.06586	0.05669	4.43233	1.17425	0.99701	-0.07728	-0.00099	0.07728	0.99701	0.00115	0.00090	-0.00122	1.00000	
117	0.58500	1.68271	-14.15246	0.20360	0.28014	-0.05714	-0.87266	0.16794	0.99988	0.01523	0.00100	-0.01523	0.99987	0.00489	-0.00092	-0.00490	0.99999		0.42874	7.11500	0.36160	0.05965	0.06082	4.43039	1.19355	0.99701	-0.07725	-0.00106	0.07725	0.99701	0.00104	0.00098	-0.00112	1.00000	
118	0.59000	1.70016	-14.15385	0.18919	0.27428	-0.04807	-0.87914	0.15430	0.99988	0.01534	0.00084	-0.01535	0.99987	0.00479	-0.00077	-0.00480	0.99999		0.42891	7.10174	0.33540	0.05312	0.05789	4.43241	1.18268	0.99701	-0.07728	-0.00101	0.07728	0.99701	0.00093	0.00094	-0.00100	1.00000	
119	0.59500	1.71567	-14.17781	0.17686	0.26037	-0.04912	-0.87416	0.17044	0.99988	0.01526	0.00086	-0.01526	0.99987	0.00454	-0.00079	-0.00456	0.99999		0.44836	7.08770	0.30744	0.04771	0.05796	4.43049	1.17662	0.99701	-0.07725	-0.00101	0.07725	0.99701	0.00083	0.00094	-0.00091	1.00000	
120	0.60000	1.71638	-14.15813	0.16525	0.25551	-0.04303	-0.87999	0.16500	0.99988	0.01536	0.00075	-0.01536	0.99987	0.00446	-0.00068	-0.00447	0.99999		0.43323	7.08482	0.27861	0.03926	0.06123	4.42950	1.17483	0.99701	-0.07723	-0.00107	0.07723	0.99701	0.00069	0.00101	-0.00077	1.00000	
121	0.60500	1.71857	-14.18535	0.16005	0.24287	-0.04103	-0.87341	0.16500	0.99988	0.01524	0.00072	-0.01525	0.99987	0.00424	-0.00065	-0.00425	0.99999		0.46457	7.08938	0.24222	0.03731	0.05632	4.42888	1.15857	0.99701	-0.07722	-0.00098	0.07722	0.99701	0.00065	0.00093	-0.00073	1.00000	
122	0.61000	1.69934	-14.17254	0.15258	0.23891	-0.03298	-0.87449	0.14380	0.99988	0.01526	0.00058	-0.01526	0.99987	0.00417	-0.00051	-0.00418	0.99999		0.44620	7.07749	0.21105	0.03078	0.05990	4.43160	1.15791	0.99701	-0.07727	-0.00105	0.07727	0.99701	0.00054	0.00100	-0.00062	1.00000	
123	0.61500	1.70966	-14.18375	0.12520	0.23064	-0.02985	-0.87646	0.15430	0.99988	0.01530	0.00052	-0.01530	0.99987	0.00403	-0.00046	-0.00403	0.99999		0.43524	7.07532	0.17234	0.02603	0.06017	4.42724	1.17467	0.99702	-0.07719	-0.00105	0.07719	0.99702	0.00045	0.00101	-0.00053	1.00000	
124	0.62000	1.72755	-14.19626	0.11577	0.21950	-0.03222	-0.87584	0.16614	0.99988	0.01529	0.00056	-0.01529	0.99988	0.00383	-0.00050	-0.00384	0.99999		0.46196	7.05646	0.15159	0.02195	0.05913	4.43034	1.14426	0.99701	-0.07725	-0.00103	0.07725	0.99701	0.00038	0.00100	-0.00046	1.00000	
125	0.62500	1.72459	-14.20242	0.09720	0.21087	-0.02521	-0.87955	0.15123	0.99988	0.01535	0.00044	-0.01535	0.99988	0.00368	-0.00038	-0.00369	0.99999		0.45111	7.06697	0.12046	0.01900	0.05811	4.42981	1.13825	0.99701	-0.07724	-0.00101	0.07724	0.99701	0.00033	0.00099	-0.00041	1.00000	
126	0.63000	1.72055	-14.20544	0.09438	0.20231	-0.02078	-0.87469	0.15367	0.99988	0.01527	0.00036	-0.01527	0.99988	0.00353	-0.00031	-0.00354	0.99999		0.46793	7.06040	0.09319	0.01411	0.05731	4.42873	1.13713	0.99701	-0.07722	-0.00100	0.07722	0.99701	0.00025	0.00098	-0.00032	1.00000	
127	0.63500	1.71748	-14.20831	0.07661	0.19236	-0.02017	-0.87371	0.15652	0.99988	0.01525	0.00035	-0.01525	0.99988	0.00336	-0.00030	-0.00336	0.99999		0.48276	7.04764	0.05804	0.00981	0.05657	4.42781	1.14658	0.99701	-0.07720	-0.00099	0.07720	0.99702	0.00017	0.00097	-0.00025	1.00000	
128	0.64000	1.73616	-14.20827	0.07173	0.18588	-0.01885	-0.87160	0.15100	0.99988	0.01521	0.00033	-0.01521	0.99988	0.00324	-0.00028	-0.00325	0.99999		0.47985	7.04454	0.02379	0.00702	0.05560	4.42850	1.13846	0.99701	-0.07721	-0.00097	0.07722	0.99701	0.00012	0.00096	-0.00020	1.00000	
129	0.64500	1.68955	-14.20401	0.07003	0.17921	-0.01021	-0.87181	0.14784	0.99988	0.01522	0.00018	-0.01522	0.99988	0.00313	-0.00013	-0.00313	1.00000		0.48474	7.04367	0.01146	0.00614	0.05311	4.42793	1.13265	0.99701	-0.07720	-0.00093	0.07721	0.99702	0.00011	0.00092	-0.00018	1.00000	
130	0.65000	1.74580	-14.20972	0.05147	0.16979	-0.01221	-0.87096	0.14355	0.99988	0.01520	0.00021	-0.01520	0.99988	0.00296	-0.00017	-0.00297	1.00000		0.48647	7.04162	-0.01936	0.00358	0.05140	4.42856	1.12507	0.99701	-0.07722	-0.00090	0.07722	0.99701	0.00006	0.00089	-0.00013	1.00000	
131	0.65500	1.75777	-14.20858	0.01509	0.16287	-0.01475	-0.86816	0.14654	0.99989	0.01515	0.00026	-0.01515	0.99988	0.00284	-0.00021	-0.00285	1.00000		0.47195	7.02082	-0.06732	-0.00000	0.05348	4.42814	1.13392	0.99701	-0.07721	-0.00093	0.07721	0.99701	-0.00000	0.00093	-0.00007	1.00000	
132	0.66000	1.74283	-14.21745	0.02544	0.15371	-0.01231	-0.86900	0.14455	0.99989	0.01517	0.00021	-0.01517	0.99988	0.00268	-0.00017	-0.00269	1.00000		0.45664	7.02587	-0.08839	-0.00218	0.05098	4.42306	1.13634	0.99702	-0.07712	-0.00089	0.07712	0.99702	-0.00004	0.00089	-0.00003	1.00000	
133	0.66500	1.73333	-14.21396	0.01557	0.14813	-0.00918	-0.86771	0.14941	0.99989	0.01514	0.00016	-0.01514	0.99988	0.00259	-0.00012	-0.00259	1.00000		0.50309	7.03075	-0.10481	0.00007	0.04375	4.43084	1.11182	0.99701	-0.07726	-0.00076	0.07726	0.99701	0.00000	0.00076	-0.00006	1.00000	
134	0.67000	1.76104	-14.21469	0.01209	0.13797	-0.01594	-0.86483	0.15932	0.99989	0.01509	0.00028	-0.01509	0.99988	0.00241	-0.00024	-0.00241	1.00000		0.48749	7.00065	-0.13069	-0.00408	0.04213	4.42621	1.12189	0.99702	-0.07718	-0.00074	0.07718	0.99702	-0.00007	0.00074	0.00001	1.00000	
135	0.67500	1.71220	-14.21722	-0.00361	0.13475	-0.01066	-0.86672	0.15247	0.99989	0.01513	0.00019	-0.01513	0.99988	0.00235	-0.00015	-0.00235	1.00000		0.51627	7.01867	-0.17793	-0.00118	0.03951	4.42895	1.12250	0.99701	-0.07722	-0.00069	0.07722	0.99701	-0.00002	0.00069	-0.00003	1.00000	
136	0.68000	1.75440	-14.19810	-0.01729	0.13006	-0.01200	-0.86911	0.14383	0.99988	0.01517	0.00021	-0.01517	0.99988	0.00227	-0.00018	-0.00227	1.00000		0.53745	7.00985	-0.19183	-0.00098	0.03558	4.42741	1.12477	0.99702	-0.07720	-0.00062	0.07720	0.99702	-0.00002	0.00062	-0.00003	1.00000	
137	0.68500	1.74954	-14.19280	-0.02594	0.12382	-0.01548	-0.86653	0.15972	0.99989	0.01512	0.00027	-0.01512	0.99988	0.00216	-0.00024	-0.00216	1.00000		0.52185	7.00553	-0.23525	-0.00262	0.03307	4.42706	1.11194	0.99702	-0.07719	-0.00058	0.07719	0.99702	-0.00005	0.00058	0.00000	1.00000	
138	0.69000	1.71488	-14.19298	-0.03534	0.12143	-0.01211	-0.86636	0.14503	0.99989	0.01512	0.00021	-0.01512	0.99988	0.00212	-0.00018	-0.00212	1.00000		0.53271	6.99092	-0.23831	-0.00188	0.02733	4.42651	1.11860	0.99702	-0.07718	-0.00048	0.07718	0.99702	-0.00003	0.00048	-0.00000	1.00000	
139	0.69500	1.71993	-14.18198	-0.04728	0.11517	-0.01573	-0.86299	0.14629	0.99989	0.01506	0.00027	-0.01506	0.99988	0.00201	-0.00024	-0.00201	1.00000		0.55220	7.00851	-0.27574	0.00295	0.02419	4.42707	1.12071	0.99702	-0.07719	-0.00042	0.07719	0.99702	0.00005	0.00042	-0.00008	1.00000	
140	0.70000	1.71086	-14.19107	-0.05560	0.10788	-0.01775	-0.85801	0.15492	0.99989	0.01497	0.00031	-0.01498	0.99989	0.00188	-0.00028	-0.00189	1.00000		0.54673	6.99345	-0.29585	0.00125	0.01988	4.42783	1.11636	0.99702	-0.07720	-0.00035	0.07720	0.99702	0.00002	0.00034	-0.00005	1.00000	
