NO_OF_FRAMES	12040
NO_OF_CAMERAS	8
NO_OF_BODIES	2
FREQUENCY	200
NO_OF_ANALOG	0
ANALOG_FREQUENCY	0
DESCRIPTION	--
TIME_STAMP	2013-07-05, 13:10:32	189045.77843196
DATA_INCLUDED	6D
BODY_NAMES	Ice 2 V2	Ice 3
Frame	Time	Ice 2 V2 X	Y	Z	Roll	Pitch	Yaw	Residual	Rot[0]	Rot[1]	Rot[2]	Rot[3]	Rot[4]	Rot[5]	Rot[6]	Rot[7]	Rot[8]	Ice 3 X	Y	Z	Roll	Pitch	Yaw	Residual	Rot[0]	Rot[1]	Rot[2]	Rot[3]	Rot[4]	Rot[5]	Rot[6]	Rot[7]	Rot[8]	
1	0.00500	-6.80103	24.42032	1.39987	0.45497	-0.18477	-18.66994	0.57472	0.94737	0.32011	0.00322	-0.32013	0.94734	0.00794	-0.00051	-0.00856	0.99996		2.00734	8.47487	0.53254	0.41972	-0.08976	4.29884	0.47186	0.99719	-0.07496	0.00157	0.07495	0.99716	0.00733	-0.00211	-0.00719	0.99997	
2	0.01000	-7.10515	24.41295	1.40966	0.46098	-0.12884	-18.67360	0.51888	0.94736	0.32018	0.00225	-0.32018	0.94732	0.00805	0.00045	-0.00834	0.99997		1.99206	8.45959	0.54422	0.41724	-0.09644	4.29343	0.46645	0.99719	-0.07486	0.00168	0.07485	0.99717	0.00728	-0.00222	-0.00714	0.99997	
3	0.01500	-7.10044	24.40092	1.38070	0.44062	-0.12103	-18.66652	0.52759	0.94740	0.32006	0.00211	-0.32007	0.94736	0.00769	0.00046	-0.00796	0.99997		1.98521	8.43118	0.55967	0.41093	-0.09893	4.29346	0.47639	0.99719	-0.07486	0.00173	0.07485	0.99717	0.00717	-0.00226	-0.00702	0.99997	
4	0.02000	-7.11989	24.36768	1.38256	0.42441	-0.10116	-18.67512	0.51047	0.94735	0.32020	0.00177	-0.32021	0.94732	0.00741	0.00070	-0.00758	0.99997		1.99656	8.41825	0.57474	0.40995	-0.10264	4.29572	0.48522	0.99719	-0.07490	0.00179	0.07489	0.99717	0.00715	-0.00232	-0.00700	0.99997	
5	0.02500	-7.18956	24.32337	1.36949	0.40357	-0.07787	-18.67005	0.51988	0.94738	0.32012	0.00136	-0.32012	0.94735	0.00704	0.00097	-0.00711	0.99997		2.00801	8.41558	0.58158	0.40561	-0.10933	4.29359	0.47953	0.99719	-0.07487	0.00191	0.07485	0.99717	0.00708	-0.00243	-0.00692	0.99997	
6	0.03000	-7.14785	24.31417	1.31210	0.38409	-0.07258	-18.67430	0.52038	0.94735	0.32019	0.00127	-0.32019	0.94733	0.00670	0.00095	-0.00676	0.99998		2.01710	8.39473	0.59127	0.40073	-0.11432	4.29383	0.49132	0.99719	-0.07487	0.00200	0.07486	0.99717	0.00699	-0.00251	-0.00682	0.99997	
7	0.03500	-7.18504	24.27178	1.30008	0.36067	-0.05426	-18.67213	0.52222	0.94737	0.32015	0.00095	-0.32015	0.94735	0.00629	0.00112	-0.00627	0.99998		2.02237	8.38587	0.60792	0.39702	-0.11668	4.29362	0.47995	0.99719	-0.07487	0.00204	0.07485	0.99717	0.00693	-0.00255	-0.00676	0.99997	
8	0.04000	-7.13459	24.27839	1.25048	0.34013	-0.04526	-18.66850	0.52594	0.94739	0.32009	0.00079	-0.32009	0.94737	0.00594	0.00115	-0.00588	0.99998		2.01437	8.36178	0.60092	0.38821	-0.11866	4.29249	0.48949	0.99719	-0.07485	0.00207	0.07483	0.99717	0.00678	-0.00257	-0.00660	0.99997	
9	0.04500	-7.20990	24.25480	1.25822	0.32492	-0.01484	-18.67236	0.51673	0.94736	0.32016	0.00026	-0.32015	0.94735	0.00567	0.00157	-0.00546	0.99998		2.02521	8.34738	0.62197	0.38316	-0.12230	4.28870	0.48213	0.99720	-0.07478	0.00213	0.07477	0.99718	0.00669	-0.00263	-0.00651	0.99998	
10	0.05000	-7.19316	24.23318	1.23357	0.30229	-0.00236	-18.66603	0.52583	0.94740	0.32005	0.00004	-0.32005	0.94739	0.00528	0.00165	-0.00501	0.99999		2.05628	8.32769	0.63424	0.37542	-0.12737	4.28651	0.48044	0.99720	-0.07474	0.00222	0.07473	0.99718	0.00655	-0.00271	-0.00637	0.99998	
11	0.05500	-7.19448	24.21128	1.16429	0.28043	0.01065	-18.67380	0.51388	0.94736	0.32018	-0.00019	-0.32018	0.94735	0.00489	0.00174	-0.00458	0.99999		2.05053	8.31380	0.64886	0.36867	-0.12934	4.28855	0.48910	0.99720	-0.07478	0.00226	0.07476	0.99718	0.00643	-0.00273	-0.00625	0.99998	
12	0.06000	-7.20249	24.19552	1.13965	0.25998	0.02840	-18.67159	0.51254	0.94737	0.32014	-0.00050	-0.32014	0.94736	0.00454	0.00192	-0.00414	0.99999		2.08458	8.29535	0.62898	0.35977	-0.13119	4.28821	0.49721	0.99720	-0.07477	0.00229	0.07476	0.99718	0.00628	-0.00275	-0.00609	0.99998	
13	0.06500	-7.21152	24.16939	1.11102	0.24118	0.04708	-18.67748	0.51284	0.94734	0.32024	-0.00082	-0.32023	0.94733	0.00421	0.00213	-0.00372	0.99999		2.04986	8.26254	0.64353	0.35051	-0.12895	4.28554	0.49053	0.99720	-0.07473	0.00225	0.07471	0.99719	0.00612	-0.00270	-0.00593	0.99998	
14	0.07000	-7.22404	24.18111	1.08688	0.22188	0.06507	-18.67049	0.50331	0.94737	0.32012	-0.00114	-0.32012	0.94737	0.00387	0.00232	-0.00331	0.99999		2.08478	8.26032	0.62490	0.34206	-0.13211	4.28541	0.48731	0.99720	-0.07472	0.00231	0.07471	0.99719	0.00597	-0.00275	-0.00578	0.99998	
15	0.07500	-7.25833	24.13188	1.06977	0.20328	0.09173	-18.67830	0.50878	0.94733	0.32025	-0.00160	-0.32025	0.94733	0.00355	0.00265	-0.00285	0.99999		2.06806	8.24691	0.62473	0.33322	-0.13240	4.28239	0.47652	0.99721	-0.07467	0.00231	0.07466	0.99719	0.00582	-0.00274	-0.00563	0.99998	
16	0.08000	-7.26616	24.12857	1.04602	0.18095	0.10980	-18.67133	0.50163	0.94737	0.32014	-0.00192	-0.32013	0.94737	0.00316	0.00283	-0.00238	0.99999		2.05239	8.21103	0.62283	0.31999	-0.12770	4.28166	0.47261	0.99721	-0.07466	0.00223	0.07465	0.99719	0.00558	-0.00264	-0.00540	0.99998	
17	0.08500	-7.24821	24.10323	0.99651	0.15882	0.12659	-18.67307	0.50248	0.94736	0.32017	-0.00221	-0.32016	0.94736	0.00277	0.00298	-0.00192	0.99999		2.07648	8.20132	0.61723	0.30919	-0.12764	4.27941	0.48104	0.99721	-0.07462	0.00223	0.07461	0.99720	0.00540	-0.00262	-0.00522	0.99998	
18	0.09000	-7.32299	24.08809	0.99232	0.13960	0.14817	-18.66863	0.51628	0.94738	0.32009	-0.00259	-0.32009	0.94738	0.00244	0.00323	-0.00148	0.99999		2.08767	8.19550	0.60936	0.30083	-0.12856	4.28110	0.48044	0.99721	-0.07465	0.00224	0.07464	0.99720	0.00525	-0.00263	-0.00507	0.99998	
19	0.09500	-7.27537	24.06424	0.92457	0.11964	0.15656	-18.67879	0.49780	0.94733	0.32026	-0.00273	-0.32026	0.94733	0.00209	0.00326	-0.00110	0.99999		2.10630	8.17471	0.61045	0.28815	-0.12772	4.27937	0.48649	0.99721	-0.07462	0.00223	0.07461	0.99720	0.00503	-0.00260	-0.00485	0.99998	
20	0.10000	-7.26404	24.08435	0.87482	0.09680	0.16766	-18.66833	0.50581	0.94738	0.32009	-0.00293	-0.32008	0.94739	0.00169	0.00331	-0.00066	0.99999		2.12608	8.17358	0.60144	0.27612	-0.12937	4.28118	0.48717	0.99721	-0.07465	0.00226	0.07464	0.99720	0.00482	-0.00261	-0.00464	0.99999	
21	0.10500	-7.33919	24.04324	0.86158	0.08086	0.20120	-18.67292	0.50727	0.94736	0.32016	-0.00351	-0.32016	0.94736	0.00141	0.00378	-0.00021	0.99999		2.12965	8.16136	0.59166	0.26402	-0.12424	4.28021	0.51096	0.99721	-0.07463	0.00217	0.07462	0.99720	0.00461	-0.00251	-0.00443	0.99999	
22	0.11000	-7.33440	24.04811	0.80984	0.06161	0.21150	-18.67627	0.49089	0.94734	0.32022	-0.00369	-0.32022	0.94734	0.00108	0.00384	0.00016	0.99999		2.11236	8.13662	0.58190	0.25015	-0.12069	4.27777	0.50953	0.99721	-0.07459	0.00211	0.07458	0.99721	0.00437	-0.00243	-0.00420	0.99999	
23	0.11500	-7.38025	24.05929	0.77556	0.04534	0.23249	-18.67187	0.50074	0.94736	0.32015	-0.00406	-0.32014	0.94737	0.00079	0.00410	0.00055	0.99999		2.12867	8.12821	0.56371	0.23579	-0.11708	4.27755	0.53246	0.99721	-0.07459	0.00204	0.07458	0.99721	0.00412	-0.00234	-0.00395	0.99999	
24	0.12000	-7.36962	24.05988	0.71807	0.02976	0.24284	-18.67657	0.49773	0.94733	0.32022	-0.00424	-0.32022	0.94734	0.00052	0.00418	0.00087	0.99999		2.14169	8.10687	0.55637	0.22168	-0.11168	4.27833	0.56115	0.99721	-0.07460	0.00195	0.07459	0.99721	0.00387	-0.00223	-0.00371	0.99999	
25	0.12500	-7.38310	24.04916	0.68990	0.01399	0.26144	-18.68231	0.49485	0.94730	0.32032	-0.00456	-0.32032	0.94731	0.00024	0.00440	0.00123	0.99999		2.15580	8.09945	0.54387	0.20808	-0.10949	4.27594	0.55368	0.99721	-0.07456	0.00191	0.07455	0.99721	0.00363	-0.00218	-0.00348	0.99999	
26	0.13000	-7.37127	24.07188	0.62002	-0.00359	0.27121	-18.67804	0.48531	0.94732	0.32025	-0.00473	-0.32025	0.94733	-0.00006	0.00446	0.00158	0.99999		2.19039	8.08637	0.52265	0.19411	-0.10725	4.27735	0.57075	0.99721	-0.07458	0.00187	0.07458	0.99721	0.00339	-0.00212	-0.00324	0.99999	
27	0.13500	-7.36427	24.08026	0.57848	-0.01846	0.28353	-18.67593	0.48429	0.94733	0.32021	-0.00495	-0.32022	0.94734	-0.00032	0.00458	0.00189	0.99999		2.17421	8.07664	0.51316	0.17882	-0.09966	4.28044	0.59014	0.99721	-0.07464	0.00174	0.07463	0.99721	0.00312	-0.00197	-0.00298	0.99999	
28	0.14000	-7.39505	24.07648	0.54080	-0.03501	0.30288	-18.67926	0.49691	0.94731	0.32027	-0.00529	-0.32027	0.94733	-0.00061	0.00481	0.00227	0.99999		2.18110	8.08039	0.49633	0.16499	-0.09750	4.28119	0.62156	0.99721	-0.07465	0.00170	0.07465	0.99721	0.00288	-0.00191	-0.00274	0.99999	
29	0.14500	-7.29269	24.11503	0.46023	-0.05118	0.29726	-18.67957	0.47282	0.94731	0.32027	-0.00519	-0.32028	0.94732	-0.00089	0.00463	0.00251	0.99999		2.20269	8.06180	0.47838	0.14838	-0.08967	4.28218	0.63361	0.99721	-0.07467	0.00157	0.07466	0.99721	0.00259	-0.00175	-0.00247	1.00000	
30	0.15000	-7.40493	24.10325	0.45445	-0.06068	0.33147	-18.67644	0.47693	0.94733	0.32022	-0.00579	-0.32023	0.94734	-0.00106	0.00514	0.00286	0.99998		2.18283	8.04978	0.46540	0.13428	-0.08718	4.27913	0.65395	0.99721	-0.07462	0.00152	0.07461	0.99721	0.00234	-0.00169	-0.00222	1.00000	
31	0.15500	-7.39443	24.10200	0.40086	-0.07775	0.34075	-18.67340	0.48300	0.94734	0.32017	-0.00595	-0.32018	0.94736	-0.00136	0.00520	0.00319	0.99998		2.20932	8.03407	0.45784	0.11857	-0.08204	4.27716	0.64899	0.99721	-0.07458	0.00143	0.07458	0.99721	0.00207	-0.00158	-0.00196	1.00000	
32	0.16000	-7.41405	24.10977	0.36340	-0.08928	0.35494	-18.67533	0.48106	0.94733	0.32020	-0.00619	-0.32021	0.94734	-0.00156	0.00537	0.00346	0.99998		2.19346	8.00007	0.42365	0.09973	-0.07664	4.27770	0.65834	0.99721	-0.07459	0.00134	0.07459	0.99721	0.00174	-0.00146	-0.00164	1.00000	
33	0.16500	-7.38592	24.14629	0.30570	-0.09968	0.35995	-18.67929	0.47352	0.94731	0.32026	-0.00628	-0.32028	0.94732	-0.00174	0.00539	0.00366	0.99998		2.16333	8.01489	0.40178	0.08589	-0.06777	4.27951	0.67049	0.99721	-0.07462	0.00118	0.07462	0.99721	0.00150	-0.00129	-0.00141	1.00000	
34	0.17000	-7.39746	24.15796	0.25538	-0.10893	0.36822	-18.68089	0.48057	0.94730	0.32029	-0.00643	-0.32031	0.94731	-0.00190	0.00548	0.00386	0.99998		2.21398	7.99617	0.38906	0.07018	-0.06671	4.27877	0.68218	0.99721	-0.07461	0.00116	0.07461	0.99721	0.00122	-0.00125	-0.00113	1.00000	
35	0.17500	-7.51130	24.16899	0.25919	-0.11512	0.39619	-18.68041	0.47439	0.94730	0.32028	-0.00691	-0.32030	0.94731	-0.00201	0.00591	0.00412	0.99997		2.15830	7.98973	0.35632	0.05283	-0.05598	4.27642	0.70187	0.99722	-0.07457	0.00098	0.07457	0.99722	0.00092	-0.00104	-0.00085	1.00000	
36	0.18000	-7.43461	24.19913	0.17486	-0.12490	0.39425	-18.67582	0.47415	0.94732	0.32021	-0.00688	-0.32023	0.94734	-0.00218	0.00582	0.00427	0.99997		2.17685	7.98619	0.33724	0.03886	-0.05065	4.27867	0.70331	0.99721	-0.07461	0.00088	0.07461	0.99721	0.00068	-0.00093	-0.00061	1.00000	
37	0.18500	-7.37436	24.23911	0.13585	-0.13560	0.39196	-18.67729	0.45067	0.94732	0.32023	-0.00684	-0.32025	0.94733	-0.00237	0.00572	0.00443	0.99997		2.15777	7.97953	0.32298	0.02288	-0.04753	4.27848	0.70813	0.99721	-0.07460	0.00083	0.07460	0.99721	0.00040	-0.00086	-0.00034	1.00000	
38	0.19000	-7.41927	24.24123	0.10839	-0.14096	0.41090	-18.67757	0.46961	0.94731	0.32023	-0.00717	-0.32026	0.94733	-0.00246	0.00601	0.00463	0.99997		2.20643	7.98430	0.29034	0.00738	-0.04244	4.27249	0.70497	0.99722	-0.07450	0.00074	0.07450	0.99722	0.00013	-0.00075	-0.00007	1.00000	
39	0.19500	-7.44646	24.27272	0.06599	-0.14743	0.41756	-18.67488	0.47317	0.94733	0.32019	-0.00729	-0.32021	0.94734	-0.00257	0.00608	0.00477	0.99997		2.21203	7.97807	0.26458	-0.00920	-0.03509	4.27110	0.72504	0.99722	-0.07448	0.00061	0.07448	0.99722	-0.00016	-0.00060	0.00021	1.00000	
40	0.20000	-7.40772	24.30866	0.02508	-0.15265	0.41718	-18.67786	0.46180	0.94731	0.32024	-0.00728	-0.32026	0.94732	-0.00266	0.00604	0.00486	0.99997		2.19888	7.97943	0.24540	-0.02338	-0.02942	4.27398	0.74087	0.99722	-0.07453	0.00051	0.07453	0.99722	-0.00041	-0.00048	0.00045	1.00000	
41	0.20500	-7.39447	24.32142	-0.02121	-0.15763	0.42489	-18.68277	0.45602	0.94728	0.32032	-0.00742	-0.32035	0.94730	-0.00275	0.00614	0.00498	0.99997		2.21055	7.97057	0.22745	-0.03879	-0.02667	4.27175	0.74458	0.99722	-0.07449	0.00047	0.07449	0.99722	-0.00068	-0.00041	0.00071	1.00000	
42	0.21000	-7.52124	24.35914	-0.02307	-0.15557	0.44506	-18.67801	0.46253	0.94730	0.32024	-0.00777	-0.32027	0.94732	-0.00272	0.00649	0.00506	0.99997		2.22873	7.97878	0.18843	-0.05374	-0.02306	4.26825	0.76373	0.99723	-0.07443	0.00040	0.07443	0.99723	-0.00094	-0.00033	0.00097	1.00000	
43	0.21500	-7.47154	24.38861	-0.08610	-0.16202	0.44507	-18.67756	0.46103	0.94731	0.32023	-0.00777	-0.32026	0.94732	-0.00283	0.00645	0.00517	0.99997		2.25202	7.98885	0.18066	-0.07099	-0.01832	4.26171	0.76127	0.99723	-0.07431	0.00032	0.07431	0.99723	-0.00124	-0.00023	0.00126	1.00000	
44	0.22000	-7.50034	24.41550	-0.09036	-0.16339	0.45630	-18.67882	0.45144	0.94730	0.32025	-0.00796	-0.32028	0.94732	-0.00285	0.00663	0.00525	0.99996		2.26599	7.99073	0.15212	-0.08289	-0.01594	4.26125	0.76593	0.99724	-0.07430	0.00028	0.07430	0.99723	-0.00145	-0.00017	0.00146	1.00000	
45	0.22500	-7.52070	24.44662	-0.14222	-0.16249	0.46151	-18.67970	0.45061	0.94729	0.32027	-0.00805	-0.32030	0.94731	-0.00284	0.00672	0.00527	0.99996		2.25173	8.00287	0.11519	-0.09967	-0.01031	4.25211	0.77819	0.99725	-0.07415	0.00018	0.07415	0.99725	-0.00174	-0.00005	0.00175	1.00000	
46	0.23000	-7.53885	24.45503	-0.15178	-0.16494	0.47294	-18.67788	0.46125	0.94730	0.32024	-0.00825	-0.32027	0.94732	-0.00288	0.00690	0.00537	0.99996		2.26078	8.00052	0.08694	-0.11386	-0.00359	4.25147	0.77911	0.99725	-0.07413	0.00006	0.07413	0.99725	-0.00199	0.00008	0.00199	1.00000	
47	0.23500	-7.53021	24.49893	-0.19347	-0.16461	0.46694	-18.68090	0.45186	0.94729	0.32029	-0.00815	-0.32032	0.94731	-0.00287	0.00680	0.00533	0.99996		2.26942	8.00611	0.05663	-0.12533	-0.00379	4.24951	0.79431	0.99725	-0.07410	0.00007	0.07410	0.99725	-0.00219	0.00010	0.00219	1.00000	
48	0.24000	-7.55293	24.52255	-0.22069	-0.16402	0.47825	-18.67902	0.46010	0.94729	0.32026	-0.00835	-0.32029	0.94732	-0.00286	0.00699	0.00539	0.99996		2.23459	8.01158	0.02656	-0.14145	0.00421	4.25173	0.79372	0.99725	-0.07414	-0.00007	0.07414	0.99724	-0.00247	0.00026	0.00246	1.00000	
49	0.24500	-7.50682	24.56579	-0.26714	-0.16580	0.46746	-18.67796	0.46133	0.94730	0.32024	-0.00816	-0.32027	0.94732	-0.00289	0.00680	0.00535	0.99996		2.26147	8.01284	0.01079	-0.15224	0.00739	4.24679	0.79216	0.99725	-0.07405	-0.00013	0.07405	0.99725	-0.00266	0.00033	0.00264	1.00000	
50	0.25000	-7.51146	24.59186	-0.28428	-0.16689	0.47012	-18.67854	0.46198	0.94730	0.32025	-0.00821	-0.32028	0.94732	-0.00291	0.00684	0.00539	0.99996		2.27648	8.02289	-0.01396	-0.16346	0.01142	4.24693	0.81514	0.99725	-0.07405	-0.00020	0.07405	0.99725	-0.00285	0.00041	0.00283	1.00000	
51	0.25500	-7.53655	24.65321	-0.31097	-0.16213	0.47113	-18.67484	0.45677	0.94732	0.32019	-0.00822	-0.32022	0.94734	-0.00283	0.00688	0.00531	0.99996		2.27269	8.06323	-0.02940	-0.17042	0.01074	4.24790	0.82290	0.99725	-0.07407	-0.00019	0.07407	0.99725	-0.00297	0.00041	0.00295	1.00000	
52	0.26000	-7.51768	24.66817	-0.32430	-0.15875	0.47314	-18.67915	0.45491	0.94729	0.32026	-0.00826	-0.32029	0.94732	-0.00277	0.00694	0.00527	0.99996		2.28431	8.04730	-0.05560	-0.18484	0.01470	4.24495	0.82708	0.99726	-0.07402	-0.00026	0.07402	0.99725	-0.00323	0.00049	0.00320	0.99999	
53	0.26500	-7.48319	24.73411	-0.34700	-0.15479	0.46822	-18.67531	0.46036	0.94732	0.32019	-0.00817	-0.32022	0.94734	-0.00270	0.00688	0.00518	0.99996		2.28654	8.07674	-0.07844	-0.19278	0.01790	4.24596	0.83792	0.99726	-0.07404	-0.00031	0.07404	0.99725	-0.00336	0.00056	0.00333	0.99999	
54	0.27000	-7.49744	24.76580	-0.34918	-0.14763	0.47009	-18.68148	0.46772	0.94728	0.32030	-0.00820	-0.32033	0.94730	-0.00258	0.00695	0.00507	0.99996		2.28865	8.09480	-0.08359	-0.20001	0.02053	4.24373	0.83591	0.99726	-0.07400	-0.00036	0.07400	0.99725	-0.00349	0.00062	0.00345	0.99999	
55	0.27500	-7.52917	24.79301	-0.37925	-0.14309	0.47221	-18.68078	0.45829	0.94729	0.32028	-0.00824	-0.32031	0.94731	-0.00250	0.00701	0.00501	0.99996		2.29423	8.08746	-0.10386	-0.21142	0.01865	4.24096	0.85933	0.99726	-0.07395	-0.00033	0.07395	0.99726	-0.00369	0.00060	0.00366	0.99999	
56	0.28000	-7.50980	24.83529	-0.38390	-0.13904	0.47025	-18.68014	0.44497	0.94729	0.32027	-0.00821	-0.32030	0.94731	-0.00243	0.00700	0.00493	0.99996		2.28518	8.11150	-0.13081	-0.22011	0.02161	4.23741	0.85896	0.99727	-0.07389	-0.00038	0.07389	0.99726	-0.00384	0.00066	0.00380	0.99999	
57	0.28500	-7.48133	24.89259	-0.40803	-0.13155	0.46475	-18.67747	0.46343	0.94731	0.32023	-0.00811	-0.32026	0.94733	-0.00230	0.00695	0.00477	0.99996		2.29086	8.11564	-0.15235	-0.22761	0.02354	4.23937	0.85600	0.99726	-0.07392	-0.00041	0.07392	0.99726	-0.00397	0.00070	0.00393	0.99999	
58	0.29000	-7.51909	24.93617	-0.43081	-0.12504	0.46493	-18.67846	0.46524	0.94730	0.32025	-0.00811	-0.32027	0.94732	-0.00218	0.00699	0.00467	0.99996		2.26551	8.14737	-0.16740	-0.23275	0.02404	4.23780	0.87052	0.99727	-0.07390	-0.00042	0.07389	0.99726	-0.00406	0.00072	0.00402	0.99999	
59	0.29500	-7.46838	24.97132	-0.42772	-0.11977	0.45876	-18.67825	0.46995	0.94730	0.32024	-0.00801	-0.32027	0.94732	-0.00209	0.00692	0.00454	0.99997		2.32969	8.14209	-0.17722	-0.24078	0.02071	4.23559	0.86747	0.99727	-0.07386	-0.00036	0.07386	0.99726	-0.00420	0.00067	0.00416	0.99999	
60	0.30000	-7.52517	25.01736	-0.42210	-0.10897	0.46424	-18.68080	0.47543	0.94729	0.32029	-0.00810	-0.32031	0.94731	-0.00190	0.00707	0.00440	0.99997		2.29484	8.17525	-0.19760	-0.24335	0.02435	4.23512	0.87718	0.99727	-0.07385	-0.00042	0.07385	0.99726	-0.00425	0.00074	0.00420	0.99999	
61	0.30500	-7.45745	25.08790	-0.44699	-0.10386	0.44241	-18.67713	0.46330	0.94731	0.32023	-0.00772	-0.32025	0.94733	-0.00181	0.00673	0.00419	0.99997		2.28671	8.19510	-0.20582	-0.24690	0.02174	4.23577	0.88835	0.99727	-0.07386	-0.00038	0.07386	0.99726	-0.00431	0.00070	0.00427	0.99999	
62	0.31000	-7.47730	25.12335	-0.42926	-0.09271	0.45098	-18.67556	0.47077	0.94732	0.32020	-0.00787	-0.32022	0.94734	-0.00162	0.00694	0.00405	0.99997		2.27826	8.20399	-0.22187	-0.25143	0.02404	4.23799	0.89140	0.99727	-0.07390	-0.00042	0.07390	0.99726	-0.00439	0.00074	0.00435	0.99999	
63	0.31500	-7.47446	25.15582	-0.43429	-0.08882	0.44338	-18.67603	0.48657	0.94732	0.32021	-0.00774	-0.32023	0.94734	-0.00155	0.00683	0.00395	0.99997		2.27491	8.23896	-0.23830	-0.25214	0.01745	4.24058	0.91229	0.99726	-0.07394	-0.00030	0.07394	0.99725	-0.00440	0.00063	0.00437	0.99999	
64	0.32000	-7.41420	25.22391	-0.43936	-0.07918	0.42829	-18.67816	0.47641	0.94731	0.32024	-0.00748	-0.32026	0.94733	-0.00138	0.00664	0.00370	0.99997		2.27558	8.25971	-0.24009	-0.25317	0.01941	4.23435	0.89149	0.99727	-0.07384	-0.00034	0.07383	0.99726	-0.00442	0.00066	0.00438	0.99999	
65	0.32500	-7.41349	25.26943	-0.43575	-0.06954	0.42229	-18.68130	0.47128	0.94729	0.32030	-0.00737	-0.32031	0.94731	-0.00121	0.00659	0.00351	0.99997		2.30977	8.28909	-0.24556	-0.25384	0.01483	4.23583	0.90934	0.99727	-0.07386	-0.00026	0.07386	0.99726	-0.00443	0.00059	0.00440	0.99999	
66	0.33000	-7.41352	25.31573	-0.44930	-0.06141	0.41627	-18.68049	0.46320	0.94729	0.32028	-0.00727	-0.32030	0.94732	-0.00107	0.00654	0.00334	0.99997		2.25078	8.29791	-0.26222	-0.25454	0.01467	4.23535	0.91774	0.99727	-0.07385	-0.00026	0.07385	0.99726	-0.00444	0.00058	0.00441	0.99999	
67	0.33500	-7.45162	25.33789	-0.40475	-0.05218	0.42388	-18.68231	0.46271	0.94728	0.32031	-0.00740	-0.32033	0.94731	-0.00091	0.00672	0.00323	0.99997		2.25348	8.32902	-0.25887	-0.24989	0.01311	4.23694	0.92490	0.99727	-0.07388	-0.00023	0.07388	0.99726	-0.00436	0.00055	0.00433	0.99999	
68	0.34000	-7.48269	25.37580	-0.37840	-0.04354	0.42291	-18.67691	0.49144	0.94731	0.32022	-0.00738	-0.32024	0.94734	-0.00076	0.00675	0.00308	0.99997		2.21630	8.34887	-0.26866	-0.25310	0.01354	4.23662	0.91081	0.99727	-0.07388	-0.00024	0.07387	0.99726	-0.00442	0.00056	0.00439	0.99999	
69	0.34500	-7.39009	25.44177	-0.42381	-0.03760	0.39695	-18.68069	0.47866	0.94730	0.32029	-0.00693	-0.32030	0.94732	-0.00066	0.00635	0.00284	0.99998		2.22291	8.37947	-0.27544	-0.24804	0.00923	4.23507	0.92187	0.99727	-0.07385	-0.00016	0.07385	0.99726	-0.00433	0.00048	0.00431	0.99999	
70	0.35000	-7.38264	25.49430	-0.40499	-0.02751	0.38998	-18.67310	0.48439	0.94734	0.32016	-0.00681	-0.32017	0.94736	-0.00048	0.00629	0.00263	0.99998		2.24278	8.38993	-0.27741	-0.24566	0.00737	4.23194	0.93189	0.99727	-0.07379	-0.00013	0.07379	0.99726	-0.00429	0.00044	0.00427	0.99999	
71	0.35500	-7.35488	25.53027	-0.39244	-0.01960	0.38287	-18.68016	0.48046	0.94730	0.32028	-0.00668	-0.32029	0.94732	-0.00034	0.00622	0.00246	0.99998		2.21075	8.41533	-0.26691	-0.24291	0.00665	4.23499	0.93753	0.99727	-0.07385	-0.00012	0.07385	0.99726	-0.00424	0.00043	0.00422	0.99999	
72	0.36000	-7.41352	25.59812	-0.37376	-0.00865	0.38102	-18.67325	0.48586	0.94734	0.32016	-0.00665	-0.32017	0.94736	-0.00015	0.00625	0.00227	0.99998		2.21788	8.44933	-0.27161	-0.23452	0.00070	4.23745	0.93005	0.99727	-0.07389	-0.00001	0.07389	0.99726	-0.00409	0.00031	0.00408	0.99999	
73	0.36500	-7.33183	25.62952	-0.34828	-0.00088	0.36398	-18.67489	0.47982	0.94733	0.32019	-0.00635	-0.32020	0.94735	-0.00002	0.00601	0.00205	0.99998		2.25154	8.47687	-0.25950	-0.22974	-0.00126	4.23543	0.92412	0.99727	-0.07385	0.00002	0.07385	0.99726	-0.00401	0.00027	0.00400	0.99999	
74	0.37000	-7.39981	25.68275	-0.32031	0.00947	0.36912	-18.67647	0.47962	0.94732	0.32022	-0.00644	-0.32022	0.94734	0.00017	0.00616	0.00191	0.99998		2.16416	8.50934	-0.25993	-0.22289	-0.00169	4.23624	0.93240	0.99727	-0.07387	0.00003	0.07387	0.99726	-0.00389	0.00026	0.00388	0.99999	
75	0.37500	-7.33760	25.72431	-0.31317	0.01754	0.34871	-18.67151	0.50173	0.94735	0.32014	-0.00609	-0.32014	0.94737	0.00031	0.00586	0.00166	0.99998		2.20790	8.51422	-0.25834	-0.21679	-0.00596	4.23748	0.92094	0.99727	-0.07389	0.00010	0.07389	0.99726	-0.00378	0.00018	0.00378	0.99999	
76	0.38000	-7.35164	25.77554	-0.27599	0.02754	0.34499	-18.67098	0.49031	0.94736	0.32013	-0.00602	-0.32013	0.94737	0.00048	0.00586	0.00147	0.99998		2.16790	8.54982	-0.24845	-0.20754	-0.00778	4.23647	0.91009	0.99727	-0.07387	0.00014	0.07387	0.99726	-0.00362	0.00013	0.00362	0.99999	
77	0.38500	-7.34667	25.79397	-0.23815	0.03446	0.33874	-18.67501	0.49282	0.94733	0.32019	-0.00591	-0.32020	0.94735	0.00060	0.00579	0.00132	0.99998		2.12364	8.57190	-0.23663	-0.19909	-0.00711	4.24178	0.92859	0.99726	-0.07397	0.00012	0.07397	0.99725	-0.00347	0.00013	0.00347	0.99999	
78	0.39000	-7.22497	25.84398	-0.25803	0.04014	0.31124	-18.67440	0.48104	0.94734	0.32019	-0.00543	-0.32019	0.94735	0.00070	0.00537	0.00108	0.99998		2.16471	8.60878	-0.23011	-0.18660	-0.01435	4.23914	0.90853	0.99726	-0.07392	0.00025	0.07392	0.99726	-0.00326	-0.00001	0.00327	0.99999	
79	0.39500	-7.22638	25.90785	-0.22087	0.04633	0.29924	-18.66624	0.49055	0.94739	0.32005	-0.00522	-0.32005	0.94740	0.00081	0.00521	0.00091	0.99999		2.11525	8.62091	-0.23223	-0.18034	-0.01308	4.24023	0.90797	0.99726	-0.07394	0.00023	0.07394	0.99726	-0.00315	0.00001	0.00316	0.99999	
80	0.40000	-7.20789	25.94423	-0.20740	0.05449	0.28435	-18.67213	0.48750	0.94735	0.32015	-0.00496	-0.32015	0.94737	0.00095	0.00501	0.00069	0.99999		2.10634	8.63781	-0.21757	-0.17132	-0.01552	4.24161	0.92153	0.99726	-0.07396	0.00027	0.07396	0.99726	-0.00299	-0.00005	0.00300	1.00000	
81	0.40500	-7.22232	25.96577	-0.15815	0.06404	0.28350	-18.67327	0.49546	0.94735	0.32017	-0.00495	-0.32017	0.94736	0.00112	0.00505	0.00053	0.99999		2.13429	8.65330	-0.20414	-0.15924	-0.02100	4.24101	0.90062	0.99726	-0.07395	0.00037	0.07395	0.99726	-0.00278	-0.00016	0.00280	1.00000	
82	0.41000	-7.18846	26.02713	-0.15597	0.07072	0.26335	-18.67716	0.47561	0.94733	0.32023	-0.00460	-0.32023	0.94734	0.00123	0.00475	0.00030	0.99999		2.07873	8.69866	-0.18211	-0.14681	-0.02020	4.24124	0.90631	0.99726	-0.07396	0.00035	0.07396	0.99726	-0.00256	-0.00016	0.00258	1.00000	
83	0.41500	-7.15461	26.08534	-0.11943	0.07993	0.25124	-18.66888	0.48184	0.94738	0.32010	-0.00438	-0.32009	0.94739	0.00140	0.00460	0.00008	0.99999		2.07860	8.71462	-0.16207	-0.13374	-0.02250	4.24522	0.89314	0.99726	-0.07403	0.00039	0.07403	0.99725	-0.00233	-0.00022	0.00236	1.00000	
84	0.42000	-7.13639	26.11910	-0.08534	0.08282	0.23771	-18.66851	0.49597	0.94738	0.32009	-0.00415	-0.32009	0.94739	0.00145	0.00439	-0.00004	0.99999		2.06980	8.74459	-0.15520	-0.12283	-0.02483	4.24354	0.90225	0.99726	-0.07400	0.00043	0.07400	0.99726	-0.00214	-0.00027	0.00217	1.00000	
85	0.42500	-7.11832	26.14598	-0.03845	0.09354	0.23053	-18.67483	0.47942	0.94734	0.32019	-0.00402	-0.32019	0.94735	0.00163	0.00433	-0.00026	0.99999		2.06287	8.76682	-0.12703	-0.10910	-0.02615	4.24461	0.88892	0.99726	-0.07401	0.00046	0.07402	0.99726	-0.00190	-0.00031	0.00193	1.00000	
86	0.43000	-7.18735	26.18498	0.01713	0.09723	0.22411	-18.66636	0.48666	0.94739	0.32005	-0.00391	-0.32005	0.94740	0.00170	0.00425	-0.00036	0.99999		2.06111	8.79268	-0.10240	-0.09434	-0.02798	4.24877	0.87508	0.99725	-0.07409	0.00049	0.07409	0.99725	-0.00165	-0.00036	0.00168	1.00000	
87	0.43500	-7.05920	26.20432	0.04044	0.10068	0.20056	-18.67472	0.47554	0.94735	0.32019	-0.00350	-0.32019	0.94735	0.00176	0.00388	-0.00054	0.99999		2.01683	8.81245	-0.09724	-0.08139	-0.02646	4.25027	0.87282	0.99725	-0.07411	0.00046	0.07411	0.99725	-0.00142	-0.00036	0.00145	1.00000	
88	0.44000	-7.10291	26.25529	0.09374	0.10985	0.19605	-18.66788	0.49314	0.94738	0.32008	-0.00342	-0.32008	0.94739	0.00192	0.00386	-0.00072	0.99999		2.03105	8.85221	-0.07116	-0.06531	-0.02942	4.25034	0.86880	0.99725	-0.07411	0.00051	0.07411	0.99725	-0.00114	-0.00043	0.00117	1.00000	
89	0.44500	-7.02893	26.30637	0.07966	0.11243	0.16815	-18.66724	0.48300	0.94739	0.32007	-0.00293	-0.32007	0.94739	0.00196	0.00341	-0.00092	0.99999		2.01270	8.88198	-0.03799	-0.04943	-0.03027	4.25360	0.86152	0.99725	-0.07417	0.00053	0.07417	0.99725	-0.00086	-0.00046	0.00090	1.00000	
90	0.45000	-7.04716	26.32392	0.16772	0.11749	0.16916	-18.66420	0.48578	0.94741	0.32002	-0.00295	-0.32001	0.94741	0.00205	0.00345	-0.00100	0.99999		2.00430	8.90555	-0.00110	-0.03449	-0.03177	4.25010	0.84458	0.99725	-0.07411	0.00055	0.07411	0.99725	-0.00060	-0.00051	0.00064	1.00000	
91	0.45500	-7.06744	26.34662	0.20605	0.12268	0.16025	-18.66833	0.50103	0.94738	0.32009	-0.00280	-0.32008	0.94739	0.00214	0.00334	-0.00113	0.99999		1.98554	8.91215	0.01250	-0.02136	-0.03003	4.25001	0.84759	0.99725	-0.07411	0.00052	0.07411	0.99725	-0.00037	-0.00050	0.00041	1.00000	
92	0.46000	-7.03668	26.37289	0.23109	0.12320	0.13975	-18.67217	0.48364	0.94736	0.32015	-0.00244	-0.32015	0.94737	0.00215	0.00300	-0.00126	0.99999		1.95652	8.94899	0.03473	-0.00728	-0.02861	4.25473	0.83723	0.99724	-0.07419	0.00050	0.07419	0.99724	-0.00013	-0.00049	0.00016	1.00000	
93	0.46500	-6.99073	26.40848	0.26146	0.12651	0.12183	-18.66616	0.49045	0.94740	0.32005	-0.00213	-0.32005	0.94740	0.00221	0.00272	-0.00141	1.00000		1.93796	8.95130	0.05858	0.00690	-0.02347	4.25699	0.82959	0.99724	-0.07423	0.00041	0.07423	0.99724	0.00012	-0.00042	-0.00009	1.00000	
94	0.47000	-7.06031	26.41006	0.34124	0.13379	0.12694	-18.66751	0.49211	0.94739	0.32008	-0.00222	-0.32007	0.94739	0.00234	0.00285	-0.00150	0.99999		1.94608	8.96425	0.08894	0.02062	-0.02769	4.25662	0.83356	0.99724	-0.07422	0.00048	0.07422	0.99724	0.00036	-0.00051	-0.00032	1.00000	
95	0.47500	-6.95231	26.42826	0.36974	0.13081	0.10002	-18.66799	0.49531	0.94739	0.32008	-0.00175	-0.32008	0.94739	0.00228	0.00238	-0.00160	1.00000		1.93548	8.98444	0.11386	0.03414	-0.02481	4.25964	0.80914	0.99724	-0.07428	0.00043	0.07428	0.99724	0.00060	-0.00048	-0.00056	1.00000	
96	0.48000	-6.97012	26.43310	0.41894	0.13496	0.09353	-18.67293	0.46906	0.94736	0.32017	-0.00163	-0.32016	0.94736	0.00236	0.00230	-0.00171	1.00000		1.93800	8.99841	0.14203	0.04887	-0.01959	4.26082	0.80868	0.99724	-0.07430	0.00034	0.07430	0.99724	0.00085	-0.00040	-0.00083	1.00000	
97	0.48500	-6.92816	26.47629	0.44494	0.13655	0.07071	-18.66383	0.49053	0.94741	0.32001	-0.00123	-0.32001	0.94741	0.00238	0.00193	-0.00186	1.00000		1.88773	9.00442	0.15967	0.06316	-0.01719	4.26804	0.80423	0.99723	-0.07442	0.00030	0.07442	0.99723	0.00110	-0.00038	-0.00108	1.00000	
98	0.49000	-6.92345	26.46630	0.51834	0.13597	0.06745	-18.66734	0.49398	0.94739	0.32007	-0.00118	-0.32007	0.94739	0.00237	0.00187	-0.00187	1.00000		1.85010	9.00445	0.18446	0.07636	-0.01367	4.27371	0.81180	0.99722	-0.07452	0.00024	0.07452	0.99722	0.00133	-0.00034	-0.00131	1.00000	
99	0.49500	-6.88541	26.48385	0.55019	0.13763	0.05016	-18.66897	0.49126	0.94738	0.32010	-0.00088	-0.32010	0.94738	0.00240	0.00160	-0.00200	1.00000		1.81933	9.00566	0.20347	0.08908	-0.00844	4.27252	0.80643	0.99722	-0.07450	0.00015	0.07450	0.99722	0.00155	-0.00026	-0.00154	1.00000	
100	0.50000	-6.86413	26.49231	0.59159	0.13461	0.03444	-18.66587	0.48836	0.94740	0.32005	-0.00060	-0.32005	0.94740	0.00235	0.00132	-0.00203	1.00000		1.83289	9.02613	0.23367	0.10294	-0.00638	4.27516	0.80920	0.99722	-0.07455	0.00011	0.07455	0.99722	0.00180	-0.00025	-0.00178	1.00000	
101	0.50500	-6.80958	26.51433	0.61070	0.13421	0.01372	-18.66309	0.48913	0.94742	0.32000	-0.00024	-0.32000	0.94741	0.00234	0.00098	-0.00214	1.00000		1.82407	9.05570	0.25958	0.11806	-0.00374	4.27870	0.80324	0.99721	-0.07461	0.00007	0.07461	0.99721	0.00206	-0.00022	-0.00205	1.00000	
102	0.51000	-6.82657	26.48468	0.68124	0.13293	0.00631	-18.66998	0.49250	0.94738	0.32012	-0.00011	-0.32012	0.94738	0.00232	0.00085	-0.00216	1.00000		1.79990	9.03277	0.29833	0.12652	-0.00002	4.27475	0.79512	0.99722	-0.07454	0.00000	0.07454	0.99722	0.00221	-0.00016	-0.00220	1.00000	
103	0.51500	-6.85686	26.48113	0.73848	0.13326	0.00069	-18.67257	0.48391	0.94736	0.32016	-0.00001	-0.32016	0.94736	0.00233	0.00076	-0.00220	1.00000		1.75553	9.04349	0.32130	0.13858	0.00522	4.28217	0.80106	0.99721	-0.07467	-0.00009	0.07467	0.99721	0.00242	-0.00009	-0.00242	1.00000	
104	0.52000	-6.84581	26.49507	0.79796	0.13534	-0.00640	-18.66794	0.49364	0.94739	0.32008	0.00011	-0.32008	0.94739	0.00236	0.00065	-0.00227	1.00000		1.75808	9.06052	0.34325	0.15138	0.01232	4.28263	0.79870	0.99721	-0.07468	-0.00022	0.07468	0.99720	0.00264	0.00002	-0.00265	1.00000	
105	0.52500	-6.81502	26.50182	0.82191	0.13377	-0.02495	-18.66540	0.49372	0.94740	0.32004	0.00044	-0.32004	0.94740	0.00233	0.00033	-0.00235	1.00000		1.77915	9.04455	0.37621	0.16076	0.01272	4.28549	0.76325	0.99720	-0.07473	-0.00022	0.07473	0.99720	0.00281	0.00001	-0.00281	1.00000	
106	0.53000	-6.82344	26.50221	0.87428	0.13395	-0.03282	-18.66421	0.49431	0.94741	0.32002	0.00057	-0.32002	0.94741	0.00234	0.00021	-0.00240	1.00000		1.77308	9.05516	0.41534	0.17044	0.01664	4.28916	0.77038	0.99720	-0.07479	-0.00029	0.07479	0.99719	0.00297	0.00007	-0.00299	1.00000	
107	0.53500	-6.78817	26.50131	0.91969	0.13408	-0.04655	-18.66477	0.47962	0.94741	0.32003	0.00081	-0.32003	0.94740	0.00234	-0.00002	-0.00248	1.00000		1.76499	9.05360	0.43602	0.18056	0.02337	4.28686	0.76448	0.99720	-0.07475	-0.00041	0.07475	0.99720	0.00315	0.00017	-0.00317	0.99999	
108	0.54000	-6.76437	26.49957	0.93195	0.13074	-0.06531	-18.66570	0.47277	0.94740	0.32005	0.00114	-0.32005	0.94740	0.00228	-0.00035	-0.00253	1.00000		1.75295	9.04806	0.45809	0.18729	0.03134	4.28921	0.76137	0.99720	-0.07479	-0.00055	0.07479	0.99719	0.00327	0.00030	-0.00330	0.99999	
109	0.54500	-6.75918	26.46348	0.99649	0.13342	-0.06725	-18.67315	0.47374	0.94736	0.32017	0.00117	-0.32017	0.94736	0.00233	-0.00037	-0.00258	1.00000		1.75840	9.06297	0.49553	0.19701	0.03179	4.29162	0.75291	0.99720	-0.07483	-0.00055	0.07483	0.99719	0.00344	0.00030	-0.00347	0.99999	
110	0.55000	-6.74165	26.45257	1.02741	0.13048	-0.07715	-18.66824	0.48562	0.94739	0.32009	0.00135	-0.32009	0.94738	0.00228	-0.00055	-0.00259	1.00000		1.75007	9.06251	0.51719	0.20354	0.04072	4.29099	0.75040	0.99720	-0.07482	-0.00071	0.07482	0.99719	0.00355	0.00044	-0.00360	0.99999	
111	0.55500	-6.78767	26.45374	1.08423	0.13275	-0.08023	-18.67112	0.47591	0.94737	0.32014	0.00140	-0.32014	0.94737	0.00232	-0.00058	-0.00264	1.00000		1.72715	9.07023	0.54488	0.21053	0.04728	4.28937	0.73831	0.99720	-0.07479	-0.00083	0.07480	0.99719	0.00367	0.00055	-0.00373	0.99999	
112	0.56000	-6.71146	26.43687	1.09158	0.12784	-0.09849	-18.66767	0.47408	0.94739	0.32008	0.00172	-0.32008	0.94739	0.00223	-0.00091	-0.00266	1.00000		1.74681	9.06257	0.57834	0.21822	0.05172	4.29323	0.73069	0.99719	-0.07486	-0.00090	0.07486	0.99719	0.00381	0.00062	-0.00387	0.99999	
113	0.56500	-6.72388	26.41777	1.13346	0.12811	-0.10047	-18.66463	0.48948	0.94741	0.32003	0.00175	-0.32003	0.94740	0.00224	-0.00095	-0.00268	1.00000		1.70702	9.03808	0.60456	0.22066	0.06245	4.29482	0.72728	0.99719	-0.07489	-0.00109	0.07489	0.99718	0.00385	0.00080	-0.00392	0.99999	
114	0.57000	-6.63300	26.35358	1.19475	0.10612	-0.13190	-18.65268	0.50592	0.94747	0.31983	0.00230	-0.31983	0.94747	0.00185	-0.00159	-0.00249	1.00000		1.69860	9.05436	0.61965	0.22479	0.06725	4.29521	0.73538	0.99719	-0.07490	-0.00117	0.07490	0.99718	0.00392	0.00088	-0.00400	0.99999	
115	0.57500	-6.74400	26.39603	1.17606	0.12600	-0.11860	-18.66040	0.47534	0.94743	0.31996	0.00207	-0.31996	0.94743	0.00220	-0.00126	-0.00275	1.00000		1.73711	9.02201	0.65059	0.22936	0.07320	4.29939	0.73258	0.99719	-0.07497	-0.00128	0.07497	0.99718	0.00400	0.00097	-0.00409	0.99999	
116	0.58000	-6.66905	26.29523	1.25440	0.10029	-0.14484	-18.65314	0.50102	0.94747	0.31984	0.00253	-0.31984	0.94747	0.00175	-0.00184	-0.00247	1.00000		1.67452	9.04158	0.65006	0.23249	0.08204	4.29786	0.73920	0.99719	-0.07494	-0.00143	0.07495	0.99718	0.00406	0.00112	-0.00415	0.99999	
117	0.58500	-6.71207	26.25785	1.29635	0.10085	-0.14138	-18.64920	0.50225	0.94749	0.31977	0.00247	-0.31978	0.94749	0.00176	-0.00178	-0.00246	1.00000		1.70377	9.03837	0.66730	0.23610	0.08858	4.29871	0.71776	0.99719	-0.07496	-0.00155	0.07496	0.99718	0.00412	0.00123	-0.00422	0.99999	
118	0.59000	-6.65225	26.23333	1.32021	0.09821	-0.15730	-18.64699	0.50135	0.94750	0.31974	0.00275	-0.31974	0.94750	0.00171	-0.00205	-0.00250	0.99999		1.71673	9.01806	0.70928	0.23676	0.09422	4.29996	0.73168	0.99718	-0.07498	-0.00164	0.07498	0.99718	0.00413	0.00133	-0.00424	0.99999	
119	0.59500	-6.68764	26.21071	1.35024	0.09699	-0.15682	-18.64337	0.51082	0.94752	0.31968	0.00274	-0.31968	0.94752	0.00169	-0.00205	-0.00248	0.99999		1.70038	9.02110	0.72714	0.23774	0.09852	4.29974	0.74103	0.99718	-0.07497	-0.00172	0.07498	0.99718	0.00415	0.00140	-0.00427	0.99999	
120	0.60000	-6.63523	26.16819	1.36111	0.09499	-0.16523	-18.64458	0.49686	0.94752	0.31970	0.00288	-0.31970	0.94752	0.00166	-0.00220	-0.00249	0.99999		1.69644	8.99228	0.75444	0.23839	0.10677	4.30202	0.73162	0.99718	-0.07501	-0.00186	0.07502	0.99717	0.00416	0.00155	-0.00429	0.99999	
121	0.60500	-6.62475	26.13904	1.37910	0.09270	-0.16764	-18.64313	0.49501	0.94752	0.31967	0.00293	-0.31968	0.94753	0.00162	-0.00226	-0.00247	0.99999		1.68229	8.99482	0.76511	0.23760	0.11432	4.30015	0.71813	0.99718	-0.07498	-0.00200	0.07499	0.99718	0.00415	0.00168	-0.00428	0.99999	
122	0.61000	-6.67188	26.11102	1.39617	0.09302	-0.16786	-18.64383	0.49963	0.94752	0.31968	0.00293	-0.31969	0.94752	0.00162	-0.00226	-0.00247	0.99999		1.67787	8.99556	0.78640	0.23878	0.12027	4.30373	0.72478	0.99718	-0.07504	-0.00210	0.07505	0.99717	0.00417	0.00178	-0.00431	0.99999	
123	0.61500	-6.65063	26.06250	1.42577	0.09148	-0.17022	-18.64421	0.50964	0.94752	0.31969	0.00297	-0.31969	0.94752	0.00160	-0.00230	-0.00246	0.99999		1.68630	8.98278	0.79537	0.23668	0.12887	4.30435	0.72861	0.99718	-0.07505	-0.00225	0.07506	0.99717	0.00413	0.00193	-0.00429	0.99999	
124	0.62000	-6.68432	26.03782	1.44767	0.09298	-0.16799	-18.64332	0.50024	0.94752	0.31967	0.00293	-0.31968	0.94752	0.00162	-0.00226	-0.00247	0.99999		1.67442	8.96420	0.79532	0.23435	0.13244	4.30610	0.71774	0.99717	-0.07508	-0.00231	0.07509	0.99717	0.00409	0.00200	-0.00425	0.99999	
125	0.62500	-6.67524	25.99634	1.46544	0.09104	-0.17053	-18.64275	0.50225	0.94753	0.31966	0.00298	-0.31967	0.94753	0.00159	-0.00231	-0.00246	0.99999		1.69164	8.95364	0.81944	0.23222	0.13800	4.30825	0.73138	0.99717	-0.07512	-0.00241	0.07513	0.99717	0.00405	0.00210	-0.00422	0.99999	
126	0.63000	-6.72340	25.93117	1.49999	0.09025	-0.16245	-18.64195	0.48771	0.94753	0.31965	0.00284	-0.31966	0.94753	0.00158	-0.00218	-0.00240	0.99999		1.72334	8.92162	0.82834	0.22617	0.14408	4.30673	0.73252	0.99717	-0.07510	-0.00251	0.07511	0.99717	0.00395	0.00221	-0.00413	0.99999	
127	0.63500	-6.71469	25.88975	1.50061	0.08832	-0.16493	-18.64140	0.48974	0.94753	0.31964	0.00288	-0.31965	0.94754	0.00154	-0.00223	-0.00238	0.99999		1.69550	8.92002	0.82854	0.22332	0.14739	4.30698	0.71679	0.99717	-0.07510	-0.00257	0.07511	0.99717	0.00390	0.00227	-0.00408	0.99999	
128	0.64000	-6.72357	25.84534	1.50757	0.08802	-0.15892	-18.63847	0.50145	0.94755	0.31959	0.00277	-0.31960	0.94755	0.00154	-0.00214	-0.00234	0.99999		1.70848	8.89647	0.83359	0.21971	0.15523	4.31002	0.72725	0.99717	-0.07515	-0.00271	0.07516	0.99716	0.00383	0.00241	-0.00403	0.99999	
129	0.64500	-6.74643	25.78642	1.53256	0.08945	-0.15250	-18.64399	0.50337	0.94752	0.31969	0.00266	-0.31969	0.94752	0.00156	-0.00202	-0.00233	1.00000		1.71128	8.88384	0.85427	0.21365	0.15674	4.30876	0.72009	0.99717	-0.07513	-0.00274	0.07514	0.99717	0.00373	0.00245	-0.00392	0.99999	
130	0.65000	-6.73066	25.76552	1.51120	0.08915	-0.15446	-18.63955	0.50108	0.94754	0.31961	0.00270	-0.31962	0.94755	0.00156	-0.00206	-0.00234	1.00000		1.71189	8.86738	0.83990	0.20891	0.16179	4.31169	0.74084	0.99717	-0.07518	-0.00282	0.07519	0.99716	0.00365	0.00254	-0.00385	0.99999	
131	0.65500	-6.70519	25.70519	1.52098	0.08819	-0.15794	-18.64181	0.49742	0.94753	0.31965	0.00276	-0.31965	0.94753	0.00154	-0.00212	-0.00234	1.00000		1.76286	8.86169	0.84545	0.20472	0.16221	4.31255	0.73245	0.99716	-0.07520	-0.00283	0.07521	0.99716	0.00357	0.00255	-0.00378	0.99999	
132	0.66000	-6.72213	25.65974	1.52007	0.09100	-0.14744	-18.64590	0.47849	0.94751	0.31972	0.00257	-0.31972	0.94751	0.00159	-0.00193	-0.00233	1.00000		1.74189	8.83599	0.84489	0.19716	0.16915	4.31352	0.73946	0.99716	-0.07521	-0.00295	0.07522	0.99716	0.00344	0.00268	-0.00365	0.99999	
133	0.66500	-6.80254	25.61674	1.53819	0.09262	-0.13354	-18.64137	0.50080	0.94754	0.31964	0.00233	-0.31965	0.94754	0.00162	-0.00169	-0.00228	1.00000		1.74176	8.81988	0.84273	0.18970	0.17279	4.31227	0.73029	0.99716	-0.07519	-0.00302	0.07520	0.99716	0.00331	0.00276	-0.00353	0.99999	
134	0.67000	-6.76038	25.57421	1.52832	0.09323	-0.12996	-18.63758	0.50019	0.94756	0.31958	0.00227	-0.31958	0.94756	0.00163	-0.00163	-0.00227	1.00000		1.72311	8.77709	0.82805	0.18103	0.17570	4.31485	0.74723	0.99716	-0.07524	-0.00307	0.07525	0.99716	0.00316	0.00282	-0.00338	0.99999	
135	0.67500	-6.80951	25.53665	1.51033	0.09606	-0.12218	-18.63828	0.49794	0.94755	0.31959	0.00213	-0.31960	0.94755	0.00168	-0.00148	-0.00227	1.00000		1.76587	8.78064	0.82476	0.17606	0.17619	4.31568	0.72526	0.99716	-0.07525	-0.00308	0.07526	0.99716	0.00307	0.00284	-0.00330	0.99999	
136	0.68000	-6.77790	25.48355	1.50030	0.09558	-0.11598	-18.63486	0.49816	0.94757	0.31954	0.00202	-0.31954	0.94757	0.00167	-0.00139	-0.00223	1.00000		1.73381	8.76860	0.81017	0.17068	0.18178	4.31699	0.74768	0.99716	-0.07527	-0.00317	0.07528	0.99716	0.00298	0.00294	-0.00321	0.99999	
137	0.68500	-6.74781	25.42011	1.47675	0.09145	-0.11906	-18.63676	0.48562	0.94756	0.31957	0.00208	-0.31957	0.94756	0.00160	-0.00146	-0.00218	1.00000		1.73466	8.72538	0.81206	0.15958	0.18309	4.31695	0.76045	0.99716	-0.07527	-0.00320	0.07528	0.99716	0.00279	0.00298	-0.00302	0.99999	
138	0.69000	-6.81752	25.41764	1.47601	0.09996	-0.10023	-18.63297	0.50133	0.94758	0.31950	0.00175	-0.31951	0.94758	0.00174	-0.00110	-0.00221	1.00000		1.74792	8.70259	0.79245	0.15147	0.18125	4.31798	0.75561	0.99716	-0.07529	-0.00316	0.07530	0.99716	0.00264	0.00296	-0.00287	0.99999	
139	0.69500	-6.86940	25.31694	1.47420	0.10009	-0.08216	-18.63937	0.50061	0.94755	0.31961	0.00143	-0.31961	0.94755	0.00175	-0.00080	-0.00211	1.00000		1.76826	8.68035	0.77932	0.14389	0.18288	4.31597	0.76141	0.99716	-0.07526	-0.00319	0.07526	0.99716	0.00251	0.00299	-0.00274	0.99999	
140	0.70000	-6.77986	25.30345	1.42748	0.10186	-0.08770	-18.63752	0.49037	0.94756	0.31958	0.00153	-0.31958	0.94756	0.00178	-0.00088	-0.00217	1.00000		1.77146	8.65396	0.77617	0.13660	0.18243	4.31709	0.76178	0.99716	-0.07528	-0.00318	0.07528	0.99716	0.00238	0.00300	-0.00262	0.99999	
