NO_OF_FRAMES	12049
NO_OF_CAMERAS	8
NO_OF_BODIES	2
FREQUENCY	200
NO_OF_ANALOG	0
ANALOG_FREQUENCY	0
DESCRIPTION	--
TIME_STAMP	2013-07-04, 17:22:54	117789.38426312
DATA_INCLUDED	6D
BODY_NAMES	Ice 2 V2	Ice 3
Frame	Time	Ice 2 V2 X	Y	Z	Roll	Pitch	Yaw	Residual	Rot[0]	Rot[1]	Rot[2]	Rot[3]	Rot[4]	Rot[5]	Rot[6]	Rot[7]	Rot[8]	Ice 3 X	Y	Z	Roll	Pitch	Yaw	Residual	Rot[0]	Rot[1]	Rot[2]	Rot[3]	Rot[4]	Rot[5]	Rot[6]	Rot[7]	Rot[8]	
1	0.00500	-3.60080	0.61537	1.23360	0.24710	-0.06375	-1.04745	1.68701	0.99983	0.01828	0.00111	-0.01829	0.99982	0.00431	-0.00103	-0.00433	0.99999		-0.01578	4.03295	1.51453	-0.03889	0.06047	4.21383	0.20108	0.99730	-0.07348	-0.00106	0.07348	0.99730	-0.00068	0.00110	0.00060	1.00000	
2	0.01000	-3.65742	0.56730	1.23200	0.24552	-0.05482	-1.04608	1.62762	0.99983	0.01826	0.00096	-0.01826	0.99982	0.00429	-0.00088	-0.00430	0.99999		0.00434	4.07573	1.53256	-0.03552	0.05609	4.21223	0.15135	0.99730	-0.07345	-0.00098	0.07345	0.99730	-0.00062	0.00102	0.00055	1.00000	
3	0.01500	-3.68025	0.56710	1.21283	0.24798	-0.05394	-1.04656	1.63799	0.99983	0.01826	0.00094	-0.01827	0.99982	0.00433	-0.00086	-0.00434	0.99999		0.01419	4.08337	1.51080	-0.03511	0.04932	4.21247	0.13081	0.99730	-0.07346	-0.00086	0.07345	0.99730	-0.00061	0.00090	0.00055	1.00000	
4	0.02000	-3.64952	0.56087	1.20629	0.24817	-0.05477	-1.05077	1.62586	0.99983	0.01834	0.00096	-0.01834	0.99982	0.00433	-0.00088	-0.00435	0.99999		0.05323	4.13786	1.50446	-0.03129	0.04013	4.20833	0.12317	0.99730	-0.07338	-0.00070	0.07338	0.99730	-0.00055	0.00074	0.00049	1.00000	
5	0.02500	-3.65865	0.54031	1.19463	0.24813	-0.05724	-1.05155	1.63559	0.99983	0.01835	0.00100	-0.01836	0.99982	0.00433	-0.00092	-0.00435	0.99999		0.01567	4.10518	1.45029	-0.03575	0.03812	4.21038	0.15728	0.99730	-0.07342	-0.00067	0.07342	0.99730	-0.00062	0.00071	0.00057	1.00000	
6	0.03000	-3.67466	0.53662	1.18998	0.24966	-0.05400	-1.05301	1.63779	0.99983	0.01838	0.00094	-0.01838	0.99982	0.00436	-0.00086	-0.00437	0.99999		0.04243	4.17944	1.43939	-0.02811	0.02929	4.20787	0.14332	0.99730	-0.07338	-0.00051	0.07337	0.99730	-0.00049	0.00055	0.00045	1.00000	
7	0.03500	-3.69141	0.53039	1.17324	0.24912	-0.05173	-1.04898	1.62842	0.99983	0.01831	0.00090	-0.01831	0.99982	0.00435	-0.00082	-0.00436	0.99999		0.05355	4.19050	1.41153	-0.02469	0.02313	4.21212	0.15128	0.99730	-0.07345	-0.00040	0.07345	0.99730	-0.00043	0.00043	0.00040	1.00000	
8	0.04000	-3.69158	0.52025	1.17779	0.24910	-0.04928	-1.05507	1.60360	0.99983	0.01841	0.00086	-0.01842	0.99982	0.00435	-0.00078	-0.00436	0.99999		0.05254	4.20961	1.37328	-0.02294	0.01774	4.21128	0.12917	0.99730	-0.07343	-0.00031	0.07343	0.99730	-0.00040	0.00034	0.00038	1.00000	
9	0.04500	-3.69750	0.50872	1.16433	0.24680	-0.05064	-1.05157	1.61467	0.99983	0.01835	0.00088	-0.01836	0.99982	0.00431	-0.00080	-0.00432	0.99999		0.05857	4.22440	1.33053	-0.02174	0.01160	4.21074	0.16850	0.99730	-0.07343	-0.00020	0.07343	0.99730	-0.00038	0.00023	0.00036	1.00000	
10	0.05000	-3.70920	0.51209	1.15622	0.24765	-0.04805	-1.05188	1.61568	0.99983	0.01836	0.00084	-0.01836	0.99982	0.00432	-0.00076	-0.00434	0.99999		0.06819	4.26025	1.29984	-0.01837	0.00695	4.21019	0.17586	0.99730	-0.07342	-0.00012	0.07342	0.99730	-0.00032	0.00014	0.00031	1.00000	
11	0.05500	-3.70778	0.50135	1.15357	0.24727	-0.04975	-1.05491	1.60932	0.99983	0.01841	0.00087	-0.01841	0.99982	0.00432	-0.00079	-0.00433	0.99999		0.07040	4.25686	1.27035	-0.01755	0.00215	4.20793	0.17356	0.99730	-0.07338	-0.00004	0.07338	0.99730	-0.00031	0.00006	0.00030	1.00000	
12	0.06000	-3.71709	0.49569	1.14245	0.24678	-0.04550	-1.05203	1.60403	0.99983	0.01836	0.00079	-0.01836	0.99982	0.00431	-0.00071	-0.00432	0.99999		0.09803	4.31709	1.24796	-0.00888	-0.00874	4.20719	0.14786	0.99731	-0.07336	0.00015	0.07336	0.99731	-0.00015	-0.00014	0.00017	1.00000	
13	0.06500	-3.75164	0.49503	1.12859	0.24633	-0.04355	-1.05513	1.60929	0.99983	0.01841	0.00076	-0.01842	0.99982	0.00430	-0.00068	-0.00431	0.99999		0.12182	4.35418	1.21576	-0.00099	-0.01393	4.20691	0.16174	0.99731	-0.07336	0.00024	0.07336	0.99731	-0.00002	-0.00024	0.00004	1.00000	
14	0.07000	-3.73546	0.50866	1.11794	0.24783	-0.04001	-1.04946	1.60934	0.99983	0.01832	0.00070	-0.01832	0.99982	0.00433	-0.00062	-0.00434	0.99999		0.09170	4.36742	1.18095	0.00042	-0.01814	4.20991	0.15571	0.99730	-0.07341	0.00032	0.07341	0.99730	0.00001	-0.00032	0.00002	1.00000	
15	0.07500	-3.76181	0.48542	1.09243	0.24147	-0.04476	-1.04939	1.62203	0.99983	0.01831	0.00078	-0.01832	0.99982	0.00421	-0.00070	-0.00423	0.99999		0.06386	4.35798	1.12145	0.00091	-0.02167	4.21147	0.16917	0.99730	-0.07344	0.00038	0.07344	0.99730	0.00002	-0.00038	0.00001	1.00000	
16	0.08000	-3.75656	0.48721	1.09762	0.24256	-0.03738	-1.05301	1.61525	0.99983	0.01838	0.00065	-0.01838	0.99982	0.00423	-0.00057	-0.00424	0.99999		0.07732	4.35682	1.08772	0.00430	-0.02773	4.21126	0.17851	0.99730	-0.07343	0.00048	0.07343	0.99730	0.00008	-0.00049	-0.00004	1.00000	
17	0.08500	-3.76379	0.47997	1.07978	0.23889	-0.03898	-1.05130	1.61171	0.99983	0.01835	0.00068	-0.01835	0.99982	0.00417	-0.00060	-0.00418	0.99999		0.14826	4.42865	1.07138	0.01543	-0.03951	4.20866	0.14779	0.99730	-0.07339	0.00069	0.07339	0.99730	0.00027	-0.00071	-0.00022	1.00000	
18	0.09000	-3.82076	0.48844	1.07003	0.23847	-0.03336	-1.04574	1.62440	0.99983	0.01825	0.00058	-0.01825	0.99982	0.00416	-0.00051	-0.00417	0.99999		0.10320	4.43289	1.01566	0.01786	-0.04312	4.20691	0.17935	0.99731	-0.07336	0.00075	0.07336	0.99731	0.00031	-0.00077	-0.00026	1.00000	
19	0.09500	-3.77217	0.46296	1.06228	0.23165	-0.03809	-1.04657	1.63527	0.99983	0.01827	0.00066	-0.01827	0.99982	0.00404	-0.00059	-0.00405	0.99999		0.14887	4.43011	0.98831	0.02305	-0.05105	4.21092	0.16295	0.99730	-0.07343	0.00089	0.07343	0.99730	0.00040	-0.00092	-0.00034	1.00000	
20	0.10000	-3.82451	0.49479	1.03294	0.23594	-0.03186	-1.04640	1.63209	0.99983	0.01826	0.00056	-0.01826	0.99982	0.00412	-0.00048	-0.00413	0.99999		0.15728	4.46853	0.96391	0.03060	-0.05835	4.20839	0.14605	0.99730	-0.07338	0.00102	0.07338	0.99730	0.00053	-0.00105	-0.00046	1.00000	
21	0.10500	-3.84704	0.48024	1.03357	0.23005	-0.02754	-1.04611	1.63958	0.99983	0.01826	0.00048	-0.01826	0.99983	0.00402	-0.00041	-0.00402	0.99999		0.14766	4.50921	0.92184	0.03687	-0.06626	4.20713	0.14047	0.99730	-0.07336	0.00116	0.07336	0.99731	0.00064	-0.00120	-0.00056	1.00000	
22	0.11000	-3.85428	0.47253	1.01109	0.22625	-0.02552	-1.04565	1.63956	0.99983	0.01825	0.00045	-0.01825	0.99983	0.00395	-0.00037	-0.00396	0.99999		0.15020	4.51838	0.90196	0.04493	-0.07205	4.21052	0.15480	0.99730	-0.07342	0.00126	0.07342	0.99730	0.00078	-0.00131	-0.00069	1.00000	
23	0.11500	-3.85770	0.47147	1.00272	0.22216	-0.02765	-1.04546	1.64303	0.99983	0.01825	0.00048	-0.01825	0.99983	0.00388	-0.00041	-0.00389	0.99999		0.19230	4.52456	0.86010	0.04940	-0.07852	4.20941	0.16478	0.99730	-0.07340	0.00137	0.07340	0.99730	0.00086	-0.00143	-0.00076	1.00000	
24	0.12000	-4.00030	0.07934	0.45471	0.12936	0.00857	-1.03406	1.59684	0.99984	0.01805	-0.00015	-0.01805	0.99983	0.00226	0.00019	-0.00225	1.00000		0.69057	4.49515	1.46866	0.05863	-0.16000	4.21871	0.29808	0.99729	-0.07356	0.00279	0.07356	0.99729	0.00102	-0.00286	-0.00082	1.00000	
25	0.12500	-3.97903	0.08360	0.42262	0.12437	0.00229	-1.03096	1.60747	0.99984	0.01799	-0.00004	-0.01799	0.99984	0.00217	0.00008	-0.00217	1.00000		0.68860	4.51478	1.41718	0.06574	-0.16176	4.21909	0.31630	0.99729	-0.07357	0.00282	0.07357	0.99729	0.00115	-0.00290	-0.00094	1.00000	
26	0.13000	-4.05304	0.07778	0.40417	0.12319	0.01412	-1.03179	1.59497	0.99984	0.01801	-0.00025	-0.01801	0.99984	0.00215	0.00029	-0.00215	1.00000		0.74545	4.56766	1.40781	0.08008	-0.17515	4.22079	0.31184	0.99728	-0.07360	0.00306	0.07360	0.99729	0.00140	-0.00315	-0.00117	0.99999	
27	0.13500	-4.04406	0.06676	0.40157	0.11512	0.01168	-1.02654	1.62017	0.99984	0.01792	-0.00020	-0.01792	0.99984	0.00201	0.00024	-0.00201	1.00000		0.76093	4.60396	1.37706	0.08857	-0.18224	4.22360	0.29510	0.99728	-0.07365	0.00318	0.07364	0.99728	0.00155	-0.00329	-0.00131	0.99999	
28	0.14000	-4.03477	0.06844	0.39389	0.11187	0.01531	-1.02726	1.60810	0.99984	0.01793	-0.00027	-0.01793	0.99984	0.00195	0.00030	-0.00195	1.00000		0.74227	4.54822	1.28717	0.08800	-0.18330	4.22223	0.29536	0.99728	-0.07362	0.00320	0.07362	0.99729	0.00154	-0.00330	-0.00130	0.99999	
29	0.14500	-4.05766	0.08139	0.34296	0.10836	0.01778	-1.02416	1.62419	0.99984	0.01787	-0.00031	-0.01787	0.99984	0.00189	0.00034	-0.00189	1.00000		0.71067	4.52781	1.23668	0.08834	-0.18699	4.22235	0.27491	0.99728	-0.07363	0.00326	0.07362	0.99729	0.00154	-0.00337	-0.00130	0.99999	
30	0.15000	-4.07531	0.06474	0.34529	0.10278	0.02116	-1.02787	1.62308	0.99984	0.01794	-0.00037	-0.01794	0.99984	0.00179	0.00040	-0.00179	1.00000		0.70873	4.49190	1.18218	0.09228	-0.19135	4.22428	0.30218	0.99728	-0.07366	0.00334	0.07366	0.99728	0.00161	-0.00345	-0.00136	0.99999	
31	0.15500	-4.10599	0.08307	0.30365	0.09859	0.02296	-1.02053	1.65040	0.99984	0.01781	-0.00040	-0.01781	0.99984	0.00172	0.00043	-0.00171	1.00000		0.73925	4.51732	1.15791	0.10304	-0.19996	4.22442	0.27655	0.99728	-0.07366	0.00349	0.07366	0.99728	0.00180	-0.00361	-0.00154	0.99999	
32	0.16000	-4.14134	0.09235	0.31747	0.09368	0.03009	-1.02167	1.64222	0.99984	0.01783	-0.00053	-0.01783	0.99984	0.00164	0.00055	-0.00163	1.00000		0.76797	4.52984	1.11499	0.11043	-0.20800	4.22512	0.27915	0.99728	-0.07367	0.00363	0.07367	0.99728	0.00193	-0.00376	-0.00165	0.99999	
33	0.16500	-4.12813	0.09798	0.29179	0.09199	0.03082	-1.01851	1.68513	0.99984	0.01778	-0.00054	-0.01777	0.99984	0.00161	0.00057	-0.00160	1.00000		0.76009	4.54656	1.08413	0.12030	-0.21335	4.22467	0.28190	0.99728	-0.07367	0.00372	0.07366	0.99728	0.00210	-0.00387	-0.00182	0.99999	
34	0.17000	-4.11110	0.08456	0.25574	0.08248	0.02821	-1.01633	1.68251	0.99984	0.01774	-0.00049	-0.01774	0.99984	0.00144	0.00052	-0.00143	1.00000		0.77774	4.51901	1.04401	0.12309	-0.22110	4.22286	0.28699	0.99728	-0.07364	0.00386	0.07363	0.99728	0.00215	-0.00401	-0.00186	0.99999	
35	0.17500	-4.19200	0.11856	0.23960	0.08317	0.04259	-1.01231	1.68045	0.99984	0.01767	-0.00074	-0.01767	0.99984	0.00145	0.00077	-0.00144	1.00000		0.78709	4.52120	0.99745	0.13036	-0.22703	4.22275	0.25185	0.99728	-0.07363	0.00396	0.07362	0.99728	0.00228	-0.00412	-0.00198	0.99999	
36	0.18000	-4.20642	0.11405	0.22042	0.07616	0.03862	-1.01328	1.67820	0.99984	0.01768	-0.00067	-0.01768	0.99984	0.00133	0.00070	-0.00132	1.00000		0.77581	4.51096	0.96977	0.13802	-0.22947	4.22567	0.30089	0.99727	-0.07368	0.00400	0.07368	0.99728	0.00241	-0.00417	-0.00211	0.99999	
37	0.18500	-4.22581	0.14510	0.19175	0.07576	0.04747	-1.00784	1.70576	0.99984	0.01759	-0.00083	-0.01759	0.99984	0.00132	0.00085	-0.00131	1.00000		0.81150	4.51084	0.93472	0.14521	-0.23535	4.22587	0.28615	0.99727	-0.07369	0.00411	0.07368	0.99728	0.00253	-0.00428	-0.00222	0.99999	
38	0.19000	-4.22085	0.13385	0.18861	0.06615	0.04298	-1.00360	1.70379	0.99985	0.01752	-0.00075	-0.01751	0.99985	0.00115	0.00077	-0.00114	1.00000		0.80111	4.48647	0.88340	0.14831	-0.24278	4.22459	0.27228	0.99727	-0.07367	0.00424	0.07365	0.99728	0.00259	-0.00442	-0.00227	0.99999	
39	0.19500	-4.28681	0.15069	0.17156	0.06279	0.05379	-0.99893	1.73084	0.99985	0.01743	-0.00094	-0.01743	0.99985	0.00110	0.00096	-0.00108	1.00000		0.75449	4.45286	0.84142	0.15193	-0.24108	4.22579	0.28757	0.99727	-0.07369	0.00421	0.07368	0.99728	0.00265	-0.00439	-0.00233	0.99999	
40	0.20000	-4.23375	0.14269	0.15006	0.05443	0.04788	-0.99532	1.73853	0.99985	0.01737	-0.00084	-0.01737	0.99985	0.00095	0.00085	-0.00094	1.00000		0.80624	4.47628	0.81039	0.16274	-0.25259	4.22630	0.26700	0.99727	-0.07370	0.00441	0.07368	0.99728	0.00284	-0.00461	-0.00251	0.99999	
41	0.20500	-4.27725	0.15894	0.13142	0.05256	0.05886	-0.99810	1.74129	0.99985	0.01742	-0.00103	-0.01742	0.99985	0.00092	0.00104	-0.00090	1.00000		0.76012	4.44365	0.76872	0.16650	-0.25093	4.22750	0.28240	0.99727	-0.07372	0.00438	0.07370	0.99728	0.00291	-0.00458	-0.00258	0.99999	
42	0.21000	-4.28463	0.17209	0.11272	0.04786	0.05667	-0.99136	1.76433	0.99985	0.01730	-0.00099	-0.01730	0.99985	0.00084	0.00100	-0.00082	1.00000		0.75888	4.43433	0.72763	0.17260	-0.25393	4.22625	0.29665	0.99727	-0.07369	0.00443	0.07368	0.99728	0.00301	-0.00464	-0.00268	0.99999	
43	0.21500	-4.30028	0.16837	0.07109	0.04179	0.05886	-0.99093	1.75931	0.99985	0.01729	-0.00103	-0.01729	0.99985	0.00073	0.00104	-0.00071	1.00000		0.76774	4.41036	0.70245	0.17774	-0.26129	4.22932	0.27532	0.99727	-0.07375	0.00456	0.07373	0.99727	0.00310	-0.00478	-0.00276	0.99998	
44	0.22000	-4.33942	0.20160	0.08442	0.04152	0.06534	-0.99170	1.79338	0.99985	0.01731	-0.00114	-0.01731	0.99985	0.00072	0.00115	-0.00070	1.00000		0.78896	4.40389	0.67299	0.18475	-0.26336	4.22934	0.26552	0.99727	-0.07375	0.00460	0.07373	0.99727	0.00322	-0.00482	-0.00288	0.99998	
45	0.22500	-4.33323	0.22120	0.04809	0.03697	0.06279	-0.98286	1.80339	0.99985	0.01715	-0.00110	-0.01715	0.99985	0.00065	0.00111	-0.00063	1.00000		0.78748	4.36877	0.65310	0.18879	-0.26779	4.23126	0.29354	0.99726	-0.07378	0.00467	0.07377	0.99727	0.00329	-0.00490	-0.00294	0.99998	
46	0.23000	-4.36357	0.20651	0.02523	0.03028	0.06660	-0.98442	1.82279	0.99985	0.01718	-0.00116	-0.01718	0.99985	0.00053	0.00117	-0.00051	1.00000		0.81742	4.35621	0.64042	0.19604	-0.27301	4.23210	0.26688	0.99726	-0.07380	0.00476	0.07378	0.99727	0.00342	-0.00500	-0.00306	0.99998	
47	0.23500	-4.41027	0.24225	0.02862	0.03039	0.07140	-0.98202	1.82121	0.99985	0.01714	-0.00125	-0.01714	0.99985	0.00053	0.00126	-0.00051	1.00000		0.77186	4.36263	0.60625	0.20207	-0.27333	4.23038	0.26939	0.99726	-0.07377	0.00477	0.07375	0.99727	0.00353	-0.00502	-0.00317	0.99998	
48	0.24000	-4.40968	0.23899	0.01298	0.02393	0.07356	-0.98061	1.83535	0.99985	0.01711	-0.00128	-0.01711	0.99985	0.00042	0.00129	-0.00040	1.00000		0.79892	4.38597	0.59778	0.21258	-0.27753	4.23074	0.27306	0.99726	-0.07377	0.00484	0.07375	0.99727	0.00371	-0.00510	-0.00334	0.99998	
49	0.24500	-4.41908	0.23904	-0.03102	0.01972	0.07247	-0.97813	1.86292	0.99985	0.01707	-0.00126	-0.01707	0.99985	0.00034	0.00127	-0.00032	1.00000		0.77815	4.32089	0.56494	0.21249	-0.27857	4.23000	0.25968	0.99726	-0.07376	0.00486	0.07374	0.99727	0.00371	-0.00512	-0.00334	0.99998	
50	0.25000	-4.45859	0.24678	-0.02673	0.01408	0.07787	-0.97187	1.85199	0.99986	0.01696	-0.00136	-0.01696	0.99986	0.00025	0.00136	-0.00022	1.00000		0.75292	4.33543	0.53319	0.21984	-0.27876	4.23196	0.27087	0.99726	-0.07379	0.00487	0.07378	0.99727	0.00384	-0.00514	-0.00347	0.99998	
51	0.25500	-4.42136	0.24712	-0.03894	0.00526	0.07207	-0.96517	1.87267	0.99986	0.01684	-0.00126	-0.01684	0.99986	0.00009	0.00126	-0.00007	1.00000		0.81164	4.32078	0.53227	0.22697	-0.28435	4.23227	0.26218	0.99726	-0.07380	0.00496	0.07378	0.99727	0.00396	-0.00524	-0.00358	0.99998	
52	0.26000	-4.46622	0.30964	-0.05458	0.01145	0.07500	-0.96767	1.89913	0.99986	0.01689	-0.00131	-0.01689	0.99986	0.00020	0.00131	-0.00018	1.00000		0.77470	4.27659	0.49321	0.22586	-0.28282	4.22984	0.27284	0.99726	-0.07376	0.00494	0.07374	0.99727	0.00394	-0.00521	-0.00357	0.99998	
53	0.26500	-4.45786	0.27090	-0.05389	0.00074	0.07491	-0.96376	1.87845	0.99986	0.01682	-0.00131	-0.01682	0.99986	0.00001	0.00131	0.00001	1.00000		0.79624	4.28264	0.49190	0.23297	-0.28831	4.23012	0.26342	0.99726	-0.07376	0.00503	0.07374	0.99727	0.00407	-0.00532	-0.00368	0.99998	
54	0.27000	-4.47127	0.27615	-0.07609	-0.00132	0.08078	-0.96134	1.89795	0.99986	0.01678	-0.00141	-0.01678	0.99986	-0.00002	0.00141	0.00005	1.00000		0.78930	4.23999	0.47871	0.23794	-0.28819	4.23362	0.24983	0.99726	-0.07382	0.00503	0.07380	0.99726	0.00415	-0.00532	-0.00377	0.99998	
55	0.27500	-4.49008	0.29921	-0.08464	-0.00504	0.08070	-0.96218	1.90552	0.99986	0.01679	-0.00141	-0.01679	0.99986	-0.00009	0.00141	0.00011	1.00000		0.78005	4.24119	0.46692	0.24149	-0.29102	4.23392	0.25082	0.99726	-0.07383	0.00508	0.07381	0.99726	0.00421	-0.00538	-0.00383	0.99998	
56	0.28000	-4.47290	0.29270	-0.09759	-0.01115	0.07396	-0.95769	1.92531	0.99986	0.01671	-0.00129	-0.01671	0.99986	-0.00019	0.00129	0.00022	1.00000		0.78518	4.24163	0.47053	0.24864	-0.29233	4.23486	0.24871	0.99726	-0.07384	0.00510	0.07382	0.99726	0.00434	-0.00541	-0.00395	0.99998	
57	0.28500	-4.51463	0.29633	-0.10302	-0.01292	0.07785	-0.95915	1.92639	0.99986	0.01674	-0.00136	-0.01674	0.99986	-0.00023	0.00135	0.00025	1.00000		0.75319	4.17762	0.43584	0.24762	-0.28595	4.23405	0.27479	0.99726	-0.07383	0.00499	0.07381	0.99726	0.00432	-0.00530	-0.00394	0.99998	
58	0.29000	-4.50746	0.31356	-0.12323	-0.01744	0.07416	-0.95639	1.92720	0.99986	0.01669	-0.00129	-0.01669	0.99986	-0.00030	0.00129	0.00033	1.00000		0.79767	4.21253	0.43565	0.25455	-0.29225	4.23328	0.25807	0.99726	-0.07382	0.00510	0.07379	0.99726	0.00444	-0.00541	-0.00405	0.99998	
59	0.29500	-4.53543	0.31078	-0.12990	-0.02025	0.07593	-0.95733	1.94038	0.99986	0.01671	-0.00133	-0.01671	0.99986	-0.00035	0.00132	0.00038	1.00000		0.76119	4.10886	0.41279	0.24867	-0.28495	4.23561	0.25090	0.99726	-0.07386	0.00497	0.07384	0.99726	0.00434	-0.00528	-0.00396	0.99998	
60	0.30000	-4.57498	0.33589	-0.13709	-0.02174	0.07745	-0.95127	1.96243	0.99986	0.01660	-0.00135	-0.01660	0.99986	-0.00038	0.00135	0.00040	1.00000		0.74813	4.12168	0.40059	0.25539	-0.28371	4.23552	0.25457	0.99726	-0.07386	0.00495	0.07383	0.99726	0.00446	-0.00527	-0.00408	0.99998	
61	0.30500	-4.55719	0.35441	-0.15511	-0.02267	0.07684	-0.95093	1.94488	0.99986	0.01660	-0.00134	-0.01660	0.99986	-0.00040	0.00133	0.00042	1.00000		0.71288	4.04998	0.38212	0.25347	-0.28143	4.23913	0.24954	0.99725	-0.07392	0.00491	0.07390	0.99726	0.00442	-0.00523	-0.00405	0.99998	
62	0.31000	-4.57245	0.38086	-0.15766	-0.02077	0.07364	-0.94814	1.96998	0.99986	0.01655	-0.00129	-0.01655	0.99986	-0.00036	0.00128	0.00038	1.00000		0.74860	4.02930	0.38238	0.25347	-0.28137	4.23914	0.24988	0.99725	-0.07392	0.00491	0.07390	0.99726	0.00442	-0.00522	-0.00405	0.99998	
63	0.31500	-4.56267	0.35715	-0.16590	-0.02740	0.07315	-0.94827	1.96287	0.99986	0.01655	-0.00128	-0.01655	0.99986	-0.00048	0.00127	0.00050	1.00000		0.69674	4.01607	0.37149	0.25569	-0.27909	4.23670	0.26961	0.99726	-0.07388	0.00487	0.07385	0.99726	0.00446	-0.00519	-0.00409	0.99998	
64	0.32000	-4.60586	0.38777	-0.17303	-0.02693	0.07539	-0.94686	1.97380	0.99986	0.01653	-0.00132	-0.01653	0.99986	-0.00047	0.00131	0.00049	1.00000		0.68684	3.97050	0.37013	0.25313	-0.27431	4.23917	0.26981	0.99725	-0.07392	0.00479	0.07390	0.99726	0.00442	-0.00510	-0.00405	0.99998	
65	0.32500	-4.61646	0.39227	-0.19108	-0.02818	0.07441	-0.94369	1.99411	0.99986	0.01647	-0.00130	-0.01647	0.99986	-0.00049	0.00129	0.00051	1.00000		0.73149	3.96889	0.38172	0.25673	-0.27729	4.23905	0.25264	0.99725	-0.07392	0.00484	0.07390	0.99726	0.00448	-0.00516	-0.00411	0.99998	
66	0.33000	-4.60632	0.39406	-0.19474	-0.02995	0.06887	-0.94181	1.99269	0.99986	0.01644	-0.00120	-0.01644	0.99986	-0.00052	0.00119	0.00054	1.00000		0.67476	3.95849	0.38755	0.25974	-0.27017	4.23922	0.24298	0.99725	-0.07392	0.00472	0.07390	0.99726	0.00453	-0.00504	-0.00417	0.99998	
67	0.33500	-4.61717	0.42195	-0.19564	-0.03026	0.06770	-0.94107	2.00434	0.99986	0.01642	-0.00118	-0.01642	0.99986	-0.00053	0.00117	0.00055	1.00000		0.66754	3.91326	0.38716	0.25713	-0.26588	4.24085	0.24272	0.99725	-0.07395	0.00464	0.07393	0.99725	0.00449	-0.00496	-0.00413	0.99998	
68	0.34000	-4.60127	0.40476	-0.18818	-0.03336	0.06546	-0.94166	1.99775	0.99986	0.01643	-0.00114	-0.01643	0.99986	-0.00058	0.00113	0.00060	1.00000		0.69209	3.93160	0.39876	0.26277	-0.26634	4.23844	0.26485	0.99725	-0.07391	0.00465	0.07389	0.99726	0.00459	-0.00497	-0.00423	0.99998	
69	0.34500	-4.59849	0.42370	-0.20021	-0.03551	0.06107	-0.94291	2.01968	0.99986	0.01646	-0.00107	-0.01646	0.99986	-0.00062	0.00106	0.00064	1.00000		0.65383	3.91321	0.41516	0.26381	-0.26096	4.24136	0.24831	0.99725	-0.07396	0.00455	0.07394	0.99725	0.00460	-0.00488	-0.00425	0.99998	
70	0.35000	-4.64410	0.43283	-0.20092	-0.03627	0.05950	-0.93662	2.01842	0.99987	0.01635	-0.00104	-0.01635	0.99987	-0.00063	0.00103	0.00065	1.00000		0.65271	3.83777	0.41913	0.25824	-0.25555	4.24494	0.26080	0.99725	-0.07402	0.00446	0.07400	0.99725	0.00451	-0.00478	-0.00416	0.99998	
71	0.35500	-4.61135	0.43967	-0.21427	-0.03748	0.05252	-0.93314	2.03014	0.99987	0.01629	-0.00092	-0.01629	0.99987	-0.00065	0.00091	0.00067	1.00000		0.66787	3.84396	0.43869	0.26014	-0.25119	4.24141	0.24169	0.99725	-0.07396	0.00438	0.07394	0.99725	0.00454	-0.00471	-0.00420	0.99998	
72	0.36000	-4.63827	0.45200	-0.21295	-0.03657	0.05423	-0.93574	2.02802	0.99987	0.01633	-0.00095	-0.01633	0.99987	-0.00064	0.00094	0.00065	1.00000		0.63872	3.80223	0.42998	0.25616	-0.25027	4.23962	0.23270	0.99725	-0.07393	0.00437	0.07391	0.99726	0.00447	-0.00469	-0.00414	0.99998	
73	0.36500	-4.61676	0.45682	-0.22759	-0.03990	0.04544	-0.93640	2.04544	0.99987	0.01634	-0.00079	-0.01634	0.99987	-0.00070	0.00078	0.00071	1.00000		0.59333	3.71618	0.42851	0.24692	-0.23856	4.24305	0.26242	0.99725	-0.07399	0.00416	0.07397	0.99725	0.00431	-0.00447	-0.00399	0.99998	
74	0.37000	-4.62844	0.46596	-0.24496	-0.03709	0.04554	-0.93492	2.04298	0.99987	0.01632	-0.00079	-0.01632	0.99987	-0.00065	0.00078	0.00066	1.00000		0.58436	3.69671	0.44086	0.24644	-0.23239	4.24235	0.25034	0.99725	-0.07397	0.00406	0.07396	0.99725	0.00430	-0.00436	-0.00399	0.99998	
75	0.37500	-4.60301	0.44874	-0.24067	-0.04354	0.03937	-0.93556	2.02317	0.99987	0.01633	-0.00069	-0.01633	0.99987	-0.00076	0.00067	0.00077	1.00000		0.60009	3.65273	0.45332	0.24291	-0.22981	4.24210	0.24281	0.99725	-0.07397	0.00401	0.07395	0.99725	0.00424	-0.00431	-0.00393	0.99998	
76	0.38000	-4.63902	0.47306	-0.23243	-0.04118	0.03820	-0.93299	2.04193	0.99987	0.01628	-0.00067	-0.01628	0.99987	-0.00072	0.00065	0.00073	1.00000		0.55516	3.65455	0.46621	0.24252	-0.22370	4.24137	0.23043	0.99725	-0.07396	0.00390	0.07394	0.99725	0.00423	-0.00421	-0.00393	0.99998	
77	0.38500	-4.61447	0.47712	-0.24310	-0.04157	0.03420	-0.93462	2.03299	0.99987	0.01631	-0.00060	-0.01631	0.99987	-0.00073	0.00058	0.00074	1.00000		0.53703	3.59107	0.48849	0.23649	-0.21592	4.24394	0.24854	0.99725	-0.07400	0.00377	0.07399	0.99725	0.00413	-0.00406	-0.00384	0.99998	
78	0.39000	-4.62913	0.47485	-0.23553	-0.04296	0.03266	-0.93109	2.04065	0.99987	0.01625	-0.00057	-0.01625	0.99987	-0.00075	0.00056	0.00076	1.00000		0.52853	3.57194	0.51176	0.23286	-0.21288	4.24405	0.26614	0.99725	-0.07400	0.00372	0.07399	0.99725	0.00406	-0.00401	-0.00378	0.99998	
79	0.39500	-4.63346	0.48865	-0.23055	-0.04034	0.02796	-0.93336	2.04432	0.99987	0.01629	-0.00049	-0.01629	0.99987	-0.00070	0.00048	0.00071	1.00000		0.49945	3.54249	0.53042	0.22908	-0.20760	4.24333	0.24545	0.99725	-0.07399	0.00362	0.07398	0.99725	0.00400	-0.00391	-0.00372	0.99999	
80	0.40000	-4.60562	0.46345	-0.21530	-0.04742	0.02352	-0.93312	2.03671	0.99987	0.01629	-0.00041	-0.01629	0.99987	-0.00083	0.00040	0.00083	1.00000		0.50175	3.52827	0.55377	0.22865	-0.20087	4.24300	0.25899	0.99725	-0.07399	0.00351	0.07397	0.99725	0.00399	-0.00379	-0.00372	0.99999	
81	0.40500	-4.60340	0.49453	-0.19953	-0.04449	0.02096	-0.92940	2.04330	0.99987	0.01622	-0.00037	-0.01622	0.99987	-0.00078	0.00035	0.00078	1.00000		0.45727	3.49675	0.57125	0.22241	-0.19063	4.24469	0.24562	0.99725	-0.07402	0.00333	0.07400	0.99725	0.00388	-0.00361	-0.00362	0.99999	
82	0.41000	-4.57482	0.47299	-0.22949	-0.04945	0.01457	-0.92903	2.04361	0.99987	0.01621	-0.00025	-0.01621	0.99987	-0.00086	0.00024	0.00087	1.00000		0.48043	3.43901	0.60232	0.21518	-0.18921	4.24391	0.24829	0.99725	-0.07400	0.00330	0.07399	0.99725	0.00376	-0.00357	-0.00350	0.99999	
83	0.41500	-4.63375	0.47932	-0.21233	-0.05010	0.01230	-0.92574	2.05226	0.99987	0.01616	-0.00021	-0.01616	0.99987	-0.00087	0.00020	0.00088	1.00000		0.44941	3.40875	0.60327	0.21134	-0.17970	4.24340	0.25985	0.99725	-0.07399	0.00314	0.07398	0.99725	0.00369	-0.00340	-0.00345	0.99999	
84	0.42000	-4.59949	0.49541	-0.21790	-0.04739	0.00624	-0.92906	2.05934	0.99987	0.01621	-0.00011	-0.01621	0.99987	-0.00083	0.00010	0.00083	1.00000		0.43296	3.40321	0.64260	0.21133	-0.17550	4.24405	0.26765	0.99725	-0.07400	0.00306	0.07399	0.99725	0.00369	-0.00333	-0.00345	0.99999	
85	0.42500	-4.58737	0.50295	-0.22734	-0.04488	0.00470	-0.93035	2.05777	0.99987	0.01624	-0.00008	-0.01624	0.99987	-0.00078	0.00007	0.00078	1.00000		0.41753	3.37061	0.65608	0.20505	-0.16967	4.24500	0.24024	0.99725	-0.07402	0.00296	0.07401	0.99725	0.00358	-0.00322	-0.00335	0.99999	
86	0.43000	-4.56463	0.48520	-0.20425	-0.05147	-0.00085	-0.93100	2.04026	0.99987	0.01625	0.00001	-0.01625	0.99987	-0.00090	-0.00003	0.00090	1.00000		0.39438	3.35195	0.68770	0.19953	-0.15989	4.24078	0.24888	0.99726	-0.07395	0.00279	0.07394	0.99726	0.00348	-0.00304	-0.00327	0.99999	
87	0.43500	-4.58649	0.50816	-0.21353	-0.04436	-0.00183	-0.93438	2.02193	0.99987	0.01631	0.00003	-0.01631	0.99987	-0.00077	-0.00004	0.00077	1.00000		0.39452	3.28295	0.70517	0.19044	-0.15240	4.24386	0.24767	0.99725	-0.07400	0.00266	0.07399	0.99725	0.00332	-0.00290	-0.00312	0.99999	
88	0.44000	-4.55816	0.50923	-0.21066	-0.04607	-0.01051	-0.93124	2.02809	0.99987	0.01625	0.00018	-0.01625	0.99987	-0.00080	-0.00020	0.00080	1.00000		0.40480	3.23228	0.73514	0.18330	-0.15073	4.24317	0.25649	0.99726	-0.07399	0.00263	0.07398	0.99725	0.00320	-0.00286	-0.00300	0.99999	
89	0.44500	-4.57193	0.51537	-0.19764	-0.04540	-0.00484	-0.93184	2.03554	0.99987	0.01626	0.00008	-0.01626	0.99987	-0.00079	-0.00010	0.00079	1.00000		0.37519	3.26017	0.77927	0.18392	-0.14154	4.24547	0.28481	0.99725	-0.07403	0.00247	0.07402	0.99725	0.00321	-0.00270	-0.00302	0.99999	
90	0.45000	-4.58856	0.50840	-0.20810	-0.04578	-0.00838	-0.93553	2.02941	0.99987	0.01633	0.00015	-0.01633	0.99987	-0.00080	-0.00016	0.00080	1.00000		0.37148	3.23097	0.81188	0.17900	-0.13846	4.24207	0.25583	0.99726	-0.07397	0.00242	0.07396	0.99726	0.00312	-0.00264	-0.00294	0.99999	
91	0.45500	-4.58846	0.53069	-0.19339	-0.04407	-0.01295	-0.93037	2.03464	0.99987	0.01624	0.00023	-0.01624	0.99987	-0.00077	-0.00024	0.00077	1.00000		0.33233	3.19392	0.82983	0.17162	-0.12941	4.24197	0.28486	0.99726	-0.07397	0.00226	0.07396	0.99726	0.00300	-0.00247	-0.00282	0.99999	
92	0.46000	-4.53267	0.50590	-0.19705	-0.04728	-0.01699	-0.93163	2.01667	0.99987	0.01626	0.00030	-0.01626	0.99987	-0.00083	-0.00031	0.00082	1.00000		0.29850	3.18376	0.87018	0.16622	-0.11799	4.24519	0.26554	0.99725	-0.07402	0.00206	0.07402	0.99725	0.00290	-0.00227	-0.00274	0.99999	
93	0.46500	-4.57664	0.52627	-0.20188	-0.04049	-0.01154	-0.93106	2.04401	0.99987	0.01625	0.00020	-0.01625	0.99987	-0.00071	-0.00021	0.00070	1.00000		0.24460	3.13426	0.88682	0.15661	-0.11029	4.23945	0.27226	0.99726	-0.07392	0.00192	0.07392	0.99726	0.00273	-0.00212	-0.00258	0.99999	
94	0.47000	-4.54013	0.50287	-0.19200	-0.04486	-0.02279	-0.93448	2.00564	0.99987	0.01631	0.00040	-0.01631	0.99987	-0.00078	-0.00041	0.00078	1.00000		0.28704	3.16496	0.93251	0.15727	-0.10964	4.24046	0.24066	0.99726	-0.07394	0.00191	0.07394	0.99726	0.00274	-0.00211	-0.00260	0.99999	
95	0.47500	-4.55176	0.52170	-0.18084	-0.04572	-0.01998	-0.92952	2.04530	0.99987	0.01622	0.00035	-0.01622	0.99987	-0.00080	-0.00036	0.00079	1.00000		0.24833	3.12858	0.98527	0.14997	-0.10061	4.24035	0.26990	0.99726	-0.07394	0.00176	0.07394	0.99726	0.00262	-0.00194	-0.00248	1.00000	
96	0.48000	-4.55536	0.50911	-0.17159	-0.04177	-0.01994	-0.93219	2.02480	0.99987	0.01627	0.00035	-0.01627	0.99987	-0.00073	-0.00036	0.00072	1.00000		0.22583	3.09628	0.99745	0.14390	-0.09339	4.24241	0.26256	0.99726	-0.07398	0.00163	0.07397	0.99726	0.00251	-0.00181	-0.00238	1.00000	
97	0.48500	-4.53416	0.55105	-0.18710	-0.03575	-0.02788	-0.93662	2.03879	0.99987	0.01635	0.00049	-0.01635	0.99987	-0.00062	-0.00050	0.00062	1.00000		0.21039	3.09706	1.05127	0.13895	-0.08947	4.23976	0.28446	0.99726	-0.07393	0.00156	0.07393	0.99726	0.00243	-0.00174	-0.00230	1.00000	
98	0.49000	-4.48687	0.51099	-0.17238	-0.04234	-0.03270	-0.93320	2.00924	0.99987	0.01629	0.00057	-0.01629	0.99987	-0.00074	-0.00058	0.00073	1.00000		0.23087	3.06744	1.06938	0.13261	-0.08656	4.24061	0.28853	0.99726	-0.07395	0.00151	0.07394	0.99726	0.00231	-0.00168	-0.00220	1.00000	
99	0.49500	-4.50419	0.53814	-0.16108	-0.03604	-0.02889	-0.93428	2.01285	0.99987	0.01631	0.00050	-0.01631	0.99987	-0.00063	-0.00051	0.00062	1.00000		0.23268	3.05928	1.12271	0.12870	-0.08113	4.23988	0.27447	0.99726	-0.07393	0.00142	0.07393	0.99726	0.00225	-0.00158	-0.00214	1.00000	
100	0.50000	-4.53240	0.53596	-0.16139	-0.03641	-0.02998	-0.93127	2.03233	0.99987	0.01625	0.00052	-0.01625	0.99987	-0.00064	-0.00053	0.00063	1.00000		0.18034	3.05343	1.16176	0.12294	-0.07622	4.24321	0.28044	0.99726	-0.07399	0.00133	0.07399	0.99726	0.00215	-0.00149	-0.00204	1.00000	
101	0.50500	-4.48232	0.51778	-0.16595	-0.03930	-0.03587	-0.93580	2.00860	0.99987	0.01633	0.00063	-0.01633	0.99987	-0.00069	-0.00064	0.00068	1.00000		0.20224	3.04978	1.19334	0.11871	-0.07203	4.24090	0.27104	0.99726	-0.07395	0.00126	0.07395	0.99726	0.00207	-0.00141	-0.00197	1.00000	
102	0.51000	-4.46007	0.52374	-0.15159	-0.03778	-0.04012	-0.93519	2.02381	0.99987	0.01632	0.00070	-0.01632	0.99987	-0.00066	-0.00071	0.00065	1.00000		0.19524	3.03599	1.22974	0.11143	-0.06693	4.24055	0.27466	0.99726	-0.07394	0.00117	0.07394	0.99726	0.00194	-0.00131	-0.00185	1.00000	
103	0.51500	-4.50459	0.53173	-0.13820	-0.03563	-0.03460	-0.93749	2.01483	0.99987	0.01636	0.00060	-0.01636	0.99987	-0.00062	-0.00061	0.00061	1.00000		0.16360	3.02169	1.25361	0.10515	-0.05991	4.24205	0.28587	0.99726	-0.07397	0.00105	0.07397	0.99726	0.00184	-0.00118	-0.00175	1.00000	
104	0.52000	-4.48937	0.52419	-0.12895	-0.03235	-0.03269	-0.93679	1.99137	0.99987	0.01635	0.00057	-0.01635	0.99987	-0.00056	-0.00058	0.00056	1.00000		0.18540	3.03803	1.30536	0.10173	-0.06006	4.24239	0.30973	0.99726	-0.07398	0.00105	0.07397	0.99726	0.00178	-0.00118	-0.00169	1.00000	
105	0.52500	-4.45217	0.51681	-0.13006	-0.03262	-0.03417	-0.93725	1.98173	0.99987	0.01636	0.00060	-0.01636	0.99987	-0.00057	-0.00061	0.00056	1.00000		0.14054	3.02247	1.34464	0.09638	-0.05492	4.23771	0.26635	0.99727	-0.07389	0.00096	0.07389	0.99726	0.00168	-0.00108	-0.00161	1.00000	
106	0.53000	-4.44670	0.51318	-0.10725	-0.03274	-0.03970	-0.94241	1.98632	0.99986	0.01645	0.00069	-0.01645	0.99986	-0.00057	-0.00070	0.00056	1.00000		0.14828	3.08116	1.40096	0.09618	-0.05423	4.23821	0.31268	0.99727	-0.07390	0.00095	0.07390	0.99726	0.00168	-0.00107	-0.00160	1.00000	
107	0.53500	-4.45488	0.51163	-0.10389	-0.03117	-0.03374	-0.93992	1.98595	0.99987	0.01640	0.00059	-0.01640	0.99987	-0.00054	-0.00060	0.00053	1.00000		0.15143	3.08509	1.44894	0.09222	-0.05257	4.23691	0.29713	0.99727	-0.07388	0.00092	0.07388	0.99727	0.00161	-0.00103	-0.00154	1.00000	
108	0.54000	-4.42813	0.51551	-0.09692	-0.02538	-0.03578	-0.94349	1.98952	0.99986	0.01647	0.00062	-0.01647	0.99986	-0.00044	-0.00063	0.00043	1.00000		0.15777	3.08877	1.47990	0.08819	-0.04765	4.23553	0.29667	0.99727	-0.07386	0.00083	0.07386	0.99727	0.00154	-0.00094	-0.00147	1.00000	
109	0.54500	-4.41489	0.50193	-0.11112	-0.02887	-0.04333	-0.94269	1.99305	0.99986	0.01645	0.00076	-0.01645	0.99986	-0.00050	-0.00076	0.00049	1.00000		0.10077	3.04676	1.48342	0.07372	-0.03765	4.23410	0.30128	0.99727	-0.07383	0.00066	0.07383	0.99727	0.00129	-0.00075	-0.00123	1.00000	
110	0.55000	-4.42610	0.50683	-0.09603	-0.02406	-0.03432	-0.94302	1.98832	0.99986	0.01646	0.00060	-0.01646	0.99986	-0.00042	-0.00061	0.00041	1.00000		0.09285	3.00821	1.50759	0.06453	-0.03396	4.23693	0.31854	0.99727	-0.07388	0.00059	0.07388	0.99727	0.00113	-0.00067	-0.00108	1.00000	
111	0.55500	-4.37140	0.50981	-0.07686	-0.01825	-0.04227	-0.94806	1.96582	0.99986	0.01655	0.00074	-0.01655	0.99986	-0.00032	-0.00074	0.00031	1.00000		0.09555	3.01281	1.52145	0.06066	-0.03221	4.23562	0.30243	0.99727	-0.07386	0.00056	0.07386	0.99727	0.00106	-0.00064	-0.00101	1.00000	
112	0.56000	-4.38767	0.50173	-0.08402	-0.01809	-0.03985	-0.95021	1.95545	0.99986	0.01658	0.00070	-0.01658	0.99986	-0.00032	-0.00070	0.00030	1.00000		0.07168	3.02697	1.57131	0.05214	-0.03048	4.23152	0.28280	0.99727	-0.07379	0.00053	0.07379	0.99727	0.00091	-0.00060	-0.00087	1.00000	
113	0.56500	-4.40013	0.49922	-0.08189	-0.01475	-0.03706	-0.94565	1.96007	0.99986	0.01650	0.00065	-0.01650	0.99986	-0.00026	-0.00065	0.00025	1.00000		0.03363	2.97042	1.55677	0.03908	-0.02098	4.23327	0.30973	0.99727	-0.07382	0.00037	0.07382	0.99727	0.00068	-0.00042	-0.00065	1.00000	
114	0.57000	-4.35522	0.49779	-0.08494	-0.01103	-0.04036	-0.94905	1.95485	0.99986	0.01656	0.00070	-0.01656	0.99986	-0.00019	-0.00071	0.00018	1.00000		0.02812	2.98884	1.59719	0.03580	-0.02092	4.23419	0.31421	0.99727	-0.07383	0.00037	0.07383	0.99727	0.00062	-0.00041	-0.00060	1.00000	
115	0.57500	-4.33265	0.49503	-0.05010	-0.01026	-0.04009	-0.95448	1.93388	0.99986	0.01666	0.00070	-0.01666	0.99986	-0.00018	-0.00070	0.00017	1.00000		-0.02799	2.97034	1.62975	0.02449	-0.01095	4.23184	0.32064	0.99727	-0.07379	0.00019	0.07379	0.99727	0.00043	-0.00022	-0.00041	1.00000	
116	0.58000	-4.31069	0.49307	-0.04192	-0.00602	-0.04005	-0.95304	1.92938	0.99986	0.01663	0.00070	-0.01663	0.99986	-0.00011	-0.00070	0.00009	1.00000		-0.01035	2.98005	1.64700	0.01891	-0.01375	4.23437	0.29893	0.99727	-0.07384	0.00024	0.07384	0.99727	0.00033	-0.00026	-0.00031	1.00000	
117	0.58500	-4.30016	0.47395	-0.03325	-0.00544	-0.03899	-0.95817	1.91030	0.99986	0.01672	0.00068	-0.01672	0.99986	-0.00010	-0.00068	0.00008	1.00000		-0.01958	2.96224	1.68602	0.00695	-0.00871	4.23052	0.30320	0.99728	-0.07377	0.00015	0.07377	0.99728	0.00012	-0.00016	-0.00011	1.00000	
118	0.59000	-4.30563	0.47934	-0.03067	-0.00135	-0.03532	-0.95298	1.91956	0.99986	0.01663	0.00062	-0.01663	0.99986	-0.00002	-0.00062	0.00001	1.00000		-0.03236	2.95440	1.69881	-0.00232	-0.00551	4.23284	0.29507	0.99727	-0.07381	0.00010	0.07381	0.99727	-0.00004	-0.00009	0.00005	1.00000	
119	0.59500	-4.28064	0.47068	-0.03222	0.00256	-0.03564	-0.95829	1.90596	0.99986	0.01672	0.00062	-0.01672	0.99986	0.00004	-0.00062	-0.00006	1.00000		-0.07647	2.96271	1.69144	-0.00775	0.00018	4.22794	0.29498	0.99728	-0.07372	-0.00000	0.07372	0.99728	-0.00014	0.00001	0.00013	1.00000	
120	0.60000	-4.27410	0.43507	-0.00900	0.00186	-0.03975	-0.95653	1.90998	0.99986	0.01669	0.00069	-0.01669	0.99986	0.00003	-0.00069	-0.00004	1.00000		-0.09769	2.93713	1.69314	-0.02043	0.00641	4.23037	0.30433	0.99728	-0.07377	-0.00011	0.07377	0.99728	-0.00036	0.00014	0.00035	1.00000	
121	0.60500	-4.25590	0.46222	-0.01674	0.01222	-0.03695	-0.96030	1.88683	0.99986	0.01676	0.00064	-0.01676	0.99986	0.00021	-0.00064	-0.00022	1.00000		-0.08440	2.98577	1.74121	-0.02192	0.00330	4.22662	0.28620	0.99728	-0.07370	-0.00006	0.07370	0.99728	-0.00038	0.00009	0.00038	1.00000	
122	0.61000	-4.22828	0.44288	0.00152	0.01081	-0.03501	-0.96543	1.88318	0.99986	0.01685	0.00061	-0.01685	0.99986	0.00019	-0.00061	-0.00020	1.00000		-0.14086	2.94503	1.71178	-0.03617	0.01322	4.22522	0.29163	0.99728	-0.07368	-0.00023	0.07368	0.99728	-0.00063	0.00028	0.00061	1.00000	
123	0.61500	-4.24471	0.45494	-0.00626	0.02082	-0.03213	-0.97093	1.85427	0.99986	0.01695	0.00056	-0.01695	0.99986	0.00036	-0.00055	-0.00037	1.00000		-0.13345	2.96030	1.74587	-0.04197	0.01393	4.22777	0.29186	0.99728	-0.07372	-0.00024	0.07372	0.99728	-0.00073	0.00030	0.00071	1.00000	
124	0.62000	-4.21674	0.40673	0.02932	0.01634	-0.03104	-0.97162	1.86044	0.99986	0.01696	0.00054	-0.01696	0.99986	0.00029	-0.00054	-0.00029	1.00000		-0.15248	2.96627	1.77607	-0.04913	0.01555	4.22694	0.29869	0.99728	-0.07371	-0.00027	0.07371	0.99728	-0.00086	0.00033	0.00084	1.00000	
125	0.62500	-4.17633	0.40809	-0.00339	0.02181	-0.03866	-0.97172	1.86169	0.99986	0.01696	0.00067	-0.01696	0.99986	0.00038	-0.00067	-0.00039	1.00000		-0.16301	2.96112	1.76420	-0.05776	0.02043	4.22251	0.27393	0.99729	-0.07363	-0.00036	0.07363	0.99729	-0.00101	0.00043	0.00098	1.00000	
126	0.63000	-4.18610	0.40742	0.03567	0.02685	-0.03224	-0.97577	1.83218	0.99985	0.01703	0.00056	-0.01703	0.99985	0.00047	-0.00055	-0.00048	1.00000		-0.13237	3.03834	1.79409	-0.05791	0.01616	4.22155	0.26671	0.99729	-0.07361	-0.00028	0.07361	0.99729	-0.00101	0.00036	0.00099	1.00000	
127	0.63500	-4.19196	0.40679	0.05373	0.03153	-0.03068	-0.97654	1.82234	0.99985	0.01704	0.00054	-0.01704	0.99985	0.00055	-0.00053	-0.00056	1.00000		-0.17645	3.02090	1.78412	-0.06846	0.02503	4.22152	0.29871	0.99729	-0.07361	-0.00044	0.07361	0.99729	-0.00119	0.00052	0.00116	1.00000	
128	0.64000	-4.15558	0.38089	0.04317	0.03234	-0.03231	-0.98250	1.80417	0.99985	0.01715	0.00056	-0.01715	0.99985	0.00056	-0.00055	-0.00057	1.00000		-0.16393	3.06250	1.81532	-0.07222	0.02250	4.21985	0.25172	0.99729	-0.07358	-0.00039	0.07358	0.99729	-0.00126	0.00048	0.00123	1.00000	
129	0.64500	-4.15714	0.38695	0.06082	0.03921	-0.03054	-0.98357	1.80921	0.99985	0.01717	0.00053	-0.01717	0.99985	0.00068	-0.00052	-0.00069	1.00000		-0.16496	3.11632	1.82743	-0.07250	0.02213	4.21915	0.26965	0.99729	-0.07357	-0.00039	0.07357	0.99729	-0.00127	0.00048	0.00123	1.00000	
130	0.65000	-4.16123	0.37425	0.06964	0.04432	-0.02837	-0.98657	1.79535	0.99985	0.01722	0.00050	-0.01722	0.99985	0.00077	-0.00048	-0.00078	1.00000		-0.18367	3.09914	1.82921	-0.08273	0.02363	4.21928	0.27747	0.99729	-0.07357	-0.00041	0.07357	0.99729	-0.00144	0.00052	0.00141	1.00000	
131	0.65500	-4.12748	0.36062	0.08682	0.04771	-0.02852	-0.98798	1.78548	0.99985	0.01724	0.00050	-0.01724	0.99985	0.00083	-0.00048	-0.00084	1.00000		-0.13044	3.16237	1.85800	-0.08286	0.01971	4.21843	0.27566	0.99729	-0.07356	-0.00034	0.07356	0.99729	-0.00145	0.00045	0.00142	1.00000	
132	0.66000	-4.12736	0.33546	0.08992	0.04944	-0.02353	-0.98855	1.76136	0.99985	0.01725	0.00041	-0.01725	0.99985	0.00086	-0.00040	-0.00087	1.00000		-0.17193	3.15935	1.82669	-0.09308	0.02091	4.21845	0.27942	0.99729	-0.07356	-0.00037	0.07356	0.99729	-0.00162	0.00048	0.00159	1.00000	
133	0.66500	-4.11255	0.34404	0.09794	0.05722	-0.02170	-0.99370	1.74959	0.99985	0.01734	0.00038	-0.01734	0.99985	0.00100	-0.00036	-0.00101	1.00000		-0.20659	3.16013	1.82775	-0.10014	0.02667	4.21829	0.29264	0.99729	-0.07356	-0.00047	0.07356	0.99729	-0.00175	0.00059	0.00171	1.00000	
134	0.67000	-4.10056	0.32392	0.11431	0.06057	-0.02324	-0.99687	1.73926	0.99985	0.01740	0.00041	-0.01740	0.99985	0.00106	-0.00039	-0.00106	1.00000		-0.18944	3.19673	1.82539	-0.10494	0.02302	4.21481	0.28827	0.99730	-0.07350	-0.00040	0.07350	0.99729	-0.00183	0.00054	0.00180	1.00000	
135	0.67500	-4.10228	0.32102	0.10362	0.06725	-0.02391	-1.00368	1.73576	0.99985	0.01752	0.00042	-0.01752	0.99985	0.00117	-0.00040	-0.00118	1.00000		-0.17561	3.27897	1.85806	-0.10064	0.02131	4.21616	0.27200	0.99729	-0.07352	-0.00037	0.07352	0.99729	-0.00176	0.00050	0.00172	1.00000	
136	0.68000	-4.03024	0.29980	0.10735	0.06977	-0.02942	-1.00036	1.72962	0.99985	0.01746	0.00051	-0.01746	0.99985	0.00122	-0.00049	-0.00123	1.00000		-0.16176	3.26512	1.81918	-0.10759	0.02354	4.21617	0.28324	0.99729	-0.07352	-0.00041	0.07352	0.99729	-0.00188	0.00055	0.00184	1.00000	
137	0.68500	-4.04361	0.33807	0.10824	0.08327	-0.02637	-1.00226	1.72434	0.99985	0.01749	0.00046	-0.01749	0.99985	0.00145	-0.00043	-0.00146	1.00000		-0.13692	3.31932	1.84377	-0.10895	0.02097	4.21278	0.28996	0.99730	-0.07346	-0.00037	0.07346	0.99730	-0.00190	0.00050	0.00187	1.00000	
138	0.69000	-4.04943	0.29468	0.13638	0.08154	-0.02379	-1.00519	1.71133	0.99985	0.01754	0.00042	-0.01754	0.99985	0.00142	-0.00039	-0.00143	1.00000		-0.16660	3.35925	1.83598	-0.11385	0.02007	4.20865	0.25806	0.99730	-0.07339	-0.00035	0.07339	0.99730	-0.00199	0.00050	0.00196	1.00000	
139	0.69500	-4.05509	0.28511	0.11805	0.08701	-0.02339	-1.01317	1.67996	0.99984	0.01768	0.00041	-0.01768	0.99984	0.00152	-0.00038	-0.00153	1.00000		-0.18323	3.38346	1.82361	-0.11596	0.01836	4.21157	0.26750	0.99730	-0.07344	-0.00032	0.07344	0.99730	-0.00202	0.00047	0.00199	1.00000	
140	0.70000	-4.02054	0.28626	0.12861	0.09365	-0.01896	-1.01219	1.67302	0.99984	0.01767	0.00033	-0.01767	0.99984	0.00163	-0.00030	-0.00164	1.00000		-0.17991	3.40295	1.83188	-0.12067	0.02202	4.20852	0.26830	0.99730	-0.07339	-0.00038	0.07339	0.99730	-0.00211	0.00054	0.00207	1.00000	
