NO_OF_FRAMES	11193
NO_OF_CAMERAS	8
NO_OF_BODIES	2
FREQUENCY	200
NO_OF_ANALOG	0
ANALOG_FREQUENCY	0
DESCRIPTION	--
TIME_STAMP	2013-07-05, 14:21:58	193331.70697780
DATA_INCLUDED	6D
BODY_NAMES	Ice 2 V2	Ice 3
Frame	Time	Ice 2 V2 X	Y	Z	Roll	Pitch	Yaw	Residual	Rot[0]	Rot[1]	Rot[2]	Rot[3]	Rot[4]	Rot[5]	Rot[6]	Rot[7]	Rot[8]	Ice 3 X	Y	Z	Roll	Pitch	Yaw	Residual	Rot[0]	Rot[1]	Rot[2]	Rot[3]	Rot[4]	Rot[5]	Rot[6]	Rot[7]	Rot[8]	
1	0.00500	-10.87094	22.80523	2.18218	0.12550	-0.08938	-7.83274	0.32492	0.99067	0.13628	0.00156	-0.13628	0.99067	0.00219	-0.00125	-0.00238	1.00000		-6.50195	7.91441	3.14905	0.10502	0.06380	-2.26748	0.38642	0.99922	0.03956	-0.00111	-0.03956	0.99922	0.00183	0.00119	-0.00179	1.00000	
2	0.01000	-10.86914	22.79918	2.25004	0.08727	-0.10282	-7.83033	0.32645	0.99067	0.13624	0.00179	-0.13624	0.99067	0.00152	-0.00157	-0.00175	1.00000		-6.57418	8.00622	3.14135	0.12758	0.09965	-2.26490	0.40589	0.99922	0.03952	-0.00174	-0.03952	0.99922	0.00223	0.00183	-0.00216	1.00000	
3	0.01500	-10.82877	22.81702	2.30740	0.05687	-0.11129	-7.83422	0.32422	0.99066	0.13631	0.00194	-0.13631	0.99067	0.00099	-0.00179	-0.00125	1.00000		-6.62055	8.09754	3.15211	0.14827	0.12621	-2.26531	0.39531	0.99922	0.03953	-0.00220	-0.03952	0.99922	0.00259	0.00230	-0.00250	0.99999	
4	0.02000	-10.77862	22.83999	2.34573	0.02430	-0.12891	-7.83402	0.31349	0.99066	0.13630	0.00225	-0.13630	0.99067	0.00042	-0.00217	-0.00073	1.00000		-6.67634	8.19848	3.14890	0.17320	0.15760	-2.25914	0.41284	0.99922	0.03942	-0.00275	-0.03941	0.99922	0.00302	0.00287	-0.00291	0.99999	
5	0.02500	-10.77542	22.87168	2.40283	-0.00344	-0.13153	-7.83708	0.33077	0.99066	0.13636	0.00230	-0.13636	0.99066	-0.00006	-0.00228	-0.00025	1.00000		-6.71561	8.31834	3.13652	0.19528	0.18853	-2.26093	0.40112	0.99922	0.03945	-0.00329	-0.03944	0.99922	0.00341	0.00342	-0.00328	0.99999	
6	0.03000	-10.76417	22.87525	2.46314	-0.03631	-0.14318	-7.83864	0.33559	0.99065	0.13638	0.00250	-0.13638	0.99066	-0.00063	-0.00256	0.00029	1.00000		-6.76562	8.37933	3.12166	0.21436	0.21542	-2.25669	0.41564	0.99922	0.03938	-0.00376	-0.03936	0.99922	0.00374	0.00390	-0.00359	0.99999	
7	0.03500	-10.72577	22.89093	2.50860	-0.06735	-0.15680	-7.83469	0.33545	0.99066	0.13631	0.00274	-0.13631	0.99067	-0.00118	-0.00287	0.00079	1.00000		-6.81262	8.50985	3.11997	0.23802	0.24431	-2.25744	0.41176	0.99921	0.03939	-0.00426	-0.03937	0.99922	0.00415	0.00442	-0.00398	0.99998	
8	0.04000	-10.69241	22.82157	2.59166	-0.11794	-0.18260	-7.81782	0.32253	0.99070	0.13602	0.00319	-0.13602	0.99070	-0.00206	-0.00344	0.00161	0.99999		-6.85353	8.57689	3.09170	0.25574	0.27174	-2.25636	0.40056	0.99921	0.03937	-0.00474	-0.03935	0.99922	0.00446	0.00491	-0.00427	0.99998	
9	0.04500	-10.65822	22.82335	2.64251	-0.14794	-0.18879	-7.81149	0.32900	0.99072	0.13591	0.00330	-0.13591	0.99072	-0.00258	-0.00362	0.00211	0.99999		-6.91702	8.66046	3.07564	0.27554	0.30137	-2.25403	0.40926	0.99921	0.03933	-0.00526	-0.03930	0.99922	0.00481	0.00544	-0.00460	0.99997	
10	0.05000	-10.60925	22.85461	2.68569	-0.17593	-0.19952	-7.81319	0.33130	0.99071	0.13594	0.00348	-0.13593	0.99071	-0.00307	-0.00387	0.00257	0.99999		-6.94647	8.75426	3.04785	0.29425	0.32933	-2.25103	0.41384	0.99921	0.03928	-0.00575	-0.03925	0.99922	0.00514	0.00595	-0.00491	0.99997	
11	0.05500	-10.57353	22.86986	2.71857	-0.20196	-0.20624	-7.81292	0.34125	0.99071	0.13594	0.00360	-0.13593	0.99071	-0.00352	-0.00405	0.00300	0.99999		-6.99454	8.83895	3.00953	0.31287	0.35458	-2.25214	0.39919	0.99921	0.03930	-0.00619	-0.03926	0.99921	0.00546	0.00640	-0.00521	0.99997	
12	0.06000	-10.58201	22.85782	2.76254	-0.23072	-0.21037	-7.81491	0.33624	0.99071	0.13597	0.00367	-0.13596	0.99071	-0.00403	-0.00419	0.00349	0.99999		-7.00679	8.91783	2.98431	0.32949	0.37787	-2.24963	0.40654	0.99921	0.03925	-0.00659	-0.03921	0.99921	0.00575	0.00682	-0.00549	0.99996	
13	0.06500	-10.51457	22.89722	2.78762	-0.25494	-0.22169	-7.81464	0.33566	0.99071	0.13597	0.00387	-0.13595	0.99071	-0.00445	-0.00444	0.00388	0.99998		-7.04825	8.97671	2.94699	0.34352	0.40432	-2.24701	0.40812	0.99921	0.03921	-0.00706	-0.03916	0.99921	0.00600	0.00729	-0.00571	0.99996	
14	0.07000	-10.51529	22.89872	2.82003	-0.27991	-0.22313	-7.81725	0.33567	0.99070	0.13601	0.00389	-0.13599	0.99070	-0.00489	-0.00452	0.00431	0.99998		-7.10982	9.05055	2.89930	0.35943	0.43036	-2.24851	0.41730	0.99920	0.03923	-0.00751	-0.03919	0.99921	0.00627	0.00775	-0.00597	0.99995	
15	0.07500	-10.49667	22.91309	2.84772	-0.30453	-0.23149	-7.81727	0.33985	0.99070	0.13601	0.00404	-0.13599	0.99070	-0.00531	-0.00473	0.00472	0.99998		-7.14009	9.10166	2.84855	0.37190	0.45171	-2.24419	0.41976	0.99920	0.03916	-0.00788	-0.03911	0.99921	0.00649	0.00813	-0.00618	0.99995	
16	0.08000	-10.48581	22.93738	2.87495	-0.32603	-0.23360	-7.81540	0.34315	0.99070	0.13598	0.00408	-0.13596	0.99070	-0.00569	-0.00481	0.00508	0.99998		-7.14420	9.18952	2.81225	0.38736	0.47233	-2.24403	0.41363	0.99920	0.03915	-0.00824	-0.03910	0.99921	0.00676	0.00850	-0.00643	0.99994	
17	0.08500	-10.46907	22.94190	2.88790	-0.34719	-0.23779	-7.81975	0.34411	0.99069	0.13606	0.00415	-0.13603	0.99069	-0.00606	-0.00494	0.00544	0.99997		-7.18654	9.25685	2.76304	0.40028	0.49226	-2.24412	0.42295	0.99920	0.03916	-0.00859	-0.03910	0.99921	0.00699	0.00886	-0.00664	0.99994	
18	0.09000	-10.45187	22.96546	2.90054	-0.36747	-0.24210	-7.81586	0.34020	0.99070	0.13599	0.00423	-0.13596	0.99069	-0.00641	-0.00506	0.00578	0.99997		-7.20956	9.29851	2.71132	0.40935	0.51282	-2.24323	0.39367	0.99919	0.03914	-0.00895	-0.03908	0.99921	0.00714	0.00922	-0.00679	0.99993	
19	0.09500	-10.42298	22.98236	2.92054	-0.38432	-0.24713	-7.82256	0.34654	0.99069	0.13610	0.00431	-0.13607	0.99068	-0.00671	-0.00519	0.00606	0.99997		-7.25334	9.36747	2.64295	0.42318	0.53112	-2.24339	0.40237	0.99919	0.03914	-0.00927	-0.03908	0.99921	0.00739	0.00955	-0.00702	0.99993	
20	0.10000	-10.37784	22.89920	2.94327	-0.42294	-0.26022	-7.80378	0.34777	0.99073	0.13578	0.00454	-0.13574	0.99072	-0.00738	-0.00550	0.00670	0.99996		-7.26014	9.42277	2.59780	0.43259	0.54881	-2.24549	0.40123	0.99919	0.03918	-0.00958	-0.03911	0.99921	0.00755	0.00987	-0.00717	0.99993	
21	0.10500	-10.41857	22.90873	2.96691	-0.44019	-0.25532	-7.79934	0.35827	0.99074	0.13570	0.00446	-0.13567	0.99072	-0.00768	-0.00546	0.00701	0.99996		-7.28069	9.49410	2.52464	0.44012	0.56344	-2.24179	0.40353	0.99919	0.03911	-0.00983	-0.03904	0.99921	0.00768	0.01013	-0.00729	0.99992	
22	0.11000	-10.36497	22.91150	2.97608	-0.45828	-0.26411	-7.80109	0.35625	0.99073	0.13573	0.00461	-0.13569	0.99072	-0.00800	-0.00565	0.00730	0.99996		-7.29387	9.54447	2.47197	0.44942	0.58050	-2.24260	0.40290	0.99918	0.03913	-0.01013	-0.03905	0.99921	0.00784	0.01043	-0.00744	0.99992	
23	0.11500	-10.33636	22.92014	2.98038	-0.47089	-0.26638	-7.80283	0.34678	0.99073	0.13576	0.00465	-0.13572	0.99071	-0.00822	-0.00572	0.00751	0.99996		-7.30939	9.57596	2.39955	0.45585	0.59287	-2.24300	0.38369	0.99918	0.03914	-0.01035	-0.03905	0.99921	0.00796	0.01065	-0.00754	0.99991	
24	0.12000	-10.32246	22.94198	2.96048	-0.48414	-0.26704	-7.80136	0.35919	0.99073	0.13574	0.00466	-0.13570	0.99071	-0.00845	-0.00576	0.00774	0.99995		-7.35871	9.62035	2.30647	0.46180	0.61166	-2.24235	0.37838	0.99918	0.03912	-0.01068	-0.03904	0.99921	0.00806	0.01098	-0.00764	0.99991	
25	0.12500	-10.32020	22.92989	2.95855	-0.49687	-0.26669	-7.79803	0.35570	0.99074	0.13568	0.00465	-0.13564	0.99072	-0.00867	-0.00579	0.00796	0.99995		-7.37627	9.64038	2.23232	0.46489	0.62483	-2.24183	0.38938	0.99918	0.03911	-0.01091	-0.03903	0.99921	0.00811	0.01121	-0.00768	0.99991	
26	0.13000	-10.29246	22.96115	2.95010	-0.50239	-0.26711	-7.80315	0.35044	0.99073	0.13577	0.00466	-0.13572	0.99071	-0.00877	-0.00581	0.00805	0.99995		-7.40284	9.66101	2.14223	0.46913	0.63803	-2.23746	0.38997	0.99918	0.03904	-0.01114	-0.03895	0.99921	0.00819	0.01145	-0.00775	0.99990	
27	0.13500	-10.31346	22.96177	2.93771	-0.51479	-0.26341	-7.80149	0.35661	0.99073	0.13574	0.00460	-0.13570	0.99071	-0.00898	-0.00577	0.00828	0.99995		-7.38801	9.73021	2.07553	0.47787	0.64444	-2.23658	0.38257	0.99918	0.03902	-0.01125	-0.03893	0.99921	0.00834	0.01156	-0.00789	0.99990	
28	0.14000	-10.30061	22.96860	2.91972	-0.52057	-0.25928	-7.80251	0.36114	0.99073	0.13576	0.00453	-0.13571	0.99071	-0.00909	-0.00572	0.00839	0.99995		-7.40253	9.70457	1.99624	0.47533	0.65517	-2.23644	0.38572	0.99917	0.03902	-0.01143	-0.03893	0.99921	0.00830	0.01175	-0.00784	0.99990	
29	0.14500	-10.27581	22.99689	2.88855	-0.52616	-0.26168	-7.80747	0.35499	0.99072	0.13584	0.00457	-0.13580	0.99069	-0.00918	-0.00577	0.00848	0.99995		-7.40725	9.74087	1.91554	0.47986	0.66138	-2.23554	0.39845	0.99917	0.03901	-0.01154	-0.03891	0.99921	0.00837	0.01186	-0.00792	0.99990	
30	0.15000	-10.28455	23.00713	2.86172	-0.52948	-0.25807	-7.80831	0.36463	0.99072	0.13586	0.00450	-0.13581	0.99069	-0.00924	-0.00572	0.00854	0.99995		-7.45934	9.74766	1.83327	0.47932	0.67216	-2.23528	0.40140	0.99917	0.03900	-0.01173	-0.03890	0.99921	0.00837	0.01205	-0.00790	0.99990	
31	0.15500	-10.28765	23.02273	2.83222	-0.53108	-0.25126	-7.80750	0.35831	0.99072	0.13584	0.00439	-0.13580	0.99069	-0.00927	-0.00560	0.00859	0.99995		-7.44077	9.73544	1.74270	0.47797	0.67589	-2.23467	0.39106	0.99917	0.03899	-0.01180	-0.03889	0.99921	0.00834	0.01211	-0.00788	0.99990	
32	0.16000	-10.24767	23.03532	2.79948	-0.53397	-0.24929	-7.80566	0.37194	0.99073	0.13581	0.00435	-0.13577	0.99070	-0.00932	-0.00558	0.00864	0.99995		-7.44858	9.75163	1.65617	0.47811	0.68116	-2.23451	0.40194	0.99917	0.03899	-0.01189	-0.03889	0.99921	0.00834	0.01220	-0.00787	0.99989	
33	0.16500	-10.23183	23.05352	2.76914	-0.53502	-0.24957	-7.80549	0.36141	0.99073	0.13581	0.00436	-0.13576	0.99070	-0.00934	-0.00558	0.00866	0.99995		-7.42504	9.74975	1.56184	0.47706	0.68436	-2.23302	0.39096	0.99917	0.03896	-0.01194	-0.03886	0.99921	0.00833	0.01226	-0.00785	0.99989	
34	0.17000	-10.25316	23.06189	2.73620	-0.53084	-0.24029	-7.81004	0.36639	0.99072	0.13589	0.00419	-0.13584	0.99069	-0.00926	-0.00541	0.00861	0.99995		-7.38756	9.75067	1.47406	0.47542	0.68385	-2.23194	0.38685	0.99917	0.03894	-0.01194	-0.03884	0.99921	0.00830	0.01225	-0.00783	0.99989	
35	0.17500	-10.25098	23.08181	2.67864	-0.52690	-0.23587	-7.81399	0.36800	0.99071	0.13596	0.00412	-0.13591	0.99068	-0.00920	-0.00533	0.00855	0.99995		-7.41980	9.76573	1.38645	0.47532	0.68445	-2.23284	0.39405	0.99917	0.03896	-0.01195	-0.03886	0.99921	0.00830	0.01226	-0.00782	0.99989	
36	0.18000	-10.29279	23.09409	2.63796	-0.52535	-0.22652	-7.81138	0.36124	0.99071	0.13591	0.00395	-0.13587	0.99068	-0.00917	-0.00516	0.00855	0.99995		-7.45959	9.75193	1.29184	0.46958	0.68517	-2.23315	0.39494	0.99917	0.03896	-0.01196	-0.03887	0.99921	0.00820	0.01227	-0.00772	0.99989	
37	0.18500	-10.22676	23.09240	2.60176	-0.52050	-0.22093	-7.81188	0.37181	0.99071	0.13592	0.00386	-0.13588	0.99068	-0.00908	-0.00505	0.00848	0.99995		-7.40196	9.70924	1.19474	0.46601	0.68503	-2.23448	0.38871	0.99917	0.03899	-0.01196	-0.03889	0.99921	0.00813	0.01226	-0.00766	0.99990	
38	0.19000	-10.26261	23.20222	2.50300	-0.49450	-0.20218	-7.83199	0.36133	0.99067	0.13627	0.00353	-0.13623	0.99064	-0.00863	-0.00467	0.00807	0.99996		-7.41045	9.70225	1.10383	0.46129	0.68057	-2.23387	0.38626	0.99917	0.03898	-0.01188	-0.03888	0.99921	0.00805	0.01218	-0.00758	0.99990	
39	0.19500	-10.27889	23.21857	2.44451	-0.48873	-0.19251	-7.82798	0.36376	0.99068	0.13620	0.00336	-0.13617	0.99065	-0.00853	-0.00449	0.00799	0.99996		-7.40868	9.69553	1.01386	0.45754	0.67593	-2.23285	0.39093	0.99917	0.03896	-0.01180	-0.03887	0.99921	0.00798	0.01210	-0.00752	0.99990	
40	0.20000	-10.22552	23.22220	2.40650	-0.47747	-0.18828	-7.83043	0.36717	0.99067	0.13624	0.00329	-0.13621	0.99064	-0.00833	-0.00439	0.00781	0.99996		-7.35504	9.67531	0.93425	0.45471	0.66847	-2.23334	0.37830	0.99917	0.03897	-0.01167	-0.03888	0.99921	0.00794	0.01197	-0.00748	0.99990	
41	0.20500	-10.28234	23.26213	2.32189	-0.46820	-0.17891	-7.83119	0.36214	0.99067	0.13625	0.00312	-0.13623	0.99064	-0.00817	-0.00421	0.00767	0.99996		-7.43142	9.66329	0.83098	0.44681	0.66244	-2.23214	0.37759	0.99917	0.03895	-0.01156	-0.03886	0.99921	0.00780	0.01186	-0.00734	0.99990	
42	0.21000	-10.25605	23.24349	2.26202	-0.46093	-0.17065	-7.83144	0.37449	0.99067	0.13626	0.00298	-0.13623	0.99064	-0.00804	-0.00405	0.00756	0.99996		-7.38386	9.61458	0.73807	0.43920	0.65309	-2.22948	0.38499	0.99918	0.03890	-0.01140	-0.03881	0.99922	0.00766	0.01169	-0.00722	0.99991	
43	0.21500	-10.24052	23.27434	2.20540	-0.44828	-0.16242	-7.82886	0.37707	0.99068	0.13621	0.00283	-0.13619	0.99065	-0.00782	-0.00387	0.00736	0.99997		-7.34542	9.55737	0.65710	0.43112	0.64451	-2.23268	0.39480	0.99918	0.03896	-0.01125	-0.03887	0.99922	0.00752	0.01153	-0.00708	0.99991	
44	0.22000	-10.27811	23.30122	2.12601	-0.43519	-0.15691	-7.82898	0.36809	0.99068	0.13622	0.00274	-0.13619	0.99065	-0.00760	-0.00375	0.00715	0.99997		-7.33493	9.53842	0.54002	0.42161	0.63256	-2.23155	0.38150	0.99918	0.03894	-0.01104	-0.03886	0.99922	0.00736	0.01132	-0.00692	0.99991	
45	0.22500	-10.29499	23.29349	2.07923	-0.42013	-0.14071	-7.82944	0.36405	0.99067	0.13622	0.00246	-0.13620	0.99065	-0.00733	-0.00343	0.00693	0.99997		-7.27841	9.45492	0.47435	0.41340	0.61926	-2.22683	0.37747	0.99919	0.03885	-0.01081	-0.03878	0.99922	0.00721	0.01108	-0.00679	0.99992	
46	0.23000	-10.26753	23.31715	1.99476	-0.40785	-0.13568	-7.82452	0.36269	0.99069	0.13614	0.00237	-0.13612	0.99067	-0.00712	-0.00332	0.00673	0.99997		-7.28065	9.43459	0.37147	0.40518	0.60665	-2.23152	0.38020	0.99919	0.03894	-0.01059	-0.03886	0.99922	0.00707	0.01085	-0.00665	0.99992	
47	0.23500	-10.30899	23.32697	1.91239	-0.39317	-0.12805	-7.82368	0.35823	0.99069	0.13612	0.00223	-0.13611	0.99067	-0.00686	-0.00315	0.00649	0.99997		-7.26987	9.36532	0.27158	0.39461	0.59309	-2.23134	0.37334	0.99919	0.03893	-0.01035	-0.03886	0.99922	0.00689	0.01061	-0.00648	0.99992	
48	0.24000	-10.27341	23.33881	1.85359	-0.37641	-0.11601	-7.82749	0.35601	0.99068	0.13619	0.00202	-0.13617	0.99066	-0.00657	-0.00290	0.00623	0.99998		-7.22491	9.26973	0.18757	0.38092	0.57899	-2.22805	0.38442	0.99919	0.03888	-0.01011	-0.03881	0.99922	0.00665	0.01036	-0.00625	0.99993	
49	0.24500	-10.29857	23.35940	1.77826	-0.36218	-0.10441	-7.82207	0.36483	0.99069	0.13610	0.00182	-0.13608	0.99068	-0.00632	-0.00267	0.00601	0.99998		-7.22454	9.24046	0.09017	0.37122	0.56309	-2.22968	0.37259	0.99919	0.03890	-0.00983	-0.03884	0.99922	0.00648	0.01007	-0.00609	0.99993	
50	0.25000	-10.32167	23.37912	1.70239	-0.34209	-0.09240	-7.82102	0.36467	0.99070	0.13608	0.00161	-0.13607	0.99068	-0.00597	-0.00241	0.00570	0.99998		-7.23239	9.13495	0.00217	0.35719	0.54863	-2.23058	0.38066	0.99920	0.03892	-0.00958	-0.03886	0.99923	0.00623	0.00981	-0.00586	0.99993	
51	0.25500	-10.32576	23.39207	1.61636	-0.32268	-0.08247	-7.81936	0.36692	0.99070	0.13605	0.00144	-0.13604	0.99069	-0.00563	-0.00219	0.00538	0.99998		-7.18914	9.09809	-0.07657	0.34969	0.53159	-2.23070	0.37296	0.99920	0.03892	-0.00928	-0.03887	0.99923	0.00610	0.00951	-0.00574	0.99994	
52	0.26000	-10.35159	23.42578	1.51947	-0.30026	-0.06944	-7.82493	0.36364	0.99069	0.13615	0.00121	-0.13614	0.99068	-0.00524	-0.00191	0.00503	0.99999		-7.17592	9.03098	-0.16766	0.33735	0.51111	-2.22952	0.38898	0.99920	0.03890	-0.00892	-0.03885	0.99923	0.00589	0.00914	-0.00554	0.99994	
53	0.26500	-10.33305	23.49986	1.40620	-0.26798	-0.05235	-7.83946	0.34852	0.99065	0.13640	0.00091	-0.13639	0.99064	-0.00468	-0.00154	0.00451	0.99999		-7.14041	8.94328	-0.24862	0.32492	0.48785	-2.23248	0.37551	0.99920	0.03895	-0.00851	-0.03891	0.99923	0.00567	0.00873	-0.00533	0.99995	
54	0.27000	-10.36602	23.52171	1.32893	-0.24790	-0.04286	-7.83892	0.35983	0.99066	0.13639	0.00075	-0.13638	0.99065	-0.00433	-0.00133	0.00418	0.99999		-7.12566	8.88675	-0.32346	0.31380	0.46907	-2.23129	0.37202	0.99921	0.03893	-0.00819	-0.03889	0.99923	0.00548	0.00839	-0.00515	0.99995	
55	0.27500	-10.38215	23.54409	1.25062	-0.22649	-0.02786	-7.83794	0.36242	0.99066	0.13637	0.00049	-0.13637	0.99065	-0.00395	-0.00102	0.00385	0.99999		-7.05469	8.80717	-0.39838	0.30177	0.44373	-2.22915	0.38840	0.99921	0.03890	-0.00774	-0.03885	0.99923	0.00527	0.00794	-0.00496	0.99996	
56	0.28000	-10.39093	23.56901	1.16927	-0.20479	-0.01724	-7.83328	0.35862	0.99067	0.13629	0.00030	-0.13629	0.99066	-0.00357	-0.00079	0.00350	0.99999		-7.02709	8.73761	-0.48439	0.28969	0.42242	-2.23031	0.38209	0.99922	0.03892	-0.00737	-0.03888	0.99923	0.00506	0.00756	-0.00477	0.99996	
57	0.28500	-10.40380	23.55879	1.09136	-0.18582	-0.00871	-7.83115	0.35571	0.99067	0.13625	0.00015	-0.13625	0.99067	-0.00324	-0.00059	0.00319	0.99999		-6.99965	8.65251	-0.54442	0.27699	0.39905	-2.23127	0.37212	0.99922	0.03893	-0.00696	-0.03890	0.99923	0.00483	0.00715	-0.00456	0.99996	
58	0.29000	-10.40403	23.56132	1.01251	-0.16540	0.00500	-7.83224	0.35352	0.99067	0.13627	-0.00009	-0.13627	0.99067	-0.00289	-0.00031	0.00287	1.00000		-6.98484	8.57315	-0.61405	0.26375	0.37790	-2.23350	0.39168	0.99922	0.03897	-0.00660	-0.03894	0.99923	0.00460	0.00677	-0.00434	0.99997	
59	0.29500	-10.44883	23.58534	0.92193	-0.14376	0.01419	-7.83314	0.34328	0.99067	0.13629	-0.00025	-0.13629	0.99067	-0.00251	-0.00010	0.00252	1.00000		-6.94400	8.51514	-0.66596	0.25342	0.35124	-2.23129	0.39460	0.99922	0.03893	-0.00613	-0.03891	0.99923	0.00442	0.00630	-0.00418	0.99997	
60	0.30000	-10.44754	23.59884	0.85105	-0.12149	0.02712	-7.83127	0.34470	0.99067	0.13626	-0.00047	-0.13626	0.99067	-0.00212	0.00018	0.00217	1.00000		-6.88208	8.43369	-0.74237	0.24123	0.32216	-2.23126	0.37859	0.99923	0.03893	-0.00562	-0.03891	0.99923	0.00421	0.00578	-0.00399	0.99998	
61	0.30500	-10.42340	23.61831	0.73965	-0.09706	0.03215	-7.83521	0.33715	0.99066	0.13632	-0.00056	-0.13633	0.99066	-0.00169	0.00032	0.00175	1.00000		-6.81208	8.32761	-0.80628	0.22354	0.29538	-2.23285	0.37671	0.99923	0.03896	-0.00516	-0.03894	0.99923	0.00390	0.00530	-0.00370	0.99998	
62	0.31000	-10.49661	23.65003	0.65068	-0.07121	0.04962	-7.83694	0.34089	0.99066	0.13635	-0.00087	-0.13636	0.99066	-0.00124	0.00069	0.00135	1.00000		-6.80812	8.26627	-0.87015	0.21170	0.26779	-2.23530	0.37631	0.99923	0.03900	-0.00467	-0.03899	0.99923	0.00369	0.00481	-0.00351	0.99998	
63	0.31500	-10.53496	23.74731	0.54468	-0.02811	0.07734	-7.85131	0.33131	0.99063	0.13660	-0.00135	-0.13660	0.99063	-0.00049	0.00127	0.00067	1.00000		-6.72177	8.19188	-0.91343	0.20021	0.23975	-2.23616	0.36839	0.99923	0.03902	-0.00418	-0.03900	0.99923	0.00349	0.00432	-0.00333	0.99999	
64	0.32000	-10.52581	23.74603	0.46069	-0.00738	0.08366	-7.85482	0.32944	0.99062	0.13666	-0.00146	-0.13666	0.99062	-0.00013	0.00143	0.00033	1.00000		-6.68919	8.10857	-0.97431	0.18838	0.21358	-2.23725	0.36858	0.99923	0.03904	-0.00373	-0.03903	0.99923	0.00329	0.00385	-0.00314	0.99999	
65	0.32500	-10.56297	23.76031	0.38962	0.01454	0.09560	-7.85375	0.32462	0.99062	0.13664	-0.00167	-0.13664	0.99062	0.00025	0.00169	-0.00002	1.00000		-6.67954	8.03078	-1.01049	0.17485	0.18682	-2.23812	0.36513	0.99923	0.03905	-0.00326	-0.03904	0.99923	0.00305	0.00338	-0.00292	0.99999	
66	0.33000	-10.55908	23.75475	0.31801	0.03655	0.10706	-7.85242	0.33299	0.99062	0.13662	-0.00187	-0.13662	0.99062	0.00064	0.00194	-0.00038	1.00000		-6.59862	7.94779	-1.06154	0.16236	0.15787	-2.24034	0.35332	0.99923	0.03909	-0.00276	-0.03908	0.99923	0.00283	0.00286	-0.00272	0.99999	
67	0.33500	-10.59063	23.76952	0.23871	0.05728	0.11307	-7.85037	0.33117	0.99063	0.13659	-0.00197	-0.13658	0.99063	0.00100	0.00209	-0.00072	1.00000		-6.58863	7.87966	-1.11132	0.14846	0.13298	-2.24011	0.38179	0.99923	0.03909	-0.00232	-0.03908	0.99923	0.00259	0.00242	-0.00250	0.99999	
68	0.34000	-10.56819	23.76304	0.15849	0.07636	0.11835	-7.84493	0.31758	0.99064	0.13649	-0.00207	-0.13649	0.99064	0.00133	0.00223	-0.00104	1.00000		-6.51711	7.78392	-1.15752	0.13576	0.10331	-2.24475	0.35988	0.99923	0.03917	-0.00180	-0.03916	0.99923	0.00237	0.00189	-0.00230	1.00000	
69	0.34500	-10.60393	23.76838	0.09857	0.10170	0.13392	-7.84694	0.32910	0.99063	0.13653	-0.00234	-0.13652	0.99064	0.00178	0.00256	-0.00144	1.00000		-6.43191	7.69144	-1.17922	0.12203	0.07382	-2.24339	0.35998	0.99923	0.03914	-0.00129	-0.03914	0.99923	0.00213	0.00137	-0.00208	1.00000	
70	0.35000	-10.60183	23.77409	0.01557	0.12279	0.14133	-7.84264	0.33053	0.99064	0.13645	-0.00247	-0.13645	0.99065	0.00214	0.00274	-0.00179	0.99999		-6.42844	7.63337	-1.22166	0.10848	0.04516	-2.24414	0.37152	0.99923	0.03916	-0.00079	-0.03916	0.99923	0.00189	0.00086	-0.00186	1.00000	
71	0.35500	-10.63733	23.77833	-0.04576	0.14670	0.15481	-7.84605	0.33559	0.99063	0.13651	-0.00270	-0.13650	0.99064	0.00256	0.00303	-0.00217	0.99999		-6.35355	7.53451	-1.24509	0.09374	0.01746	-2.24273	0.37016	0.99923	0.03913	-0.00030	-0.03913	0.99923	0.00164	0.00037	-0.00162	1.00000	
72	0.36000	-10.65962	23.78796	-0.13539	0.17105	0.16501	-7.84789	0.32381	0.99063	0.13654	-0.00288	-0.13653	0.99063	0.00299	0.00326	-0.00256	0.99999		-6.29991	7.46306	-1.27376	0.08189	-0.01216	-2.24704	0.36153	0.99923	0.03921	0.00021	-0.03921	0.99923	0.00143	-0.00016	-0.00144	1.00000	
73	0.36500	-10.67297	23.87913	-0.23976	0.21301	0.18751	-7.86743	0.31965	0.99058	0.13688	-0.00327	-0.13687	0.99058	0.00372	0.00375	-0.00323	0.99999		-6.28791	7.37620	-1.30037	0.06774	-0.03461	-2.25078	0.36457	0.99923	0.03927	0.00060	-0.03927	0.99923	0.00118	-0.00056	-0.00121	1.00000	
74	0.37000	-10.62600	23.87350	-0.31662	0.22916	0.19079	-7.86284	0.32357	0.99059	0.13680	-0.00333	-0.13679	0.99059	0.00400	0.00385	-0.00351	0.99999		-6.21271	7.28575	-1.31860	0.05443	-0.06238	-2.24929	0.36083	0.99923	0.03925	0.00109	-0.03925	0.99923	0.00095	-0.00105	-0.00099	1.00000	
75	0.37500	-10.68410	23.87345	-0.37497	0.25236	0.20193	-7.86601	0.31824	0.99058	0.13686	-0.00352	-0.13684	0.99058	0.00440	0.00409	-0.00388	0.99998		-6.20301	7.21988	-1.31985	0.04302	-0.08917	-2.24886	0.35905	0.99923	0.03924	0.00156	-0.03924	0.99923	0.00075	-0.00153	-0.00081	1.00000	
76	0.38000	-10.67442	23.85497	-0.41970	0.27026	0.20794	-7.86358	0.31670	0.99059	0.13681	-0.00363	-0.13680	0.99059	0.00472	0.00424	-0.00418	0.99998		-6.13794	7.11522	-1.33336	0.02948	-0.11741	-2.24699	0.36216	0.99923	0.03921	0.00205	-0.03921	0.99923	0.00051	-0.00203	-0.00059	1.00000	
77	0.38500	-10.67431	23.85243	-0.47628	0.28746	0.21496	-7.86617	0.31701	0.99058	0.13686	-0.00375	-0.13684	0.99058	0.00502	0.00440	-0.00446	0.99998		-6.07204	7.05305	-1.34851	0.01864	-0.14192	-2.24809	0.35902	0.99923	0.03923	0.00248	-0.03923	0.99923	0.00033	-0.00246	-0.00042	1.00000	
78	0.39000	-10.70643	23.84896	-0.53342	0.30614	0.22102	-7.86407	0.31693	0.99059	0.13682	-0.00386	-0.13680	0.99058	0.00534	0.00455	-0.00477	0.99998		-6.03574	6.98257	-1.36358	0.00662	-0.16667	-2.25063	0.36853	0.99922	0.03927	0.00291	-0.03927	0.99923	0.00012	-0.00290	-0.00023	1.00000	
79	0.39500	-10.67565	23.82634	-0.57395	0.32414	0.22725	-7.86590	0.31563	0.99058	0.13685	-0.00397	-0.13683	0.99058	0.00566	0.00470	-0.00506	0.99998		-6.01060	6.89520	-1.35966	-0.00646	-0.18964	-2.25165	0.36924	0.99922	0.03929	0.00331	-0.03929	0.99923	-0.00011	-0.00331	-0.00002	0.99999	
80	0.40000	-10.72127	23.83246	-0.63436	0.34244	0.23457	-7.86690	0.31242	0.99058	0.13687	-0.00409	-0.13685	0.99057	0.00598	0.00487	-0.00536	0.99997		-5.96809	6.83894	-1.36793	-0.01713	-0.21169	-2.25266	0.37204	0.99922	0.03931	0.00369	-0.03931	0.99923	-0.00030	-0.00370	0.00015	0.99999	
81	0.40500	-10.67310	23.82161	-0.67858	0.35776	0.23503	-7.86133	0.31861	0.99059	0.13677	-0.00410	-0.13675	0.99059	0.00624	0.00492	-0.00562	0.99997		-5.89725	6.78657	-1.35486	-0.02582	-0.23894	-2.25382	0.36798	0.99922	0.03933	0.00417	-0.03932	0.99923	-0.00045	-0.00418	0.00029	0.99999	
82	0.41000	-10.71983	23.80225	-0.70787	0.37543	0.24969	-7.86540	0.32335	0.99058	0.13685	-0.00436	-0.13682	0.99057	0.00655	0.00521	-0.00589	0.99997		-5.82835	6.70324	-1.36503	-0.03751	-0.25918	-2.25474	0.36849	0.99922	0.03934	0.00452	-0.03934	0.99923	-0.00065	-0.00455	0.00048	0.99999	
83	0.41500	-10.74855	23.82024	-0.76275	0.39583	0.25295	-7.86631	0.31965	0.99058	0.13686	-0.00441	-0.13683	0.99057	0.00691	0.00532	-0.00624	0.99997		-5.81781	6.65356	-1.34575	-0.04652	-0.27802	-2.25818	0.36718	0.99921	0.03940	0.00485	-0.03940	0.99922	-0.00081	-0.00488	0.00062	0.99999	
84	0.42000	-10.73784	23.78749	-0.81375	0.40825	0.25518	-7.86737	0.32489	0.99058	0.13688	-0.00445	-0.13685	0.99057	0.00713	0.00539	-0.00645	0.99996		-5.78420	6.58613	-1.33769	-0.05845	-0.30035	-2.25935	0.36919	0.99921	0.03942	0.00524	-0.03942	0.99922	-0.00102	-0.00528	0.00081	0.99999	
85	0.42500	-10.74778	23.80190	-0.84227	0.43111	0.26611	-7.87097	0.32210	0.99057	0.13694	-0.00464	-0.13690	0.99056	0.00752	0.00563	-0.00682	0.99996		-5.72369	6.52469	-1.32892	-0.06579	-0.32118	-2.25998	0.36584	0.99921	0.03943	0.00561	-0.03943	0.99922	-0.00115	-0.00565	0.00093	0.99998	
86	0.43000	-10.78234	23.79871	-0.86542	0.44677	0.27122	-7.87078	0.31834	0.99057	0.13694	-0.00473	-0.13690	0.99055	0.00780	0.00576	-0.00708	0.99996		-5.72777	6.47746	-1.31331	-0.07694	-0.33654	-2.26016	0.36527	0.99920	0.03944	0.00587	-0.03943	0.99922	-0.00134	-0.00592	0.00111	0.99998	
87	0.43500	-10.71020	23.84897	-0.93455	0.47567	0.28119	-7.88805	0.32609	0.99053	0.13724	-0.00491	-0.13719	0.99051	0.00830	0.00600	-0.00755	0.99995		-5.62415	6.40720	-1.27697	-0.08617	-0.35610	-2.26293	0.36219	0.99920	0.03948	0.00622	-0.03948	0.99922	-0.00150	-0.00627	0.00126	0.99998	
88	0.44000	-10.71071	23.84243	-0.95269	0.48955	0.28173	-7.89047	0.32243	0.99052	0.13728	-0.00492	-0.13723	0.99050	0.00854	0.00604	-0.00779	0.99995		-5.59343	6.37445	-1.26380	-0.09297	-0.37118	-2.26291	0.37249	0.99920	0.03948	0.00648	-0.03947	0.99922	-0.00162	-0.00654	0.00137	0.99998	
89	0.44500	-10.74425	23.82381	-0.96062	0.50298	0.28929	-7.88830	0.32747	0.99052	0.13724	-0.00505	-0.13719	0.99051	0.00878	0.00621	-0.00800	0.99995		-5.53405	6.32630	-1.23584	-0.10286	-0.39100	-2.26617	0.36343	0.99919	0.03954	0.00682	-0.03953	0.99922	-0.00180	-0.00689	0.00152	0.99998	
90	0.45000	-10.71818	23.78617	-0.98941	0.51163	0.28616	-7.88511	0.32955	0.99053	0.13719	-0.00499	-0.13714	0.99051	0.00893	0.00617	-0.00816	0.99995		-5.50768	6.27148	-1.21728	-0.10993	-0.40249	-2.26617	0.36976	0.99919	0.03954	0.00702	-0.03953	0.99922	-0.00192	-0.00710	0.00164	0.99997	
91	0.45500	-10.71900	23.76780	-1.01222	0.52143	0.28515	-7.88728	0.33058	0.99053	0.13722	-0.00498	-0.13717	0.99051	0.00910	0.00618	-0.00833	0.99995		-5.53731	6.23508	-1.19961	-0.11939	-0.41390	-2.26850	0.37493	0.99919	0.03958	0.00722	-0.03957	0.99921	-0.00208	-0.00730	0.00180	0.99997	
92	0.46000	-10.71394	23.72894	-1.00568	0.53060	0.28950	-7.88794	0.33615	0.99053	0.13723	-0.00505	-0.13718	0.99050	0.00926	0.00628	-0.00848	0.99994		-5.41918	6.17847	-1.15285	-0.12482	-0.42877	-2.26356	0.37493	0.99919	0.03950	0.00748	-0.03948	0.99922	-0.00218	-0.00756	0.00188	0.99997	
93	0.46500	-10.71452	23.70922	-1.02545	0.53716	0.28625	-7.88212	0.33414	0.99054	0.13713	-0.00500	-0.13708	0.99052	0.00937	0.00623	-0.00860	0.99994		-5.44989	6.13216	-1.11616	-0.13514	-0.43860	-2.26672	0.38597	0.99919	0.03955	0.00765	-0.03953	0.99922	-0.00236	-0.00774	0.00205	0.99997	
94	0.47000	-10.72626	23.68008	-1.01906	0.54670	0.29003	-7.88638	0.33445	0.99053	0.13721	-0.00506	-0.13716	0.99050	0.00954	0.00632	-0.00876	0.99994		-5.40734	6.08743	-1.07760	-0.14176	-0.44892	-2.26658	0.37741	0.99919	0.03955	0.00784	-0.03953	0.99922	-0.00247	-0.00793	0.00216	0.99997	
95	0.47500	-10.71411	23.64190	-1.00396	0.55432	0.28801	-7.88366	0.33169	0.99054	0.13716	-0.00503	-0.13711	0.99051	0.00967	0.00631	-0.00889	0.99994		-5.35957	6.02581	-1.03515	-0.14940	-0.45410	-2.26913	0.38613	0.99918	0.03959	0.00793	-0.03957	0.99921	-0.00261	-0.00802	0.00229	0.99997	
96	0.48000	-10.71862	23.61750	-1.00098	0.55911	0.28660	-7.88407	0.33236	0.99054	0.13717	-0.00500	-0.13711	0.99051	0.00976	0.00629	-0.00898	0.99994		-5.36314	6.01418	-0.99697	-0.15401	-0.46309	-2.27017	0.37877	0.99918	0.03961	0.00808	-0.03959	0.99921	-0.00269	-0.00818	0.00237	0.99996	
97	0.48500	-10.69626	23.59603	-1.00024	0.56472	0.27647	-7.88718	0.32897	0.99053	0.13722	-0.00483	-0.13717	0.99050	0.00986	0.00613	-0.00910	0.99994		-5.31257	5.99308	-0.96794	-0.15687	-0.46980	-2.26923	0.38333	0.99918	0.03959	0.00820	-0.03957	0.99921	-0.00274	-0.00830	0.00241	0.99996	
98	0.49000	-10.66238	23.53382	-0.98887	0.56797	0.27499	-7.88847	0.32535	0.99053	0.13724	-0.00480	-0.13719	0.99050	0.00991	0.00611	-0.00916	0.99994		-5.27858	5.94901	-0.91304	-0.16198	-0.47413	-2.26811	0.38285	0.99918	0.03957	0.00828	-0.03955	0.99921	-0.00283	-0.00838	0.00250	0.99996	
99	0.49500	-10.71048	23.53239	-0.96184	0.57359	0.27656	-7.88189	0.33633	0.99054	0.13713	-0.00483	-0.13708	0.99051	0.01001	0.00615	-0.00925	0.99994		-5.28385	5.93631	-0.88413	-0.16875	-0.47741	-2.27136	0.38185	0.99918	0.03963	0.00833	-0.03961	0.99921	-0.00295	-0.00844	0.00261	0.99996	
100	0.50000	-10.67199	23.51499	-0.96213	0.57839	0.26518	-7.88114	0.32797	0.99054	0.13712	-0.00463	-0.13707	0.99051	0.01009	0.00597	-0.00936	0.99994		-5.25093	5.90912	-0.84318	-0.17290	-0.47923	-2.26897	0.39291	0.99918	0.03959	0.00836	-0.03957	0.99921	-0.00302	-0.00848	0.00268	0.99996	
101	0.50500	-10.61403	23.45838	-0.93988	0.58097	0.26102	-7.87924	0.33027	0.99055	0.13708	-0.00456	-0.13703	0.99051	0.01014	0.00590	-0.00942	0.99994		-5.22348	5.87072	-0.79090	-0.17687	-0.47906	-2.26935	0.39818	0.99918	0.03960	0.00836	-0.03957	0.99921	-0.00309	-0.00848	0.00275	0.99996	
102	0.51000	-10.69052	23.44374	-0.89738	0.58310	0.25971	-7.87518	0.32845	0.99056	0.13701	-0.00453	-0.13696	0.99052	0.01018	0.00588	-0.00946	0.99994		-5.23474	5.87368	-0.74946	-0.18114	-0.48157	-2.27396	0.38115	0.99918	0.03968	0.00840	-0.03965	0.99921	-0.00316	-0.00852	0.00283	0.99996	
103	0.51500	-10.63177	23.40089	-0.86509	0.58506	0.25157	-7.88000	0.33409	0.99055	0.13710	-0.00439	-0.13705	0.99051	0.01021	0.00575	-0.00951	0.99994		-5.20622	5.84832	-0.68886	-0.18426	-0.47592	-2.27159	0.37961	0.99918	0.03963	0.00831	-0.03961	0.99921	-0.00322	-0.00843	0.00288	0.99996	
104	0.52000	-10.61905	23.35391	-0.84751	0.58641	0.24640	-7.88054	0.33179	0.99055	0.13711	-0.00430	-0.13706	0.99051	0.01023	0.00566	-0.00955	0.99994		-5.17739	5.82981	-0.63617	-0.18612	-0.47575	-2.26972	0.39343	0.99918	0.03960	0.00830	-0.03958	0.99921	-0.00325	-0.00843	0.00292	0.99996	
105	0.52500	-10.65621	23.34347	-0.80702	0.58551	0.24237	-7.87814	0.33818	0.99055	0.13707	-0.00423	-0.13702	0.99052	0.01022	0.00559	-0.00954	0.99994		-5.16832	5.86945	-0.58947	-0.18700	-0.47248	-2.27224	0.38639	0.99918	0.03965	0.00825	-0.03962	0.99921	-0.00326	-0.00837	0.00293	0.99996	
106	0.53000	-10.60133	23.28108	-0.76409	0.58545	0.23690	-7.87597	0.32789	0.99056	0.13703	-0.00413	-0.13698	0.99052	0.01022	0.00550	-0.00955	0.99994		-5.15371	5.81638	-0.53155	-0.19177	-0.46503	-2.27033	0.38118	0.99918	0.03961	0.00812	-0.03959	0.99921	-0.00335	-0.00824	0.00302	0.99996	
107	0.53500	-10.63898	23.27094	-0.73983	0.58416	0.22817	-7.87627	0.33129	0.99056	0.13703	-0.00398	-0.13699	0.99052	0.01020	0.00534	-0.00955	0.99994		-5.18892	5.84470	-0.49334	-0.19351	-0.46148	-2.27327	0.38735	0.99918	0.03966	0.00805	-0.03964	0.99921	-0.00338	-0.00818	0.00306	0.99996	
108	0.54000	-10.61316	23.23346	-0.69214	0.58475	0.22315	-7.87744	0.32366	0.99056	0.13705	-0.00389	-0.13701	0.99052	0.01021	0.00526	-0.00958	0.99994		-5.16072	5.86878	-0.43224	-0.19338	-0.45532	-2.27542	0.37775	0.99918	0.03970	0.00795	-0.03968	0.99921	-0.00338	-0.00807	0.00306	0.99996	
109	0.54500	-10.57560	23.17495	-0.65476	0.58195	0.21547	-7.87655	0.33213	0.99056	0.13704	-0.00376	-0.13699	0.99052	0.01016	0.00512	-0.00955	0.99994		-5.15225	5.83920	-0.37349	-0.19605	-0.44708	-2.27630	0.39034	0.99918	0.03972	0.00780	-0.03969	0.99921	-0.00342	-0.00793	0.00311	0.99996	
110	0.55000	-10.60321	23.17021	-0.61388	0.57696	0.20568	-7.87347	0.32087	0.99057	0.13698	-0.00359	-0.13694	0.99053	0.01007	0.00494	-0.00948	0.99994		-5.18843	5.87104	-0.32271	-0.19783	-0.43923	-2.27513	0.37717	0.99918	0.03970	0.00767	-0.03967	0.99921	-0.00345	-0.00780	0.00315	0.99996	
111	0.55500	-10.55942	23.08633	-0.55057	0.57406	0.19810	-7.87379	0.32157	0.99057	0.13699	-0.00346	-0.13695	0.99053	0.01002	0.00480	-0.00945	0.99994		-5.11815	5.87632	-0.25425	-0.19532	-0.43074	-2.27482	0.36806	0.99918	0.03969	0.00752	-0.03967	0.99921	-0.00341	-0.00765	0.00311	0.99997	
112	0.56000	-10.56940	22.99118	-0.46690	0.55111	0.18000	-7.85655	0.31947	0.99061	0.13669	-0.00314	-0.13666	0.99057	0.00962	0.00443	-0.00910	0.99995		-5.16922	5.87936	-0.20371	-0.19852	-0.41789	-2.27368	0.37088	0.99919	0.03967	0.00729	-0.03965	0.99921	-0.00346	-0.00743	0.00317	0.99997	
113	0.56500	-10.51400	22.93646	-0.41956	0.54270	0.16757	-7.85249	0.33028	0.99062	0.13662	-0.00292	-0.13659	0.99058	0.00947	0.00419	-0.00898	0.99995		-5.13124	5.93449	-0.14315	-0.19592	-0.40952	-2.27584	0.37787	0.99919	0.03971	0.00715	-0.03969	0.99921	-0.00342	-0.00728	0.00313	0.99997	
114	0.57000	-10.53554	22.87372	-0.33807	0.53384	0.16026	-7.85073	0.31998	0.99062	0.13659	-0.00280	-0.13656	0.99059	0.00932	0.00404	-0.00885	0.99995		-5.14704	5.92014	-0.09504	-0.19562	-0.39694	-2.27477	0.36810	0.99919	0.03969	0.00693	-0.03967	0.99921	-0.00341	-0.00706	0.00314	0.99997	
115	0.57500	-10.52904	22.82962	-0.29180	0.52167	0.14533	-7.84209	0.32595	0.99064	0.13644	-0.00254	-0.13641	0.99061	0.00910	0.00375	-0.00867	0.99996		-5.17403	5.96793	-0.06314	-0.19452	-0.38447	-2.27764	0.35970	0.99919	0.03974	0.00671	-0.03972	0.99921	-0.00339	-0.00684	0.00313	0.99997	
116	0.58000	-10.48742	22.77868	-0.21796	0.51683	0.14057	-7.84646	0.31869	0.99063	0.13652	-0.00245	-0.13649	0.99060	0.00902	0.00366	-0.00860	0.99996		-5.17215	5.96830	0.00138	-0.19573	-0.36733	-2.27672	0.37473	0.99919	0.03973	0.00641	-0.03970	0.99921	-0.00342	-0.00654	0.00316	0.99997	
117	0.58500	-10.47249	22.73548	-0.16071	0.50489	0.12931	-7.84592	0.32498	0.99064	0.13651	-0.00226	-0.13648	0.99060	0.00881	0.00344	-0.00842	0.99996		-5.19668	6.02080	0.05190	-0.19017	-0.35557	-2.27338	0.36123	0.99919	0.03967	0.00621	-0.03965	0.99921	-0.00332	-0.00633	0.00307	0.99998	
118	0.59000	-10.45692	22.69827	-0.10514	0.49824	0.11622	-7.84507	0.31637	0.99064	0.13649	-0.00203	-0.13647	0.99061	0.00870	0.00320	-0.00834	0.99996		-5.20366	6.03923	0.09294	-0.18966	-0.33875	-2.27656	0.36479	0.99919	0.03972	0.00591	-0.03970	0.99921	-0.00331	-0.00604	0.00307	0.99998	
119	0.59500	-10.43407	22.65302	-0.02610	0.48956	0.11201	-7.84526	0.32224	0.99064	0.13650	-0.00195	-0.13648	0.99061	0.00854	0.00310	-0.00820	0.99996		-5.17698	6.08505	0.15200	-0.18669	-0.32327	-2.27379	0.36364	0.99920	0.03967	0.00564	-0.03966	0.99921	-0.00326	-0.00577	0.00303	0.99998	
120	0.60000	-10.42610	22.60817	0.02572	0.47964	0.09897	-7.84254	0.32562	0.99065	0.13645	-0.00173	-0.13643	0.99061	0.00837	0.00285	-0.00806	0.99996		-5.25458	6.12737	0.20275	-0.18345	-0.30632	-2.27543	0.37765	0.99920	0.03970	0.00535	-0.03969	0.99921	-0.00320	-0.00547	0.00299	0.99998	
121	0.60500	-10.40753	22.56262	0.08993	0.46856	0.09164	-7.84518	0.32336	0.99064	0.13650	-0.00160	-0.13648	0.99061	0.00818	0.00270	-0.00788	0.99997		-5.26663	6.15303	0.25172	-0.17864	-0.28720	-2.27374	0.37428	0.99920	0.03967	0.00501	-0.03966	0.99921	-0.00312	-0.00513	0.00292	0.99998	
122	0.61000	-10.38021	22.53139	0.16827	0.46059	0.08660	-7.84373	0.32919	0.99064	0.13647	-0.00151	-0.13646	0.99061	0.00804	0.00259	-0.00776	0.99997		-5.26263	6.20162	0.30741	-0.17675	-0.27307	-2.27442	0.36248	0.99920	0.03969	0.00477	-0.03967	0.99921	-0.00308	-0.00488	0.00289	0.99998	
123	0.61500	-10.37667	22.50678	0.23400	0.45197	0.07528	-7.84501	0.32296	0.99064	0.13649	-0.00131	-0.13648	0.99061	0.00789	0.00238	-0.00764	0.99997		-5.28755	6.23510	0.34539	-0.17320	-0.25642	-2.27117	0.37845	0.99920	0.03963	0.00448	-0.03962	0.99921	-0.00302	-0.00459	0.00284	0.99999	
124	0.62000	-10.31841	22.46288	0.29504	0.44028	0.06382	-7.84343	0.31997	0.99064	0.13647	-0.00111	-0.13645	0.99062	0.00768	0.00215	-0.00746	0.99997		-5.30917	6.28259	0.38181	-0.16885	-0.23675	-2.27171	0.38038	0.99921	0.03964	0.00413	-0.03963	0.99921	-0.00295	-0.00425	0.00278	0.99999	
125	0.62500	-10.34498	22.44672	0.35664	0.43426	0.05869	-7.84425	0.32174	0.99064	0.13648	-0.00102	-0.13647	0.99062	0.00758	0.00205	-0.00737	0.99997		-5.31149	6.33514	0.43579	-0.16423	-0.21844	-2.27114	0.37804	0.99921	0.03963	0.00381	-0.03962	0.99921	-0.00287	-0.00392	0.00271	0.99999	
126	0.63000	-10.32259	22.40587	0.43655	0.42023	0.04896	-7.84444	0.31459	0.99064	0.13648	-0.00085	-0.13647	0.99062	0.00733	0.00185	-0.00715	0.99997		-5.32310	6.38338	0.48004	-0.16002	-0.20401	-2.26994	0.38520	0.99921	0.03961	0.00356	-0.03960	0.99921	-0.00279	-0.00367	0.00265	0.99999	
127	0.63500	-10.29107	22.36028	0.49295	0.41120	0.04281	-7.84443	0.32171	0.99064	0.13648	-0.00075	-0.13647	0.99062	0.00718	0.00172	-0.00701	0.99997		-5.32550	6.42375	0.51934	-0.15324	-0.18145	-2.27003	0.38139	0.99921	0.03961	0.00317	-0.03960	0.99921	-0.00267	-0.00327	0.00255	0.99999	
128	0.64000	-10.25904	22.24398	0.60140	0.37919	0.02199	-7.82591	0.32203	0.99069	0.13616	-0.00038	-0.13616	0.99067	0.00662	0.00128	-0.00650	0.99998		-5.38526	6.49620	0.56650	-0.14813	-0.16481	-2.26741	0.37504	0.99921	0.03956	0.00288	-0.03956	0.99921	-0.00259	-0.00298	0.00247	0.99999	
129	0.64500	-10.20524	22.18532	0.66673	0.36291	0.00982	-7.82442	0.31094	0.99069	0.13614	-0.00017	-0.13613	0.99067	0.00633	0.00103	-0.00625	0.99998		-5.41544	6.54230	0.60187	-0.14394	-0.14372	-2.26788	0.37701	0.99921	0.03957	0.00251	-0.03957	0.99921	-0.00251	-0.00261	0.00241	0.99999	
130	0.65000	-10.18510	22.13485	0.74332	0.34698	0.00087	-7.82538	0.32771	0.99069	0.13615	-0.00002	-0.13615	0.99067	0.00606	0.00084	-0.00600	0.99998		-5.39973	6.61693	0.64741	-0.13323	-0.12742	-2.26618	0.37308	0.99922	0.03954	0.00222	-0.03954	0.99922	-0.00233	-0.00231	0.00224	0.99999	
131	0.65500	-10.18296	22.09847	0.82714	0.33281	-0.00387	-7.82732	0.32072	0.99068	0.13619	0.00007	-0.13619	0.99067	0.00581	0.00072	-0.00576	0.99998		-5.47042	6.66555	0.68695	-0.12899	-0.10635	-2.26615	0.37181	0.99922	0.03954	0.00186	-0.03954	0.99922	-0.00225	-0.00194	0.00218	1.00000	
132	0.66000	-10.11826	22.04844	0.88762	0.31952	-0.01663	-7.82550	0.31978	0.99069	0.13616	0.00029	-0.13616	0.99067	0.00558	0.00047	-0.00556	0.99998		-5.49187	6.70619	0.73288	-0.12287	-0.08737	-2.26706	0.36814	0.99922	0.03956	0.00152	-0.03955	0.99922	-0.00214	-0.00161	0.00208	1.00000	
133	0.66500	-10.09063	22.03055	0.95434	0.30680	-0.02687	-7.82790	0.31420	0.99068	0.13620	0.00047	-0.13620	0.99067	0.00535	0.00026	-0.00537	0.99999		-5.52857	6.78873	0.76318	-0.11318	-0.06687	-2.26506	0.36746	0.99922	0.03952	0.00117	-0.03952	0.99922	-0.00198	-0.00124	0.00193	1.00000	
134	0.67000	-10.07535	22.01091	1.01209	0.29323	-0.03166	-7.82831	0.31656	0.99068	0.13621	0.00055	-0.13621	0.99067	0.00512	0.00015	-0.00515	0.99999		-5.54318	6.85571	0.78853	-0.10690	-0.04823	-2.26329	0.37925	0.99922	0.03949	0.00084	-0.03949	0.99922	-0.00187	-0.00091	0.00183	1.00000	
135	0.67500	-10.04244	21.97492	1.07956	0.28183	-0.03457	-7.82891	0.32048	0.99068	0.13622	0.00060	-0.13622	0.99067	0.00492	0.00007	-0.00496	0.99999		-5.55478	6.90385	0.81978	-0.09844	-0.02950	-2.26267	0.38313	0.99922	0.03948	0.00051	-0.03948	0.99922	-0.00172	-0.00058	0.00170	1.00000	
136	0.68000	-10.03688	21.96365	1.12982	0.26744	-0.04433	-7.82617	0.30420	0.99069	0.13617	0.00077	-0.13617	0.99067	0.00467	-0.00013	-0.00473	0.99999		-5.61951	6.99273	0.84931	-0.09051	-0.00892	-2.26294	0.38211	0.99922	0.03949	0.00016	-0.03949	0.99922	-0.00158	-0.00022	0.00157	1.00000	
137	0.68500	-9.95958	21.92049	1.20118	0.25541	-0.04724	-7.82936	0.31628	0.99068	0.13622	0.00082	-0.13623	0.99067	0.00446	-0.00021	-0.00453	0.99999		-5.59515	7.02151	0.89315	-0.08287	0.00845	-2.26282	0.36853	0.99922	0.03948	-0.00015	-0.03948	0.99922	-0.00145	0.00009	0.00145	1.00000	
138	0.69000	-9.95284	21.89976	1.26894	0.24226	-0.05009	-7.83238	0.31221	0.99067	0.13628	0.00087	-0.13628	0.99066	0.00423	-0.00029	-0.00431	0.99999		-5.66778	7.09609	0.89787	-0.07430	0.02956	-2.26356	0.38804	0.99922	0.03950	-0.00052	-0.03950	0.99922	-0.00130	0.00046	0.00132	1.00000	
