NO_OF_FRAMES	12049
NO_OF_CAMERAS	8
NO_OF_BODIES	2
FREQUENCY	200
NO_OF_ANALOG	0
ANALOG_FREQUENCY	0
DESCRIPTION	--
TIME_STAMP	2013-07-05, 13:35:53	190566.91149905
DATA_INCLUDED	6D
BODY_NAMES	Ice 2 V2	Ice 3
Frame	Time	Ice 2 V2 X	Y	Z	Roll	Pitch	Yaw	Residual	Rot[0]	Rot[1]	Rot[2]	Rot[3]	Rot[4]	Rot[5]	Rot[6]	Rot[7]	Rot[8]	Ice 3 X	Y	Z	Roll	Pitch	Yaw	Residual	Rot[0]	Rot[1]	Rot[2]	Rot[3]	Rot[4]	Rot[5]	Rot[6]	Rot[7]	Rot[8]	
1	0.00500	-6.66268	26.84610	-0.58120	0.40613	0.31937	-18.54026	0.57265	0.94809	0.31797	-0.00557	-0.31793	0.94809	0.00709	0.00754	-0.00495	0.99996		0.00000	0.00000	0.00000	0.00000	0.00000	0.00000	-1.00000	0.00000	0.00000	0.00000	0.00000	0.00000	0.00000	0.00000	0.00000	0.00000	
2	0.01000	-6.73798	26.85020	-0.65383	0.42116	0.32137	-18.53869	0.52003	0.94809	0.31794	-0.00561	-0.31790	0.94810	0.00735	0.00765	-0.00519	0.99996		0.00000	0.00000	0.00000	0.00000	0.00000	0.00000	-1.00000	0.00000	0.00000	0.00000	0.00000	0.00000	0.00000	0.00000	0.00000	0.00000	
3	0.01500	-6.72854	26.83324	-0.67237	0.42419	0.31387	-18.53811	0.52062	0.94810	0.31793	-0.00548	-0.31789	0.94810	0.00740	0.00755	-0.00528	0.99996		0.00000	0.00000	0.00000	0.00000	0.00000	0.00000	-1.00000	0.00000	0.00000	0.00000	0.00000	0.00000	0.00000	0.00000	0.00000	0.00000	
4	0.02000	-6.71494	26.79056	-0.71423	0.42058	0.30286	-18.54232	0.51404	0.94808	0.31800	-0.00529	-0.31796	0.94808	0.00734	0.00735	-0.00528	0.99996		0.00000	0.00000	0.00000	0.00000	0.00000	0.00000	-1.00000	0.00000	0.00000	0.00000	0.00000	0.00000	0.00000	0.00000	0.00000	0.00000	
5	0.02500	-6.70365	26.75263	-0.74626	0.41897	0.29364	-18.54087	0.51178	0.94808	0.31798	-0.00512	-0.31794	0.94808	0.00731	0.00718	-0.00530	0.99996		0.00000	0.00000	0.00000	0.00000	0.00000	0.00000	-1.00000	0.00000	0.00000	0.00000	0.00000	0.00000	0.00000	0.00000	0.00000	0.00000	
6	0.03000	-6.72806	26.72843	-0.78148	0.42094	0.29213	-18.53927	0.51764	0.94809	0.31795	-0.00510	-0.31791	0.94809	0.00735	0.00717	-0.00534	0.99996		0.00000	0.00000	0.00000	0.00000	0.00000	0.00000	-1.00000	0.00000	0.00000	0.00000	0.00000	0.00000	0.00000	0.00000	0.00000	0.00000	
7	0.03500	-6.69206	26.67299	-0.79316	0.41798	0.28784	-18.54108	0.50866	0.94808	0.31798	-0.00502	-0.31794	0.94808	0.00729	0.00708	-0.00532	0.99996		0.00000	0.00000	0.00000	0.00000	0.00000	0.00000	-1.00000	0.00000	0.00000	0.00000	0.00000	0.00000	0.00000	0.00000	0.00000	0.00000	
8	0.04000	-6.70642	26.63214	-0.83051	0.41616	0.28269	-18.54177	0.52352	0.94808	0.31799	-0.00493	-0.31795	0.94808	0.00726	0.00699	-0.00532	0.99996		0.00000	0.00000	0.00000	0.00000	0.00000	0.00000	-1.00000	0.00000	0.00000	0.00000	0.00000	0.00000	0.00000	0.00000	0.00000	0.00000	
9	0.04500	-6.69635	26.59237	-0.85613	0.41510	0.27669	-18.54527	0.51221	0.94806	0.31805	-0.00483	-0.31801	0.94806	0.00724	0.00688	-0.00533	0.99996		0.00000	0.00000	0.00000	0.00000	0.00000	0.00000	-1.00000	0.00000	0.00000	0.00000	0.00000	0.00000	0.00000	0.00000	0.00000	0.00000	
10	0.05000	-6.68000	26.53866	-0.88655	0.40783	0.26311	-18.54241	0.51136	0.94808	0.31800	-0.00459	-0.31797	0.94807	0.00712	0.00662	-0.00529	0.99996		0.00000	0.00000	0.00000	0.00000	0.00000	0.00000	-1.00000	0.00000	0.00000	0.00000	0.00000	0.00000	0.00000	0.00000	0.00000	0.00000	
11	0.05500	-6.66306	26.48177	-0.91417	0.40572	0.26030	-18.54286	0.51503	0.94808	0.31801	-0.00454	-0.31798	0.94807	0.00708	0.00656	-0.00527	0.99996		0.00000	0.00000	0.00000	0.00000	0.00000	0.00000	-1.00000	0.00000	0.00000	0.00000	0.00000	0.00000	0.00000	0.00000	0.00000	0.00000	
12	0.06000	-6.68385	26.42237	-0.93978	0.40165	0.25931	-18.54067	0.50616	0.94809	0.31797	-0.00453	-0.31794	0.94809	0.00701	0.00652	-0.00521	0.99997		0.00000	0.00000	0.00000	0.00000	0.00000	0.00000	-1.00000	0.00000	0.00000	0.00000	0.00000	0.00000	0.00000	0.00000	0.00000	0.00000	
13	0.06500	-6.69355	26.35938	-0.96858	0.39742	0.25386	-18.54525	0.51737	0.94806	0.31805	-0.00443	-0.31802	0.94806	0.00694	0.00641	-0.00517	0.99997		0.00000	0.00000	0.00000	0.00000	0.00000	0.00000	-1.00000	0.00000	0.00000	0.00000	0.00000	0.00000	0.00000	0.00000	0.00000	0.00000	
14	0.07000	-6.63258	26.31910	-0.98425	0.39365	0.24414	-18.54494	0.50891	0.94807	0.31805	-0.00426	-0.31801	0.94806	0.00687	0.00622	-0.00516	0.99997		0.00000	0.00000	0.00000	0.00000	0.00000	0.00000	-1.00000	0.00000	0.00000	0.00000	0.00000	0.00000	0.00000	0.00000	0.00000	0.00000	
15	0.07500	-6.63274	26.23424	-1.02488	0.38497	0.23967	-18.54457	0.51016	0.94807	0.31804	-0.00418	-0.31801	0.94806	0.00672	0.00610	-0.00504	0.99997		0.00000	0.00000	0.00000	0.00000	0.00000	0.00000	-1.00000	0.00000	0.00000	0.00000	0.00000	0.00000	0.00000	0.00000	0.00000	0.00000	
16	0.08000	-6.64626	26.16487	-1.03264	0.38071	0.23981	-18.54530	0.51494	0.94806	0.31805	-0.00419	-0.31802	0.94806	0.00664	0.00608	-0.00497	0.99997		0.00000	0.00000	0.00000	0.00000	0.00000	0.00000	-1.00000	0.00000	0.00000	0.00000	0.00000	0.00000	0.00000	0.00000	0.00000	0.00000	
17	0.08500	-6.62777	26.09854	-1.04918	0.37268	0.23366	-18.54497	0.50100	0.94807	0.31805	-0.00408	-0.31802	0.94806	0.00650	0.00594	-0.00487	0.99997		0.00000	0.00000	0.00000	0.00000	0.00000	0.00000	-1.00000	0.00000	0.00000	0.00000	0.00000	0.00000	0.00000	0.00000	0.00000	0.00000	
18	0.09000	-6.65282	26.04168	-1.05703	0.37035	0.23369	-18.54742	0.51050	0.94805	0.31809	-0.00408	-0.31806	0.94805	0.00646	0.00592	-0.00483	0.99997		0.00000	0.00000	0.00000	0.00000	0.00000	0.00000	-1.00000	0.00000	0.00000	0.00000	0.00000	0.00000	0.00000	0.00000	0.00000	0.00000	
19	0.09500	-6.61602	25.95087	-1.08071	0.35513	0.22270	-18.54242	0.50669	0.94808	0.31800	-0.00389	-0.31798	0.94808	0.00620	0.00566	-0.00464	0.99997		0.00000	0.00000	0.00000	0.00000	0.00000	0.00000	-1.00000	0.00000	0.00000	0.00000	0.00000	0.00000	0.00000	0.00000	0.00000	0.00000	
20	0.10000	-6.59701	25.89320	-1.09563	0.34877	0.21875	-18.54107	0.51242	0.94809	0.31798	-0.00382	-0.31796	0.94809	0.00609	0.00556	-0.00456	0.99997		0.00000	0.00000	0.00000	0.00000	0.00000	0.00000	-1.00000	0.00000	0.00000	0.00000	0.00000	0.00000	0.00000	0.00000	0.00000	0.00000	
21	0.10500	-6.59879	25.82769	-1.10771	0.34446	0.21885	-18.54182	0.51800	0.94808	0.31799	-0.00382	-0.31797	0.94808	0.00601	0.00553	-0.00449	0.99997		0.00000	0.00000	0.00000	0.00000	0.00000	0.00000	-1.00000	0.00000	0.00000	0.00000	0.00000	0.00000	0.00000	0.00000	0.00000	0.00000	
22	0.11000	-6.63475	25.73474	-1.11700	0.33296	0.22172	-18.54183	0.50722	0.94808	0.31799	-0.00387	-0.31797	0.94808	0.00581	0.00552	-0.00428	0.99998		0.00000	0.00000	0.00000	0.00000	0.00000	0.00000	-1.00000	0.00000	0.00000	0.00000	0.00000	0.00000	0.00000	0.00000	0.00000	0.00000	
23	0.11500	-6.63180	25.66318	-1.11189	0.32635	0.21562	-18.53870	0.50686	0.94810	0.31794	-0.00376	-0.31792	0.94810	0.00570	0.00538	-0.00420	0.99998		0.00000	0.00000	0.00000	0.00000	0.00000	0.00000	-1.00000	0.00000	0.00000	0.00000	0.00000	0.00000	0.00000	0.00000	0.00000	0.00000	
24	0.12000	-6.64421	25.59446	-1.13844	0.31728	0.21299	-18.54280	0.50365	0.94808	0.31801	-0.00372	-0.31799	0.94808	0.00554	0.00529	-0.00407	0.99998		0.00000	0.00000	0.00000	0.00000	0.00000	0.00000	-1.00000	0.00000	0.00000	0.00000	0.00000	0.00000	0.00000	0.00000	0.00000	0.00000	
25	0.12500	-6.64311	25.51667	-1.12858	0.31013	0.21334	-18.54325	0.51119	0.94808	0.31802	-0.00372	-0.31800	0.94808	0.00541	0.00525	-0.00395	0.99998		0.00000	0.00000	0.00000	0.00000	0.00000	0.00000	-1.00000	0.00000	0.00000	0.00000	0.00000	0.00000	0.00000	0.00000	0.00000	0.00000	
26	0.13000	-6.64028	25.44478	-1.13702	0.29938	0.21187	-18.53841	0.50776	0.94810	0.31794	-0.00370	-0.31792	0.94810	0.00523	0.00517	-0.00378	0.99998		0.00000	0.00000	0.00000	0.00000	0.00000	0.00000	-1.00000	0.00000	0.00000	0.00000	0.00000	0.00000	0.00000	0.00000	0.00000	0.00000	
27	0.13500	-6.61636	25.34178	-1.14529	0.28717	0.21079	-18.53930	0.50469	0.94810	0.31795	-0.00368	-0.31793	0.94810	0.00501	0.00508	-0.00358	0.99998		0.00000	0.00000	0.00000	0.00000	0.00000	0.00000	-1.00000	0.00000	0.00000	0.00000	0.00000	0.00000	0.00000	0.00000	0.00000	0.00000	
28	0.14000	-6.63923	25.28036	-1.14180	0.28129	0.21431	-18.53864	0.51219	0.94810	0.31794	-0.00374	-0.31792	0.94810	0.00491	0.00511	-0.00347	0.99998		0.00000	0.00000	0.00000	0.00000	0.00000	0.00000	-1.00000	0.00000	0.00000	0.00000	0.00000	0.00000	0.00000	0.00000	0.00000	0.00000	
29	0.14500	-6.62654	25.20219	-1.15025	0.27176	0.21308	-18.54164	0.50377	0.94809	0.31799	-0.00372	-0.31797	0.94809	0.00474	0.00503	-0.00331	0.99998		0.00000	0.00000	0.00000	0.00000	0.00000	0.00000	-1.00000	0.00000	0.00000	0.00000	0.00000	0.00000	0.00000	0.00000	0.00000	0.00000	
30	0.15000	-6.62762	25.10489	-1.14521	0.25727	0.21178	-18.54392	0.50330	0.94807	0.31803	-0.00370	-0.31801	0.94808	0.00449	0.00493	-0.00308	0.99998		0.00000	0.00000	0.00000	0.00000	0.00000	0.00000	-1.00000	0.00000	0.00000	0.00000	0.00000	0.00000	0.00000	0.00000	0.00000	0.00000	
31	0.15500	-6.63172	25.03873	-1.13794	0.25104	0.21481	-18.53423	0.50832	0.94813	0.31787	-0.00375	-0.31785	0.94813	0.00438	0.00495	-0.00296	0.99998		0.00000	0.00000	0.00000	0.00000	0.00000	0.00000	-1.00000	0.00000	0.00000	0.00000	0.00000	0.00000	0.00000	0.00000	0.00000	0.00000	
32	0.16000	-6.62313	24.94453	-1.12312	0.23523	0.21507	-18.53942	0.51267	0.94810	0.31795	-0.00375	-0.31794	0.94810	0.00411	0.00486	-0.00270	0.99998		0.00000	0.00000	0.00000	0.00000	0.00000	0.00000	-1.00000	0.00000	0.00000	0.00000	0.00000	0.00000	0.00000	0.00000	0.00000	0.00000	
33	0.16500	-6.62312	24.87128	-1.12045	0.22506	0.21712	-18.53835	0.51048	0.94810	0.31794	-0.00379	-0.31792	0.94811	0.00393	0.00484	-0.00252	0.99999		0.00000	0.00000	0.00000	0.00000	0.00000	0.00000	-1.00000	0.00000	0.00000	0.00000	0.00000	0.00000	0.00000	0.00000	0.00000	0.00000	
34	0.17000	-6.63233	24.78240	-1.09976	0.21569	0.22025	-18.53580	0.51007	0.94812	0.31789	-0.00384	-0.31788	0.94812	0.00376	0.00484	-0.00235	0.99999		0.00000	0.00000	0.00000	0.00000	0.00000	0.00000	-1.00000	0.00000	0.00000	0.00000	0.00000	0.00000	0.00000	0.00000	0.00000	0.00000	
35	0.17500	-6.62982	24.69483	-1.08876	0.20149	0.22130	-18.53983	0.51507	0.94810	0.31796	-0.00386	-0.31795	0.94810	0.00352	0.00478	-0.00211	0.99999		0.00000	0.00000	0.00000	0.00000	0.00000	0.00000	-1.00000	0.00000	0.00000	0.00000	0.00000	0.00000	0.00000	0.00000	0.00000	0.00000	
36	0.18000	-6.66024	24.61301	-1.06995	0.19145	0.22760	-18.53749	0.50287	0.94811	0.31792	-0.00397	-0.31791	0.94811	0.00334	0.00483	-0.00191	0.99999		0.00000	0.00000	0.00000	0.00000	0.00000	0.00000	-1.00000	0.00000	0.00000	0.00000	0.00000	0.00000	0.00000	0.00000	0.00000	0.00000	
37	0.18500	-6.62927	24.52740	-1.06548	0.17823	0.22593	-18.53528	0.52456	0.94812	0.31789	-0.00394	-0.31788	0.94813	0.00311	0.00473	-0.00170	0.99999		0.00000	0.00000	0.00000	0.00000	0.00000	0.00000	-1.00000	0.00000	0.00000	0.00000	0.00000	0.00000	0.00000	0.00000	0.00000	0.00000	
38	0.19000	-6.64123	24.45173	-1.04817	0.16862	0.23052	-18.53601	0.50038	0.94812	0.31790	-0.00402	-0.31789	0.94812	0.00294	0.00475	-0.00151	0.99999		0.00000	0.00000	0.00000	0.00000	0.00000	0.00000	-1.00000	0.00000	0.00000	0.00000	0.00000	0.00000	0.00000	0.00000	0.00000	0.00000	
39	0.19500	-6.66832	24.37688	-1.03726	0.15802	0.23141	-18.53311	0.51552	0.94813	0.31785	-0.00404	-0.31784	0.94814	0.00276	0.00471	-0.00133	0.99999		0.00000	0.00000	0.00000	0.00000	0.00000	0.00000	-1.00000	0.00000	0.00000	0.00000	0.00000	0.00000	0.00000	0.00000	0.00000	0.00000	
40	0.20000	-6.66769	24.30504	-1.01561	0.14758	0.23596	-18.52904	0.51872	0.94815	0.31778	-0.00412	-0.31777	0.94816	0.00258	0.00472	-0.00113	0.99999		0.00000	0.00000	0.00000	0.00000	0.00000	0.00000	-1.00000	0.00000	0.00000	0.00000	0.00000	0.00000	0.00000	0.00000	0.00000	0.00000	
41	0.20500	-6.67406	24.22349	-1.00289	0.13687	0.24002	-18.53218	0.50783	0.94814	0.31783	-0.00419	-0.31783	0.94815	0.00239	0.00473	-0.00093	0.99999		0.00000	0.00000	0.00000	0.00000	0.00000	0.00000	-1.00000	0.00000	0.00000	0.00000	0.00000	0.00000	0.00000	0.00000	0.00000	0.00000	
42	0.21000	-6.66400	24.15785	-0.98842	0.12630	0.24058	-18.53375	0.51024	0.94813	0.31786	-0.00420	-0.31785	0.94814	0.00220	0.00468	-0.00076	0.99999		0.00000	0.00000	0.00000	0.00000	0.00000	0.00000	-1.00000	0.00000	0.00000	0.00000	0.00000	0.00000	0.00000	0.00000	0.00000	0.00000	
43	0.21500	-6.66204	24.08232	-0.96134	0.11683	0.24682	-18.53015	0.51484	0.94815	0.31780	-0.00431	-0.31779	0.94816	0.00204	0.00473	-0.00056	0.99999		0.00000	0.00000	0.00000	0.00000	0.00000	0.00000	-1.00000	0.00000	0.00000	0.00000	0.00000	0.00000	0.00000	0.00000	0.00000	0.00000	
44	0.22000	-6.69881	23.99955	-0.94033	0.10500	0.25568	-18.52619	0.52263	0.94817	0.31773	-0.00446	-0.31773	0.94818	0.00183	0.00481	-0.00032	0.99999		0.00000	0.00000	0.00000	0.00000	0.00000	0.00000	-1.00000	0.00000	0.00000	0.00000	0.00000	0.00000	0.00000	0.00000	0.00000	0.00000	
45	0.22500	-6.71632	23.93804	-0.91163	0.09795	0.26452	-18.53225	0.51547	0.94813	0.31784	-0.00462	-0.31783	0.94815	0.00171	0.00492	-0.00015	0.99999		0.00000	0.00000	0.00000	0.00000	0.00000	0.00000	-1.00000	0.00000	0.00000	0.00000	0.00000	0.00000	0.00000	0.00000	0.00000	0.00000	
46	0.23000	-6.68448	23.88166	-0.88627	0.08631	0.26230	-18.52593	0.51810	0.94817	0.31773	-0.00458	-0.31773	0.94818	0.00151	0.00482	0.00003	0.99999		0.00000	0.00000	0.00000	0.00000	0.00000	0.00000	-1.00000	0.00000	0.00000	0.00000	0.00000	0.00000	0.00000	0.00000	0.00000	0.00000	
47	0.23500	-6.72359	23.82200	-0.87453	0.07911	0.27115	-18.53017	0.52139	0.94815	0.31780	-0.00473	-0.31780	0.94816	0.00138	0.00493	0.00019	0.99999		0.00000	0.00000	0.00000	0.00000	0.00000	0.00000	-1.00000	0.00000	0.00000	0.00000	0.00000	0.00000	0.00000	0.00000	0.00000	0.00000	
48	0.24000	-6.69844	23.77101	-0.84128	0.07130	0.27453	-18.52652	0.52966	0.94817	0.31774	-0.00479	-0.31774	0.94818	0.00124	0.00494	0.00034	0.99999		0.00000	0.00000	0.00000	0.00000	0.00000	0.00000	-1.00000	0.00000	0.00000	0.00000	0.00000	0.00000	0.00000	0.00000	0.00000	0.00000	
49	0.24500	-6.67983	23.60444	-0.76312	0.03623	0.26910	-18.51264	0.53272	0.94824	0.31751	-0.00470	-0.31751	0.94825	0.00063	0.00465	0.00089	0.99999		0.00000	0.00000	0.00000	0.00000	0.00000	0.00000	-1.00000	0.00000	0.00000	0.00000	0.00000	0.00000	0.00000	0.00000	0.00000	0.00000	
50	0.25000	-6.69792	23.54757	-0.73648	0.02505	0.27406	-18.51006	0.52978	0.94826	0.31747	-0.00478	-0.31747	0.94827	0.00044	0.00467	0.00110	0.99999		0.00000	0.00000	0.00000	0.00000	0.00000	0.00000	-1.00000	0.00000	0.00000	0.00000	0.00000	0.00000	0.00000	0.00000	0.00000	0.00000	
51	0.25500	-6.68625	23.51335	-0.69556	0.02028	0.28277	-18.50903	0.52880	0.94826	0.31745	-0.00494	-0.31745	0.94827	0.00035	0.00479	0.00123	0.99999		0.00000	0.00000	0.00000	0.00000	0.00000	0.00000	-1.00000	0.00000	0.00000	0.00000	0.00000	0.00000	0.00000	0.00000	0.00000	0.00000	
52	0.26000	-6.69968	23.46037	-0.67104	0.01229	0.28569	-18.51094	0.52434	0.94825	0.31748	-0.00499	-0.31748	0.94826	0.00021	0.00480	0.00138	0.99999		0.00000	0.00000	0.00000	0.00000	0.00000	0.00000	-1.00000	0.00000	0.00000	0.00000	0.00000	0.00000	0.00000	0.00000	0.00000	0.00000	
53	0.26500	-6.71354	23.39593	-0.65523	0.00347	0.29394	-18.51196	0.53676	0.94824	0.31750	-0.00513	-0.31750	0.94826	0.00006	0.00488	0.00157	0.99999		0.00000	0.00000	0.00000	0.00000	0.00000	0.00000	-1.00000	0.00000	0.00000	0.00000	0.00000	0.00000	0.00000	0.00000	0.00000	0.00000	
54	0.27000	-6.70021	23.34950	-0.61464	-0.00565	0.30149	-18.51126	0.52797	0.94825	0.31749	-0.00526	-0.31749	0.94826	-0.00010	0.00496	0.00176	0.99999		0.00000	0.00000	0.00000	0.00000	0.00000	0.00000	-1.00000	0.00000	0.00000	0.00000	0.00000	0.00000	0.00000	0.00000	0.00000	0.00000	
55	0.27500	-6.75665	23.31673	-0.58733	-0.01055	0.31394	-18.51092	0.53377	0.94825	0.31748	-0.00548	-0.31749	0.94826	-0.00018	0.00514	0.00191	0.99998		0.00000	0.00000	0.00000	0.00000	0.00000	0.00000	-1.00000	0.00000	0.00000	0.00000	0.00000	0.00000	0.00000	0.00000	0.00000	0.00000	
56	0.28000	-6.75863	23.25866	-0.55050	-0.01913	0.32197	-18.51024	0.53926	0.94825	0.31747	-0.00562	-0.31748	0.94827	-0.00033	0.00522	0.00210	0.99998		0.00000	0.00000	0.00000	0.00000	0.00000	0.00000	-1.00000	0.00000	0.00000	0.00000	0.00000	0.00000	0.00000	0.00000	0.00000	0.00000	
57	0.28500	-6.75437	23.23157	-0.51932	-0.02580	0.32829	-18.50719	0.54131	0.94827	0.31742	-0.00573	-0.31743	0.94828	-0.00045	0.00529	0.00225	0.99998		0.00000	0.00000	0.00000	0.00000	0.00000	0.00000	-1.00000	0.00000	0.00000	0.00000	0.00000	0.00000	0.00000	0.00000	0.00000	0.00000	
58	0.29000	-6.75515	23.19552	-0.50270	-0.03139	0.33270	-18.50827	0.53789	0.94826	0.31744	-0.00581	-0.31744	0.94828	-0.00055	0.00533	0.00236	0.99998		0.00000	0.00000	0.00000	0.00000	0.00000	0.00000	-1.00000	0.00000	0.00000	0.00000	0.00000	0.00000	0.00000	0.00000	0.00000	0.00000	
59	0.29500	-6.75120	23.15436	-0.45667	-0.03891	0.34183	-18.50670	0.53546	0.94827	0.31741	-0.00597	-0.31742	0.94829	-0.00068	0.00544	0.00254	0.99998		0.00000	0.00000	0.00000	0.00000	0.00000	0.00000	-1.00000	0.00000	0.00000	0.00000	0.00000	0.00000	0.00000	0.00000	0.00000	0.00000	
60	0.30000	-6.77372	23.14134	-0.43321	-0.04458	0.34939	-18.50229	0.53961	0.94829	0.31734	-0.00610	-0.31735	0.94831	-0.00078	0.00554	0.00267	0.99998		0.00000	0.00000	0.00000	0.00000	0.00000	0.00000	-1.00000	0.00000	0.00000	0.00000	0.00000	0.00000	0.00000	0.00000	0.00000	0.00000	
61	0.30500	-6.76017	23.11675	-0.39311	-0.05004	0.35664	-18.50688	0.55128	0.94827	0.31741	-0.00622	-0.31742	0.94828	-0.00087	0.00563	0.00280	0.99998		0.00000	0.00000	0.00000	0.00000	0.00000	0.00000	-1.00000	0.00000	0.00000	0.00000	0.00000	0.00000	0.00000	0.00000	0.00000	0.00000	
62	0.31000	-6.78935	23.09057	-0.36566	-0.05400	0.37000	-18.50474	0.55008	0.94828	0.31738	-0.00646	-0.31739	0.94830	-0.00094	0.00582	0.00294	0.99998		0.00000	0.00000	0.00000	0.00000	0.00000	0.00000	-1.00000	0.00000	0.00000	0.00000	0.00000	0.00000	0.00000	0.00000	0.00000	0.00000	
63	0.31500	-6.82304	23.09123	-0.32434	-0.05583	0.37903	-18.50090	0.55348	0.94830	0.31731	-0.00662	-0.31733	0.94832	-0.00097	0.00596	0.00302	0.99998		0.00000	0.00000	0.00000	0.00000	0.00000	0.00000	-1.00000	0.00000	0.00000	0.00000	0.00000	0.00000	0.00000	0.00000	0.00000	0.00000	
64	0.32000	-6.81357	23.05422	-0.28806	-0.06180	0.38691	-18.50532	0.55503	0.94827	0.31739	-0.00675	-0.31740	0.94829	-0.00108	0.00606	0.00317	0.99998		0.00000	0.00000	0.00000	0.00000	0.00000	0.00000	-1.00000	0.00000	0.00000	0.00000	0.00000	0.00000	0.00000	0.00000	0.00000	0.00000	
65	0.32500	-6.81599	23.03315	-0.25638	-0.06723	0.39416	-18.49962	0.55855	0.94830	0.31729	-0.00688	-0.31731	0.94832	-0.00117	0.00615	0.00330	0.99998		0.00000	0.00000	0.00000	0.00000	0.00000	0.00000	-1.00000	0.00000	0.00000	0.00000	0.00000	0.00000	0.00000	0.00000	0.00000	0.00000	
66	0.33000	-6.82290	23.04407	-0.22076	-0.06799	0.40782	-18.50113	0.57130	0.94829	0.31732	-0.00712	-0.31733	0.94831	-0.00119	0.00637	0.00338	0.99997		0.00000	0.00000	0.00000	0.00000	0.00000	0.00000	-1.00000	0.00000	0.00000	0.00000	0.00000	0.00000	0.00000	0.00000	0.00000	0.00000	
67	0.33500	-6.82357	23.03290	-0.19540	-0.07277	0.41237	-18.49795	0.57065	0.94831	0.31726	-0.00720	-0.31728	0.94833	-0.00127	0.00642	0.00349	0.99997		0.00000	0.00000	0.00000	0.00000	0.00000	0.00000	-1.00000	0.00000	0.00000	0.00000	0.00000	0.00000	0.00000	0.00000	0.00000	0.00000	
68	0.34000	-6.83801	23.02603	-0.15978	-0.07562	0.41953	-18.49522	0.56951	0.94832	0.31722	-0.00732	-0.31723	0.94835	-0.00132	0.00653	0.00357	0.99997		0.00000	0.00000	0.00000	0.00000	0.00000	0.00000	-1.00000	0.00000	0.00000	0.00000	0.00000	0.00000	0.00000	0.00000	0.00000	0.00000	
69	0.34500	-6.84004	23.03573	-0.13113	-0.07678	0.42940	-18.49783	0.56365	0.94831	0.31726	-0.00749	-0.31728	0.94833	-0.00134	0.00668	0.00365	0.99997		0.00000	0.00000	0.00000	0.00000	0.00000	0.00000	-1.00000	0.00000	0.00000	0.00000	0.00000	0.00000	0.00000	0.00000	0.00000	0.00000	
70	0.35000	-6.84683	23.04498	-0.10889	-0.07640	0.43672	-18.49675	0.57251	0.94831	0.31724	-0.00762	-0.31726	0.94834	-0.00133	0.00681	0.00368	0.99997		0.00000	0.00000	0.00000	0.00000	0.00000	0.00000	-1.00000	0.00000	0.00000	0.00000	0.00000	0.00000	0.00000	0.00000	0.00000	0.00000	
71	0.35500	-6.89382	23.04750	-0.05517	-0.08026	0.45046	-18.49498	0.57908	0.94832	0.31721	-0.00786	-0.31723	0.94835	-0.00140	0.00701	0.00382	0.99997		0.00000	0.00000	0.00000	0.00000	0.00000	0.00000	-1.00000	0.00000	0.00000	0.00000	0.00000	0.00000	0.00000	0.00000	0.00000	0.00000	
72	0.36000	-6.88036	23.05349	-0.03721	-0.08460	0.45716	-18.49070	0.58264	0.94834	0.31714	-0.00798	-0.31716	0.94837	-0.00148	0.00710	0.00393	0.99997		0.00000	0.00000	0.00000	0.00000	0.00000	0.00000	-1.00000	0.00000	0.00000	0.00000	0.00000	0.00000	0.00000	0.00000	0.00000	0.00000	
73	0.36500	-6.88280	23.07904	-0.00198	-0.08361	0.46454	-18.49635	0.58720	0.94831	0.31723	-0.00811	-0.31726	0.94834	-0.00146	0.00723	0.00396	0.99997		0.00000	0.00000	0.00000	0.00000	0.00000	0.00000	-1.00000	0.00000	0.00000	0.00000	0.00000	0.00000	0.00000	0.00000	0.00000	0.00000	
74	0.37000	-6.91840	23.08973	0.03564	-0.08588	0.47410	-18.48831	0.59709	0.94836	0.31710	-0.00827	-0.31712	0.94838	-0.00150	0.00737	0.00405	0.99996		0.00000	0.00000	0.00000	0.00000	0.00000	0.00000	-1.00000	0.00000	0.00000	0.00000	0.00000	0.00000	0.00000	0.00000	0.00000	0.00000	
75	0.37500	-6.89471	23.11709	0.07570	-0.08519	0.48287	-18.49059	0.59771	0.94834	0.31714	-0.00843	-0.31716	0.94837	-0.00149	0.00752	0.00408	0.99996		0.00000	0.00000	0.00000	0.00000	0.00000	0.00000	-1.00000	0.00000	0.00000	0.00000	0.00000	0.00000	0.00000	0.00000	0.00000	0.00000	
76	0.38000	-6.92319	23.16186	0.09315	-0.08103	0.49528	-18.49162	0.61210	0.94833	0.31715	-0.00864	-0.31718	0.94837	-0.00141	0.00775	0.00408	0.99996		0.00000	0.00000	0.00000	0.00000	0.00000	0.00000	-1.00000	0.00000	0.00000	0.00000	0.00000	0.00000	0.00000	0.00000	0.00000	0.00000	
77	0.38500	-6.91632	23.16761	0.12320	-0.08432	0.50087	-18.49020	0.61647	0.94834	0.31713	-0.00874	-0.31715	0.94837	-0.00147	0.00782	0.00417	0.99996		0.00000	0.00000	0.00000	0.00000	0.00000	0.00000	-1.00000	0.00000	0.00000	0.00000	0.00000	0.00000	0.00000	0.00000	0.00000	0.00000	
78	0.39000	-6.96041	23.21438	0.15005	-0.08107	0.51448	-18.48786	0.61645	0.94835	0.31709	-0.00898	-0.31712	0.94839	-0.00141	0.00807	0.00419	0.99996		0.00000	0.00000	0.00000	0.00000	0.00000	0.00000	-1.00000	0.00000	0.00000	0.00000	0.00000	0.00000	0.00000	0.00000	0.00000	0.00000	
79	0.39500	-6.94719	23.22275	0.18951	-0.08476	0.52119	-18.48367	0.62058	0.94837	0.31702	-0.00910	-0.31705	0.94841	-0.00148	0.00816	0.00429	0.99996		0.00000	0.00000	0.00000	0.00000	0.00000	0.00000	-1.00000	0.00000	0.00000	0.00000	0.00000	0.00000	0.00000	0.00000	0.00000	0.00000	
80	0.40000	-6.93263	23.28172	0.20609	-0.07877	0.52791	-18.48507	0.62270	0.94837	0.31704	-0.00921	-0.31707	0.94840	-0.00137	0.00830	0.00423	0.99996		0.00000	0.00000	0.00000	0.00000	0.00000	0.00000	-1.00000	0.00000	0.00000	0.00000	0.00000	0.00000	0.00000	0.00000	0.00000	0.00000	
81	0.40500	-6.96856	23.32527	0.23348	-0.07873	0.53564	-18.48176	0.63292	0.94838	0.31699	-0.00935	-0.31701	0.94842	-0.00137	0.00843	0.00427	0.99996		0.00000	0.00000	0.00000	0.00000	0.00000	0.00000	-1.00000	0.00000	0.00000	0.00000	0.00000	0.00000	0.00000	0.00000	0.00000	0.00000	
82	0.41000	-6.94394	23.36782	0.25411	-0.07697	0.54129	-18.48295	0.63171	0.94838	0.31701	-0.00945	-0.31703	0.94841	-0.00134	0.00853	0.00427	0.99995		0.00000	0.00000	0.00000	0.00000	0.00000	0.00000	-1.00000	0.00000	0.00000	0.00000	0.00000	0.00000	0.00000	0.00000	0.00000	0.00000	
83	0.41500	-6.98289	23.41775	0.27719	-0.07497	0.54929	-18.48140	0.63690	0.94838	0.31698	-0.00959	-0.31701	0.94842	-0.00131	0.00868	0.00428	0.99995		0.00000	0.00000	0.00000	0.00000	0.00000	0.00000	-1.00000	0.00000	0.00000	0.00000	0.00000	0.00000	0.00000	0.00000	0.00000	0.00000	
84	0.42000	-6.98597	23.46289	0.29471	-0.07303	0.55622	-18.47938	0.65003	0.94839	0.31695	-0.00971	-0.31697	0.94843	-0.00127	0.00880	0.00429	0.99995		0.00000	0.00000	0.00000	0.00000	0.00000	0.00000	-1.00000	0.00000	0.00000	0.00000	0.00000	0.00000	0.00000	0.00000	0.00000	0.00000	
85	0.42500	-6.99192	23.52060	0.31592	-0.06702	0.56304	-18.48402	0.65187	0.94837	0.31702	-0.00983	-0.31705	0.94841	-0.00117	0.00895	0.00422	0.99995		0.00000	0.00000	0.00000	0.00000	0.00000	0.00000	-1.00000	0.00000	0.00000	0.00000	0.00000	0.00000	0.00000	0.00000	0.00000	0.00000	
86	0.43000	-7.00368	23.56381	0.33814	-0.06699	0.57007	-18.48046	0.64872	0.94838	0.31697	-0.00995	-0.31699	0.94843	-0.00117	0.00907	0.00426	0.99995		0.00000	0.00000	0.00000	0.00000	0.00000	0.00000	-1.00000	0.00000	0.00000	0.00000	0.00000	0.00000	0.00000	0.00000	0.00000	0.00000	
87	0.43500	-7.00691	23.62970	0.35309	-0.06271	0.57368	-18.47742	0.64966	0.94840	0.31691	-0.01001	-0.31694	0.94844	-0.00109	0.00915	0.00421	0.99995		0.00000	0.00000	0.00000	0.00000	0.00000	0.00000	-1.00000	0.00000	0.00000	0.00000	0.00000	0.00000	0.00000	0.00000	0.00000	0.00000	
88	0.44000	-6.99590	23.68587	0.37369	-0.05893	0.57964	-18.47828	0.65398	0.94840	0.31693	-0.01012	-0.31695	0.94844	-0.00103	0.00927	0.00418	0.99995		0.00000	0.00000	0.00000	0.00000	0.00000	0.00000	-1.00000	0.00000	0.00000	0.00000	0.00000	0.00000	0.00000	0.00000	0.00000	0.00000	
89	0.44500	-7.02219	23.75283	0.39547	-0.05422	0.58654	-18.47714	0.66702	0.94840	0.31691	-0.01024	-0.31694	0.94845	-0.00095	0.00941	0.00414	0.99995		0.00000	0.00000	0.00000	0.00000	0.00000	0.00000	-1.00000	0.00000	0.00000	0.00000	0.00000	0.00000	0.00000	0.00000	0.00000	0.00000	
90	0.45000	-7.05580	23.82119	0.40872	-0.04653	0.59388	-18.47760	0.66608	0.94840	0.31692	-0.01036	-0.31694	0.94844	-0.00081	0.00957	0.00406	0.99995		0.00000	0.00000	0.00000	0.00000	0.00000	0.00000	-1.00000	0.00000	0.00000	0.00000	0.00000	0.00000	0.00000	0.00000	0.00000	0.00000	
91	0.45500	-7.05978	23.85840	0.42499	-0.04622	0.59871	-18.47545	0.66608	0.94841	0.31688	-0.01045	-0.31691	0.94846	-0.00081	0.00966	0.00408	0.99995		0.00000	0.00000	0.00000	0.00000	0.00000	0.00000	-1.00000	0.00000	0.00000	0.00000	0.00000	0.00000	0.00000	0.00000	0.00000	0.00000	
92	0.46000	-7.02380	23.92718	0.42994	-0.04042	0.60139	-18.48263	0.66677	0.94837	0.31700	-0.01050	-0.31702	0.94842	-0.00071	0.00973	0.00400	0.99994		0.00000	0.00000	0.00000	0.00000	0.00000	0.00000	-1.00000	0.00000	0.00000	0.00000	0.00000	0.00000	0.00000	0.00000	0.00000	0.00000	
93	0.46500	-7.05643	23.99773	0.44613	-0.03505	0.60649	-18.47838	0.67464	0.94839	0.31693	-0.01059	-0.31695	0.94844	-0.00061	0.00985	0.00394	0.99994		0.00000	0.00000	0.00000	0.00000	0.00000	0.00000	-1.00000	0.00000	0.00000	0.00000	0.00000	0.00000	0.00000	0.00000	0.00000	0.00000	
94	0.47000	-7.06139	24.08342	0.45637	-0.02858	0.61002	-18.47407	0.67234	0.94841	0.31686	-0.01065	-0.31688	0.94847	-0.00050	0.00994	0.00385	0.99994		0.00000	0.00000	0.00000	0.00000	0.00000	0.00000	-1.00000	0.00000	0.00000	0.00000	0.00000	0.00000	0.00000	0.00000	0.00000	0.00000	
95	0.47500	-7.09144	24.13099	0.47822	-0.02689	0.61655	-18.47645	0.68226	0.94840	0.31690	-0.01076	-0.31692	0.94845	-0.00047	0.01006	0.00386	0.99994		0.00000	0.00000	0.00000	0.00000	0.00000	0.00000	-1.00000	0.00000	0.00000	0.00000	0.00000	0.00000	0.00000	0.00000	0.00000	0.00000	
96	0.48000	-7.07392	24.22011	0.48915	-0.02017	0.61537	-18.47762	0.68624	0.94839	0.31692	-0.01074	-0.31694	0.94845	-0.00035	0.01007	0.00374	0.99994		0.00000	0.00000	0.00000	0.00000	0.00000	0.00000	-1.00000	0.00000	0.00000	0.00000	0.00000	0.00000	0.00000	0.00000	0.00000	0.00000	
97	0.48500	-7.09216	24.28638	0.48384	-0.01255	0.62118	-18.47650	0.68242	0.94840	0.31690	-0.01084	-0.31692	0.94845	-0.00022	0.01021	0.00364	0.99994		0.00000	0.00000	0.00000	0.00000	0.00000	0.00000	-1.00000	0.00000	0.00000	0.00000	0.00000	0.00000	0.00000	0.00000	0.00000	0.00000	
98	0.49000	-7.09236	24.34833	0.50512	-0.00881	0.62184	-18.47570	0.67827	0.94840	0.31688	-0.01085	-0.31690	0.94846	-0.00015	0.01024	0.00359	0.99994		0.00000	0.00000	0.00000	0.00000	0.00000	0.00000	-1.00000	0.00000	0.00000	0.00000	0.00000	0.00000	0.00000	0.00000	0.00000	0.00000	
99	0.49500	-7.10079	24.42270	0.50972	-0.00456	0.62283	-18.47992	0.68306	0.94838	0.31695	-0.01087	-0.31697	0.94843	-0.00008	0.01028	0.00352	0.99994		0.00000	0.00000	0.00000	0.00000	0.00000	0.00000	-1.00000	0.00000	0.00000	0.00000	0.00000	0.00000	0.00000	0.00000	0.00000	0.00000	
100	0.50000	-7.08969	24.49832	0.51615	0.00264	0.62733	-18.47704	0.69309	0.94839	0.31691	-0.01095	-0.31692	0.94845	0.00005	0.01040	0.00343	0.99994		0.00000	0.00000	0.00000	0.00000	0.00000	0.00000	-1.00000	0.00000	0.00000	0.00000	0.00000	0.00000	0.00000	0.00000	0.00000	0.00000	
101	0.50500	-7.12413	24.57221	0.51757	0.00999	0.63008	-18.47855	0.69511	0.94839	0.31693	-0.01100	-0.31695	0.94844	0.00017	0.01049	0.00332	0.99994		0.00000	0.00000	0.00000	0.00000	0.00000	0.00000	-1.00000	0.00000	0.00000	0.00000	0.00000	0.00000	0.00000	0.00000	0.00000	0.00000	
102	0.51000	-7.09206	24.64173	0.52643	0.01316	0.62594	-18.47893	0.68034	0.94838	0.31694	-0.01092	-0.31695	0.94844	0.00023	0.01043	0.00324	0.99994		0.00000	0.00000	0.00000	0.00000	0.00000	0.00000	-1.00000	0.00000	0.00000	0.00000	0.00000	0.00000	0.00000	0.00000	0.00000	0.00000	
103	0.51500	-7.12032	24.73197	0.52307	0.02295	0.62878	-18.47773	0.67598	0.94839	0.31692	-0.01097	-0.31693	0.94845	0.00040	0.01054	0.00310	0.99994		0.00000	0.00000	0.00000	0.00000	0.00000	0.00000	-1.00000	0.00000	0.00000	0.00000	0.00000	0.00000	0.00000	0.00000	0.00000	0.00000	
104	0.52000	-7.11099	24.79294	0.53136	0.02860	0.62949	-18.48175	0.68210	0.94837	0.31698	-0.01099	-0.31700	0.94843	0.00050	0.01058	0.00301	0.99994		0.00000	0.00000	0.00000	0.00000	0.00000	0.00000	-1.00000	0.00000	0.00000	0.00000	0.00000	0.00000	0.00000	0.00000	0.00000	0.00000	
105	0.52500	-7.10089	24.86445	0.52233	0.03353	0.62445	-18.48059	0.67807	0.94837	0.31696	-0.01090	-0.31698	0.94843	0.00059	0.01052	0.00290	0.99994		0.00000	0.00000	0.00000	0.00000	0.00000	0.00000	-1.00000	0.00000	0.00000	0.00000	0.00000	0.00000	0.00000	0.00000	0.00000	0.00000	
106	0.53000	-7.13713	24.94300	0.51827	0.04015	0.62546	-18.48204	0.67523	0.94837	0.31699	-0.01092	-0.31700	0.94843	0.00070	0.01058	0.00280	0.99994		0.00000	0.00000	0.00000	0.00000	0.00000	0.00000	-1.00000	0.00000	0.00000	0.00000	0.00000	0.00000	0.00000	0.00000	0.00000	0.00000	
107	0.53500	-7.16478	25.00806	0.52254	0.04723	0.62643	-18.48466	0.67485	0.94835	0.31703	-0.01093	-0.31704	0.94841	0.00082	0.01063	0.00268	0.99994		0.00000	0.00000	0.00000	0.00000	0.00000	0.00000	-1.00000	0.00000	0.00000	0.00000	0.00000	0.00000	0.00000	0.00000	0.00000	0.00000	
108	0.54000	-7.11352	25.10879	0.51763	0.05598	0.61625	-18.48667	0.67601	0.94834	0.31707	-0.01076	-0.31707	0.94840	0.00098	0.01051	0.00248	0.99994		0.00000	0.00000	0.00000	0.00000	0.00000	0.00000	-1.00000	0.00000	0.00000	0.00000	0.00000	0.00000	0.00000	0.00000	0.00000	0.00000	
109	0.54500	-7.14976	25.16223	0.49934	0.06274	0.62129	-18.48843	0.65536	0.94833	0.31709	-0.01084	-0.31710	0.94839	0.00110	0.01063	0.00240	0.99994		0.00000	0.00000	0.00000	0.00000	0.00000	0.00000	-1.00000	0.00000	0.00000	0.00000	0.00000	0.00000	0.00000	0.00000	0.00000	0.00000	
110	0.55000	-7.14333	25.25645	0.49685	0.07077	0.61381	-18.48603	0.65644	0.94835	0.31706	-0.01071	-0.31706	0.94840	0.00124	0.01055	0.00223	0.99994		0.00000	0.00000	0.00000	0.00000	0.00000	0.00000	-1.00000	0.00000	0.00000	0.00000	0.00000	0.00000	0.00000	0.00000	0.00000	0.00000	
111	0.55500	-7.16678	25.30587	0.49979	0.07705	0.61286	-18.48360	0.65597	0.94836	0.31702	-0.01070	-0.31702	0.94842	0.00134	0.01057	0.00212	0.99994		0.00000	0.00000	0.00000	0.00000	0.00000	0.00000	-1.00000	0.00000	0.00000	0.00000	0.00000	0.00000	0.00000	0.00000	0.00000	0.00000	
112	0.56000	-7.15172	25.39032	0.48171	0.08374	0.60713	-18.48892	0.65672	0.94833	0.31710	-0.01060	-0.31711	0.94839	0.00146	0.01051	0.00197	0.99994		0.00000	0.00000	0.00000	0.00000	0.00000	0.00000	-1.00000	0.00000	0.00000	0.00000	0.00000	0.00000	0.00000	0.00000	0.00000	0.00000	
113	0.56500	-7.17037	25.44841	0.47454	0.09185	0.61010	-18.48897	0.66454	0.94833	0.31710	-0.01065	-0.31711	0.94839	0.00160	0.01061	0.00186	0.99994		0.00000	0.00000	0.00000	0.00000	0.00000	0.00000	-1.00000	0.00000	0.00000	0.00000	0.00000	0.00000	0.00000	0.00000	0.00000	0.00000	
114	0.57000	-7.14679	25.50376	0.45986	0.09912	0.60334	-18.49390	0.65918	0.94830	0.31719	-0.01053	-0.31719	0.94836	0.00173	0.01053	0.00170	0.99994		0.00000	0.00000	0.00000	0.00000	0.00000	0.00000	-1.00000	0.00000	0.00000	0.00000	0.00000	0.00000	0.00000	0.00000	0.00000	0.00000	
115	0.57500	-7.16759	25.59523	0.43637	0.10881	0.59626	-18.49335	0.64537	0.94831	0.31718	-0.01041	-0.31718	0.94837	0.00190	0.01047	0.00150	0.99994		0.00000	0.00000	0.00000	0.00000	0.00000	0.00000	-1.00000	0.00000	0.00000	0.00000	0.00000	0.00000	0.00000	0.00000	0.00000	0.00000	
116	0.58000	-7.15381	25.66965	0.43022	0.11606	0.58945	-18.49205	0.64980	0.94832	0.31716	-0.01029	-0.31715	0.94837	0.00203	0.01040	0.00134	0.99995		0.00000	0.00000	0.00000	0.00000	0.00000	0.00000	-1.00000	0.00000	0.00000	0.00000	0.00000	0.00000	0.00000	0.00000	0.00000	0.00000	
117	0.58500	-7.15471	25.71120	0.41520	0.12408	0.58782	-18.49788	0.64814	0.94829	0.31725	-0.01026	-0.31725	0.94834	0.00217	0.01042	0.00120	0.99995		0.00000	0.00000	0.00000	0.00000	0.00000	0.00000	-1.00000	0.00000	0.00000	0.00000	0.00000	0.00000	0.00000	0.00000	0.00000	0.00000	
118	0.59000	-7.16319	25.77658	0.40274	0.13077	0.58351	-18.49547	0.64270	0.94830	0.31721	-0.01018	-0.31721	0.94835	0.00228	0.01038	0.00107	0.99995		0.00000	0.00000	0.00000	0.00000	0.00000	0.00000	-1.00000	0.00000	0.00000	0.00000	0.00000	0.00000	0.00000	0.00000	0.00000	0.00000	
119	0.59500	-7.16614	25.82290	0.39017	0.13531	0.57291	-18.49505	0.62832	0.94830	0.31721	-0.01000	-0.31720	0.94836	0.00236	0.01023	0.00093	0.99995		0.00000	0.00000	0.00000	0.00000	0.00000	0.00000	-1.00000	0.00000	0.00000	0.00000	0.00000	0.00000	0.00000	0.00000	0.00000	0.00000	
120	0.60000	-7.15972	25.88952	0.38913	0.14414	0.56724	-18.49888	0.62571	0.94828	0.31727	-0.00990	-0.31726	0.94833	0.00252	0.01019	0.00076	0.99995		0.00000	0.00000	0.00000	0.00000	0.00000	0.00000	-1.00000	0.00000	0.00000	0.00000	0.00000	0.00000	0.00000	0.00000	0.00000	0.00000	
121	0.60500	-7.16897	25.94654	0.35730	0.15156	0.56004	-18.49926	0.62008	0.94828	0.31728	-0.00977	-0.31727	0.94833	0.00265	0.01011	0.00059	0.99995		0.00000	0.00000	0.00000	0.00000	0.00000	0.00000	-1.00000	0.00000	0.00000	0.00000	0.00000	0.00000	0.00000	0.00000	0.00000	0.00000	
122	0.61000	-7.16078	25.99976	0.34237	0.16019	0.55280	-18.49836	0.62123	0.94829	0.31726	-0.00965	-0.31725	0.94834	0.00280	0.01004	0.00041	0.99995		0.00000	0.00000	0.00000	0.00000	0.00000	0.00000	-1.00000	0.00000	0.00000	0.00000	0.00000	0.00000	0.00000	0.00000	0.00000	0.00000	
123	0.61500	-7.18363	26.04485	0.31930	0.16813	0.54572	-18.49990	0.62331	0.94828	0.31729	-0.00952	-0.31728	0.94833	0.00293	0.00996	0.00024	0.99995		0.00000	0.00000	0.00000	0.00000	0.00000	0.00000	-1.00000	0.00000	0.00000	0.00000	0.00000	0.00000	0.00000	0.00000	0.00000	0.00000	
124	0.62000	-7.21140	26.18712	0.25914	0.19810	0.55048	-18.51968	0.61706	0.94817	0.31762	-0.00961	-0.31760	0.94822	0.00346	0.01021	-0.00023	0.99995		0.00000	0.00000	0.00000	0.00000	0.00000	0.00000	-1.00000	0.00000	0.00000	0.00000	0.00000	0.00000	0.00000	0.00000	0.00000	0.00000	
125	0.62500	-7.18914	26.22126	0.23403	0.20342	0.54067	-18.51764	0.62386	0.94818	0.31758	-0.00944	-0.31756	0.94823	0.00355	0.01008	-0.00037	0.99995		0.00000	0.00000	0.00000	0.00000	0.00000	0.00000	-1.00000	0.00000	0.00000	0.00000	0.00000	0.00000	0.00000	0.00000	0.00000	0.00000	
126	0.63000	-7.18844	26.26550	0.21681	0.21211	0.53038	-18.52369	0.61203	0.94815	0.31768	-0.00926	-0.31766	0.94820	0.00370	0.00995	-0.00057	0.99995		0.00000	0.00000	0.00000	0.00000	0.00000	0.00000	-1.00000	0.00000	0.00000	0.00000	0.00000	0.00000	0.00000	0.00000	0.00000	0.00000	
127	0.63500	-7.19127	26.31169	0.20510	0.21797	0.52695	-18.52122	0.61217	0.94817	0.31764	-0.00920	-0.31762	0.94821	0.00380	0.00993	-0.00069	0.99995		0.00000	0.00000	0.00000	0.00000	0.00000	0.00000	-1.00000	0.00000	0.00000	0.00000	0.00000	0.00000	0.00000	0.00000	0.00000	0.00000	
128	0.64000	-7.17962	26.34794	0.18371	0.22601	0.51661	-18.52738	0.60303	0.94813	0.31774	-0.00902	-0.31772	0.94818	0.00394	0.00980	-0.00088	0.99995		0.00000	0.00000	0.00000	0.00000	0.00000	0.00000	-1.00000	0.00000	0.00000	0.00000	0.00000	0.00000	0.00000	0.00000	0.00000	0.00000	
129	0.64500	-7.20263	26.38695	0.15592	0.23397	0.50883	-18.52602	0.60002	0.94814	0.31772	-0.00888	-0.31770	0.94818	0.00408	0.00972	-0.00105	0.99995		0.00000	0.00000	0.00000	0.00000	0.00000	0.00000	-1.00000	0.00000	0.00000	0.00000	0.00000	0.00000	0.00000	0.00000	0.00000	0.00000	
130	0.65000	-7.19061	26.39756	0.13654	0.23585	0.50018	-18.52829	0.60029	0.94813	0.31776	-0.00873	-0.31774	0.94817	0.00412	0.00959	-0.00113	0.99995		0.00000	0.00000	0.00000	0.00000	0.00000	0.00000	-1.00000	0.00000	0.00000	0.00000	0.00000	0.00000	0.00000	0.00000	0.00000	0.00000	
131	0.65500	-7.14871	26.45564	0.12035	0.24755	0.48632	-18.53134	0.59108	0.94812	0.31781	-0.00849	-0.31779	0.94815	0.00432	0.00942	-0.00140	0.99995		0.00000	0.00000	0.00000	0.00000	0.00000	0.00000	-1.00000	0.00000	0.00000	0.00000	0.00000	0.00000	0.00000	0.00000	0.00000	0.00000	
132	0.66000	-7.15263	26.47809	0.08586	0.25263	0.47468	-18.53085	0.59153	0.94812	0.31780	-0.00828	-0.31778	0.94816	0.00441	0.00926	-0.00155	0.99996		0.00000	0.00000	0.00000	0.00000	0.00000	0.00000	-1.00000	0.00000	0.00000	0.00000	0.00000	0.00000	0.00000	0.00000	0.00000	0.00000	
133	0.66500	-7.12971	26.49720	0.06529	0.26088	0.46562	-18.53228	0.59562	0.94811	0.31783	-0.00813	-0.31780	0.94815	0.00455	0.00915	-0.00173	0.99996		0.00000	0.00000	0.00000	0.00000	0.00000	0.00000	-1.00000	0.00000	0.00000	0.00000	0.00000	0.00000	0.00000	0.00000	0.00000	0.00000	
134	0.67000	-7.12404	26.50762	0.03742	0.26337	0.45699	-18.52589	0.58544	0.94815	0.31772	-0.00798	-0.31770	0.94818	0.00460	0.00902	-0.00182	0.99996		0.00000	0.00000	0.00000	0.00000	0.00000	0.00000	-1.00000	0.00000	0.00000	0.00000	0.00000	0.00000	0.00000	0.00000	0.00000	0.00000	
135	0.67500	-7.13640	26.52682	0.00213	0.27212	0.45082	-18.52617	0.58400	0.94815	0.31773	-0.00787	-0.31770	0.94818	0.00475	0.00897	-0.00200	0.99996		0.00000	0.00000	0.00000	0.00000	0.00000	0.00000	-1.00000	0.00000	0.00000	0.00000	0.00000	0.00000	0.00000	0.00000	0.00000	0.00000	
136	0.68000	-7.11588	26.55618	-0.01048	0.28016	0.44084	-18.53372	0.57019	0.94811	0.31785	-0.00769	-0.31782	0.94814	0.00489	0.00885	-0.00219	0.99996		0.00000	0.00000	0.00000	0.00000	0.00000	0.00000	-1.00000	0.00000	0.00000	0.00000	0.00000	0.00000	0.00000	0.00000	0.00000	0.00000	
137	0.68500	-7.13149	26.55819	-0.04765	0.28549	0.43124	-18.53333	0.58074	0.94811	0.31785	-0.00753	-0.31782	0.94814	0.00498	0.00872	-0.00233	0.99996		0.00000	0.00000	0.00000	0.00000	0.00000	0.00000	-1.00000	0.00000	0.00000	0.00000	0.00000	0.00000	0.00000	0.00000	0.00000	0.00000	
138	0.69000	-7.10459	26.56752	-0.07033	0.29022	0.42451	-18.52873	0.57972	0.94814	0.31777	-0.00741	-0.31774	0.94816	0.00507	0.00863	-0.00245	0.99996		0.00000	0.00000	0.00000	0.00000	0.00000	0.00000	-1.00000	0.00000	0.00000	0.00000	0.00000	0.00000	0.00000	0.00000	0.00000	0.00000	
139	0.69500	-7.10271	26.57707	-0.08342	0.29664	0.41338	-18.53260	0.56794	0.94812	0.31784	-0.00721	-0.31780	0.94814	0.00518	0.00849	-0.00262	0.99996		0.00000	0.00000	0.00000	0.00000	0.00000	0.00000	-1.00000	0.00000	0.00000	0.00000	0.00000	0.00000	0.00000	0.00000	0.00000	0.00000	
140	0.70000	-7.10843	26.58049	-0.12034	0.30576	0.40501	-18.53556	0.56511	0.94810	0.31789	-0.00707	-0.31785	0.94813	0.00534	0.00840	-0.00281	0.99996		0.00000	0.00000	0.00000	0.00000	0.00000	0.00000	-1.00000	0.00000	0.00000	0.00000	0.00000	0.00000	0.00000	0.00000	0.00000	0.00000	
141	0.70500	-7.12972	26.59593	-0.15057	0.31250	0.39925	-18.53596	0.56439	0.94810	0.31789	-0.00697	-0.31786	0.94812	0.00545	0.00834	-0.00296	0.99996		0.00000	0.00000	0.00000	0.00000	0.00000	0.00000	-1.00000	0.00000	0.00000	0.00000	0.00000	0.00000	0.00000	0.00000	0.00000	0.00000	
