NO_OF_FRAMES	12049
NO_OF_CAMERAS	8
NO_OF_BODIES	2
FREQUENCY	200
NO_OF_ANALOG	0
ANALOG_FREQUENCY	0
DESCRIPTION	--
TIME_STAMP	2013-07-04, 17:27:55	118090.18335730
DATA_INCLUDED	6D
BODY_NAMES	Ice 2 V2	Ice 3
Frame	Time	Ice 2 V2 X	Y	Z	Roll	Pitch	Yaw	Residual	Rot[0]	Rot[1]	Rot[2]	Rot[3]	Rot[4]	Rot[5]	Rot[6]	Rot[7]	Rot[8]	Ice 3 X	Y	Z	Roll	Pitch	Yaw	Residual	Rot[0]	Rot[1]	Rot[2]	Rot[3]	Rot[4]	Rot[5]	Rot[6]	Rot[7]	Rot[8]	
1	0.00500	-3.47652	0.61737	1.17917	0.15335	-0.02046	-0.90796	1.94815	0.99987	0.01585	0.00036	-0.01585	0.99987	0.00268	-0.00031	-0.00268	1.00000		-0.36621	4.85603	0.85489	0.29082	-0.16950	4.22777	0.18077	0.99727	-0.07372	0.00296	0.07371	0.99727	0.00508	-0.00332	-0.00484	0.99998	
2	0.01000	-3.52922	0.62392	1.19591	0.16242	-0.01896	-0.91967	1.91102	0.99987	0.01605	0.00033	-0.01605	0.99987	0.00283	-0.00029	-0.00284	1.00000		-0.39397	4.75911	0.92324	0.28461	-0.16123	4.22382	0.12794	0.99728	-0.07365	0.00281	0.07364	0.99727	0.00497	-0.00317	-0.00475	0.99998	
3	0.01500	-3.52886	0.62390	1.20396	0.16617	-0.02353	-0.91585	1.90392	0.99987	0.01598	0.00041	-0.01599	0.99987	0.00290	-0.00036	-0.00291	1.00000		-0.41747	4.72763	0.96070	0.28768	-0.15339	4.22430	0.13827	0.99728	-0.07366	0.00268	0.07365	0.99727	0.00502	-0.00304	-0.00481	0.99998	
4	0.02000	-3.55489	0.61766	1.20846	0.17239	-0.02512	-0.91727	1.90735	0.99987	0.01601	0.00044	-0.01601	0.99987	0.00301	-0.00039	-0.00302	1.00000		-0.42356	4.67503	0.98222	0.28654	-0.14406	4.22620	0.13280	0.99728	-0.07369	0.00251	0.07368	0.99727	0.00500	-0.00288	-0.00480	0.99998	
5	0.02500	-3.54734	0.61260	1.21650	0.17557	-0.02555	-0.91165	1.91862	0.99987	0.01591	0.00045	-0.01591	0.99987	0.00306	-0.00040	-0.00307	1.00000		-0.46112	4.59584	1.00402	0.28268	-0.13107	4.22645	0.14481	0.99728	-0.07370	0.00229	0.07369	0.99727	0.00493	-0.00265	-0.00475	0.99999	
6	0.03000	-3.56082	0.60312	1.22466	0.18093	-0.02993	-0.91266	1.92020	0.99987	0.01593	0.00052	-0.01593	0.99987	0.00316	-0.00047	-0.00317	0.99999		-0.51499	4.49129	1.02064	0.27629	-0.11782	4.22838	0.14494	0.99728	-0.07373	0.00206	0.07372	0.99727	0.00482	-0.00241	-0.00466	0.99999	
7	0.03500	-3.58876	0.57993	1.22508	0.18468	-0.03158	-0.90978	1.91481	0.99987	0.01588	0.00055	-0.01588	0.99987	0.00322	-0.00050	-0.00323	0.99999		-0.48889	4.43269	1.03681	0.27560	-0.11496	4.23062	0.12567	0.99727	-0.07377	0.00201	0.07376	0.99726	0.00481	-0.00236	-0.00465	0.99999	
8	0.04000	-3.56219	0.57039	1.23134	0.19197	-0.03414	-0.91531	1.90037	0.99987	0.01597	0.00060	-0.01598	0.99987	0.00335	-0.00054	-0.00336	0.99999		-0.52314	4.37115	1.07067	0.27323	-0.10434	4.22997	0.13056	0.99727	-0.07376	0.00182	0.07375	0.99727	0.00477	-0.00217	-0.00462	0.99999	
9	0.04500	-3.58916	0.57186	1.23257	0.19639	-0.03649	-0.91177	1.92519	0.99987	0.01591	0.00064	-0.01591	0.99987	0.00343	-0.00058	-0.00344	0.99999		-0.56454	4.29908	1.09144	0.26751	-0.09645	4.22867	0.13052	0.99728	-0.07374	0.00168	0.07373	0.99727	0.00467	-0.00202	-0.00453	0.99999	
10	0.05000	-3.57721	0.54467	1.24574	0.20247	-0.04145	-0.91096	1.91920	0.99987	0.01590	0.00072	-0.01590	0.99987	0.00353	-0.00067	-0.00354	0.99999		-0.55921	4.24208	1.13280	0.26890	-0.08953	4.22901	0.12598	0.99728	-0.07374	0.00156	0.07374	0.99727	0.00469	-0.00190	-0.00457	0.99999	
11	0.05500	-3.56383	0.55938	1.24297	0.21197	-0.03831	-0.91447	1.92418	0.99987	0.01596	0.00067	-0.01596	0.99987	0.00370	-0.00061	-0.00371	0.99999		-0.64103	4.15133	1.13201	0.26259	-0.07559	4.23112	0.13894	0.99727	-0.07378	0.00132	0.07377	0.99726	0.00458	-0.00165	-0.00447	0.99999	
12	0.06000	-3.58114	0.53871	1.24371	0.21419	-0.03929	-0.91658	1.93558	0.99987	0.01600	0.00069	-0.01600	0.99987	0.00374	-0.00063	-0.00375	0.99999		-0.58919	4.11077	1.18792	0.26239	-0.07276	4.23082	0.13465	0.99727	-0.07377	0.00127	0.07377	0.99726	0.00458	-0.00160	-0.00447	0.99999	
13	0.06500	-3.61123	0.52610	1.26326	0.21948	-0.03795	-0.91413	1.93924	0.99987	0.01595	0.00066	-0.01596	0.99987	0.00383	-0.00060	-0.00384	0.99999		-0.60746	4.03288	1.21628	0.25905	-0.06324	4.23569	0.14036	0.99727	-0.07386	0.00110	0.07385	0.99726	0.00452	-0.00143	-0.00443	0.99999	
14	0.07000	-3.58528	0.51549	1.25866	0.22527	-0.04160	-0.91576	1.93533	0.99987	0.01598	0.00073	-0.01599	0.99986	0.00393	-0.00066	-0.00394	0.99999		-0.64000	3.96866	1.23518	0.25407	-0.05323	4.23232	0.13739	0.99727	-0.07380	0.00093	0.07380	0.99726	0.00443	-0.00125	-0.00435	0.99999	
15	0.07500	-3.61730	0.50842	1.26602	0.23232	-0.04342	-0.91443	1.94461	0.99987	0.01596	0.00076	-0.01596	0.99986	0.00405	-0.00069	-0.00407	0.99999		-0.70182	3.87773	1.24497	0.24814	-0.04187	4.23560	0.15297	0.99727	-0.07386	0.00073	0.07385	0.99726	0.00433	-0.00105	-0.00426	0.99999	
16	0.08000	-3.56915	0.49431	1.25537	0.23643	-0.04950	-0.91631	1.94978	0.99987	0.01599	0.00086	-0.01600	0.99986	0.00413	-0.00080	-0.00414	0.99999		-0.69635	3.83359	1.26231	0.24607	-0.03441	4.23490	0.14550	0.99727	-0.07385	0.00060	0.07384	0.99726	0.00429	-0.00092	-0.00424	0.99999	
17	0.08500	-3.58655	0.50563	1.25167	0.24684	-0.04829	-0.91756	1.94493	0.99987	0.01601	0.00084	-0.01602	0.99986	0.00431	-0.00077	-0.00432	0.99999		-0.69658	3.75441	1.31034	0.24252	-0.03058	4.23466	0.13517	0.99727	-0.07384	0.00053	0.07384	0.99726	0.00423	-0.00084	-0.00418	0.99999	
18	0.09000	-3.59983	0.48478	1.26541	0.25016	-0.04693	-0.91598	1.95944	0.99987	0.01599	0.00082	-0.01599	0.99986	0.00437	-0.00075	-0.00438	0.99999		-0.78949	3.68181	1.32036	0.23611	-0.01645	4.23704	0.16674	0.99727	-0.07388	0.00029	0.07388	0.99726	0.00412	-0.00059	-0.00409	0.99999	
19	0.09500	-3.59822	0.49141	1.25017	0.25798	-0.04383	-0.91513	1.95317	0.99987	0.01597	0.00077	-0.01597	0.99986	0.00450	-0.00069	-0.00451	0.99999		-0.75738	3.64280	1.34665	0.23410	-0.01456	4.23582	0.15782	0.99727	-0.07386	0.00025	0.07386	0.99726	0.00409	-0.00056	-0.00406	0.99999	
20	0.10000	-3.62205	0.45929	1.25307	0.26055	-0.04616	-0.91697	1.95356	0.99987	0.01600	0.00081	-0.01601	0.99986	0.00455	-0.00073	-0.00456	0.99999		-0.79655	3.57594	1.37720	0.22814	-0.00606	4.23788	0.14617	0.99727	-0.07390	0.00011	0.07390	0.99726	0.00398	-0.00040	-0.00396	0.99999	
21	0.10500	-3.58301	0.45375	1.24463	0.26703	-0.05299	-0.91630	1.95543	0.99987	0.01599	0.00092	-0.01600	0.99986	0.00466	-0.00085	-0.00467	0.99999		-0.81784	3.48406	1.38252	0.21881	0.00052	4.23592	0.15242	0.99727	-0.07386	-0.00001	0.07386	0.99726	0.00382	-0.00027	-0.00381	0.99999	
22	0.11000	-3.57142	0.42818	1.24817	0.27226	-0.05165	-0.91480	1.95376	0.99987	0.01597	0.00090	-0.01597	0.99986	0.00475	-0.00083	-0.00477	0.99999		-0.84578	3.41675	1.41015	0.21295	0.00753	4.23817	0.14351	0.99727	-0.07390	-0.00013	0.07390	0.99726	0.00372	-0.00014	-0.00372	0.99999	
23	0.11500	-3.56408	0.42989	1.23401	0.27630	-0.05531	-0.91591	1.97365	0.99987	0.01599	0.00097	-0.01599	0.99986	0.00482	-0.00089	-0.00484	0.99999		-0.89489	3.35635	1.42116	0.20528	0.01602	4.24052	0.15103	0.99726	-0.07394	-0.00028	0.07394	0.99726	0.00358	0.00001	-0.00359	0.99999	
24	0.12000	-3.67259	0.25125	0.94885	0.24774	-0.02772	-0.91348	1.93512	0.99987	0.01594	0.00048	-0.01594	0.99986	0.00432	-0.00041	-0.00433	0.99999		-0.64126	3.21925	1.70906	0.19416	-0.01349	4.24195	0.21346	0.99726	-0.07397	0.00024	0.07397	0.99725	0.00339	-0.00049	-0.00336	0.99999	
25	0.12500	-3.68023	0.23711	0.95241	0.25074	-0.02320	-0.91412	1.92792	0.99987	0.01595	0.00040	-0.01596	0.99986	0.00438	-0.00034	-0.00438	0.99999		-0.67381	3.15238	1.70928	0.18653	-0.00949	4.24354	0.20282	0.99726	-0.07400	0.00017	0.07400	0.99725	0.00326	-0.00041	-0.00323	0.99999	
26	0.13000	-3.70535	0.24108	0.92935	0.25774	-0.01974	-0.91598	1.94188	0.99987	0.01599	0.00034	-0.01599	0.99986	0.00450	-0.00027	-0.00450	0.99999		-0.68340	3.08798	1.72589	0.17945	-0.00491	4.24534	0.21146	0.99726	-0.07403	0.00009	0.07403	0.99725	0.00313	-0.00032	-0.00312	1.00000	
27	0.13500	-3.67368	0.22777	0.92169	0.26494	-0.02117	-0.91852	1.92052	0.99987	0.01603	0.00037	-0.01603	0.99986	0.00462	-0.00030	-0.00463	0.99999		-0.69472	3.02188	1.74256	0.17101	-0.00135	4.24193	0.22346	0.99726	-0.07397	0.00002	0.07397	0.99726	0.00298	-0.00024	-0.00297	1.00000	
28	0.14000	-3.67629	0.21828	0.91293	0.26429	-0.02457	-0.91309	1.92810	0.99987	0.01594	0.00043	-0.01594	0.99986	0.00461	-0.00036	-0.00462	0.99999		-0.76096	2.95601	1.75580	0.16142	0.00376	4.24327	0.20051	0.99726	-0.07399	-0.00007	0.07399	0.99725	0.00282	-0.00014	-0.00281	1.00000	
29	0.14500	-3.67817	0.20745	0.90247	0.27255	-0.01762	-0.91457	1.94526	0.99987	0.01596	0.00031	-0.01596	0.99986	0.00476	-0.00023	-0.00476	0.99999		-0.72634	2.92661	1.78986	0.15819	0.00676	4.24595	0.21193	0.99726	-0.07404	-0.00012	0.07404	0.99725	0.00276	-0.00009	-0.00276	1.00000	
30	0.15000	-3.68806	0.20595	0.88836	0.27452	-0.01929	-0.91386	1.92006	0.99987	0.01595	0.00034	-0.01595	0.99986	0.00479	-0.00026	-0.00480	0.99999		-0.79616	2.86920	1.79444	0.15013	0.00994	4.24509	0.20910	0.99726	-0.07402	-0.00017	0.07402	0.99725	0.00262	-0.00002	-0.00263	1.00000	
31	0.15500	-3.67869	0.20047	0.86833	0.27617	-0.01861	-0.90797	1.94451	0.99987	0.01585	0.00032	-0.01585	0.99986	0.00482	-0.00025	-0.00482	0.99999		-0.78572	2.80442	1.79325	0.13980	0.01592	4.24679	0.21988	0.99725	-0.07405	-0.00028	0.07405	0.99725	0.00244	0.00010	-0.00245	1.00000	
32	0.16000	-3.67161	0.17543	0.86033	0.27890	-0.01894	-0.91270	1.94861	0.99987	0.01593	0.00033	-0.01593	0.99986	0.00487	-0.00025	-0.00487	0.99999		-0.81715	2.72653	1.81024	0.12930	0.01737	4.24648	0.23825	0.99725	-0.07405	-0.00030	0.07405	0.99725	0.00226	0.00014	-0.00227	1.00000	
33	0.16500	-3.69855	0.18158	0.84484	0.28564	-0.01600	-0.91391	1.93690	0.99987	0.01595	0.00028	-0.01595	0.99986	0.00499	-0.00020	-0.00499	0.99999		-0.87096	2.65619	1.80237	0.11620	0.02239	4.24549	0.23387	0.99726	-0.07403	-0.00039	0.07403	0.99725	0.00203	0.00024	-0.00205	1.00000	
34	0.17000	-3.64503	0.16755	0.84071	0.28669	-0.01557	-0.91279	1.93491	0.99987	0.01593	0.00027	-0.01593	0.99986	0.00500	-0.00019	-0.00501	0.99999		-0.89595	2.64698	1.81411	0.11057	0.02547	4.24251	0.22939	0.99726	-0.07398	-0.00044	0.07398	0.99726	0.00193	0.00030	-0.00196	1.00000	
35	0.17500	-3.65671	0.17545	0.82731	0.29059	-0.01323	-0.91258	1.93021	0.99987	0.01593	0.00023	-0.01593	0.99986	0.00507	-0.00015	-0.00507	0.99999		-0.88780	2.60185	1.82528	0.10111	0.02433	4.24331	0.20465	0.99726	-0.07399	-0.00042	0.07399	0.99726	0.00176	0.00029	-0.00179	1.00000	
36	0.18000	-3.65531	0.16168	0.81695	0.28866	-0.01861	-0.90891	1.93430	0.99987	0.01586	0.00032	-0.01586	0.99986	0.00504	-0.00024	-0.00504	0.99999		-0.90574	2.55987	1.83245	0.09243	0.02476	4.24279	0.21403	0.99726	-0.07398	-0.00043	0.07398	0.99726	0.00161	0.00031	-0.00164	1.00000	
37	0.18500	-3.61887	0.14934	0.80160	0.29071	-0.01792	-0.90917	1.93505	0.99987	0.01587	0.00031	-0.01587	0.99986	0.00507	-0.00023	-0.00508	0.99999		-0.90086	2.53294	1.85335	0.08575	0.02470	4.24470	0.21243	0.99726	-0.07402	-0.00043	0.07402	0.99726	0.00150	0.00032	-0.00152	1.00000	
38	0.19000	-3.63575	0.14104	0.78528	0.28963	-0.01406	-0.91287	1.94475	0.99987	0.01593	0.00025	-0.01593	0.99986	0.00505	-0.00016	-0.00506	0.99999		-0.94651	2.44545	1.84193	0.07066	0.02967	4.24165	0.24197	0.99726	-0.07396	-0.00052	0.07396	0.99726	0.00123	0.00043	-0.00127	1.00000	
39	0.19500	-3.66557	0.13390	0.77104	0.29035	-0.01129	-0.91202	1.93677	0.99987	0.01592	0.00020	-0.01592	0.99986	0.00507	-0.00012	-0.00507	0.99999		-0.92991	2.41829	1.86388	0.06466	0.02553	4.24232	0.19857	0.99726	-0.07397	-0.00045	0.07398	0.99726	0.00113	0.00036	-0.00116	1.00000	
40	0.20000	-3.64673	0.11786	0.75537	0.29003	-0.01080	-0.91630	1.92193	0.99987	0.01599	0.00019	-0.01599	0.99986	0.00506	-0.00011	-0.00506	0.99999		-1.01820	2.36731	1.83873	0.05129	0.03393	4.24121	0.20710	0.99726	-0.07396	-0.00059	0.07396	0.99726	0.00090	0.00052	-0.00094	1.00000	
41	0.20500	-3.62198	0.11170	0.73393	0.28815	-0.01648	-0.91434	1.93627	0.99987	0.01596	0.00029	-0.01596	0.99986	0.00503	-0.00021	-0.00503	0.99999		-0.97333	2.39074	1.84205	0.04817	0.02867	4.24102	0.22692	0.99726	-0.07395	-0.00050	0.07395	0.99726	0.00084	0.00044	-0.00088	1.00000	
42	0.21000	-3.62958	0.10396	0.72024	0.28746	-0.01346	-0.91577	1.93246	0.99987	0.01598	0.00023	-0.01598	0.99986	0.00502	-0.00015	-0.00502	0.99999		-1.00561	2.35500	1.83653	0.03997	0.02702	4.23914	0.19949	0.99726	-0.07392	-0.00047	0.07392	0.99726	0.00070	0.00042	-0.00073	1.00000	
43	0.21500	-3.65060	0.12542	0.71810	0.28730	-0.01270	-0.91203	1.93049	0.99987	0.01592	0.00022	-0.01592	0.99986	0.00501	-0.00014	-0.00502	0.99999		-1.01688	2.29379	1.85186	0.02583	0.02733	4.24144	0.20816	0.99726	-0.07396	-0.00048	0.07396	0.99726	0.00045	0.00044	-0.00048	1.00000	
44	0.22000	-3.63190	0.12849	0.67996	0.28499	-0.01291	-0.90852	1.94060	0.99987	0.01586	0.00023	-0.01586	0.99986	0.00497	-0.00015	-0.00498	0.99999		-1.05981	2.23488	1.81430	0.01303	0.03154	4.24198	0.24042	0.99726	-0.07397	-0.00055	0.07397	0.99726	0.00023	0.00053	-0.00027	1.00000	
45	0.22500	-3.63521	0.12551	0.66030	0.28343	-0.01159	-0.91482	1.93247	0.99987	0.01597	0.00020	-0.01597	0.99986	0.00495	-0.00012	-0.00495	0.99999		-1.05308	2.25251	1.82343	0.00929	0.02924	4.24011	0.22773	0.99726	-0.07394	-0.00051	0.07394	0.99726	0.00016	0.00050	-0.00020	1.00000	
46	0.23000	-3.59749	0.12625	0.63687	0.28305	-0.01617	-0.91337	1.92870	0.99987	0.01594	0.00028	-0.01594	0.99986	0.00494	-0.00020	-0.00494	0.99999		-1.06099	2.24038	1.81626	0.00182	0.02549	4.24119	0.20894	0.99726	-0.07396	-0.00044	0.07396	0.99726	0.00003	0.00044	-0.00006	1.00000	
47	0.23500	-3.60024	0.11128	0.62517	0.27768	-0.01499	-0.91273	1.92739	0.99987	0.01593	0.00026	-0.01593	0.99986	0.00485	-0.00018	-0.00485	0.99999		-1.10359	2.25175	1.79815	-0.00690	0.02728	4.23470	0.20305	0.99727	-0.07384	-0.00048	0.07384	0.99727	-0.00012	0.00048	0.00008	1.00000	
48	0.24000	-3.62116	0.10155	0.60390	0.27281	-0.00993	-0.90850	1.93257	0.99987	0.01586	0.00017	-0.01586	0.99986	0.00476	-0.00010	-0.00476	0.99999		-1.09146	2.21224	1.78419	-0.01604	0.02811	4.23699	0.22458	0.99727	-0.07388	-0.00049	0.07388	0.99727	-0.00028	0.00051	0.00024	1.00000	
49	0.24500	-3.59564	0.10476	0.58920	0.26826	-0.01698	-0.90867	1.93255	0.99987	0.01586	0.00030	-0.01586	0.99986	0.00468	-0.00022	-0.00469	0.99999		-1.15861	2.18058	1.78168	-0.02724	0.02831	4.23627	0.21562	0.99727	-0.07387	-0.00049	0.07387	0.99727	-0.00048	0.00053	0.00044	1.00000	
50	0.25000	-3.58478	0.10347	0.55294	0.26645	-0.01439	-0.91053	1.94434	0.99987	0.01589	0.00025	-0.01589	0.99986	0.00465	-0.00018	-0.00465	0.99999		-1.12856	2.14840	1.74694	-0.03766	0.02598	4.23482	0.21524	0.99727	-0.07384	-0.00045	0.07384	0.99727	-0.00066	0.00050	0.00062	1.00000	
51	0.25500	-3.58103	0.12079	0.54963	0.26221	-0.01722	-0.90910	1.94955	0.99987	0.01587	0.00030	-0.01587	0.99986	0.00458	-0.00023	-0.00458	0.99999		-1.14746	2.16734	1.75616	-0.04278	0.02424	4.23494	0.21169	0.99727	-0.07385	-0.00042	0.07385	0.99727	-0.00075	0.00048	0.00071	1.00000	
52	0.26000	-3.59132	0.11397	0.51751	0.25631	-0.01485	-0.90982	1.92956	0.99987	0.01588	0.00026	-0.01588	0.99986	0.00447	-0.00019	-0.00448	0.99999		-1.12519	2.17387	1.75491	-0.04772	0.01984	4.23422	0.20014	0.99727	-0.07383	-0.00035	0.07383	0.99727	-0.00083	0.00041	0.00080	1.00000	
53	0.26500	-3.54829	0.10112	0.49917	0.24880	-0.01966	-0.90841	1.91861	0.99987	0.01585	0.00034	-0.01586	0.99986	0.00434	-0.00027	-0.00435	0.99999		-1.16666	2.10926	1.68732	-0.06156	0.02335	4.23360	0.21098	0.99727	-0.07382	-0.00041	0.07382	0.99727	-0.00107	0.00049	0.00104	1.00000	
54	0.27000	-3.59323	0.12187	0.48677	0.24422	-0.01883	-0.90921	1.93171	0.99987	0.01587	0.00033	-0.01587	0.99987	0.00426	-0.00026	-0.00427	0.99999		-1.18129	2.17127	1.69319	-0.06265	0.02132	4.23207	0.22714	0.99727	-0.07380	-0.00037	0.07380	0.99727	-0.00109	0.00045	0.00106	1.00000	
55	0.27500	-3.55842	0.09938	0.43654	0.23542	-0.02567	-0.91154	1.91309	0.99987	0.01591	0.00045	-0.01591	0.99986	0.00411	-0.00038	-0.00412	0.99999		-1.15737	2.13934	1.68603	-0.07299	0.02000	4.23139	0.22362	0.99727	-0.07378	-0.00035	0.07378	0.99727	-0.00127	0.00044	0.00124	1.00000	
56	0.28000	-3.54194	0.12571	0.42282	0.23222	-0.02516	-0.91149	1.91951	0.99987	0.01591	0.00044	-0.01591	0.99987	0.00405	-0.00037	-0.00406	0.99999		-1.17157	2.16025	1.65803	-0.07674	0.01963	4.23251	0.23312	0.99727	-0.07380	-0.00034	0.07380	0.99727	-0.00134	0.00044	0.00131	1.00000	
57	0.28500	-3.56788	0.13825	0.38983	0.22532	-0.02730	-0.90629	1.92378	0.99987	0.01582	0.00048	-0.01582	0.99987	0.00393	-0.00041	-0.00394	0.99999		-1.19705	2.17358	1.62207	-0.08397	0.02016	4.23063	0.22987	0.99728	-0.07377	-0.00035	0.07377	0.99727	-0.00147	0.00046	0.00144	1.00000	
58	0.29000	-3.56916	0.12590	0.35666	0.21760	-0.02750	-0.90508	1.93122	0.99988	0.01580	0.00048	-0.01580	0.99987	0.00380	-0.00042	-0.00380	0.99999		-1.12890	2.17608	1.61429	-0.08748	0.01260	4.22914	0.21342	0.99728	-0.07375	-0.00022	0.07374	0.99728	-0.00153	0.00033	0.00151	1.00000	
59	0.29500	-3.56582	0.13475	0.32592	0.20810	-0.02540	-0.90872	1.91299	0.99987	0.01586	0.00044	-0.01586	0.99987	0.00363	-0.00039	-0.00364	0.99999		-1.16059	2.20412	1.57108	-0.09234	0.01469	4.22925	0.23009	0.99728	-0.07375	-0.00026	0.07375	0.99728	-0.00161	0.00037	0.00159	1.00000	
60	0.30000	-3.57222	0.14946	0.31576	0.20042	-0.02967	-0.90214	1.92588	0.99988	0.01574	0.00052	-0.01575	0.99987	0.00350	-0.00046	-0.00351	0.99999		-1.17169	2.21609	1.54807	-0.09757	0.01340	4.22917	0.21849	0.99728	-0.07375	-0.00023	0.07375	0.99728	-0.00170	0.00036	0.00168	1.00000	
61	0.30500	-3.56888	0.15764	0.26659	0.19456	-0.03353	-0.90680	1.92509	0.99987	0.01583	0.00059	-0.01583	0.99987	0.00340	-0.00053	-0.00340	0.99999		-1.18595	2.20293	1.53442	-0.10447	0.01602	4.23006	0.22613	0.99728	-0.07376	-0.00028	0.07376	0.99727	-0.00182	0.00041	0.00180	1.00000	
62	0.31000	-3.55260	0.16652	0.24843	0.18415	-0.03477	-0.90654	1.92819	0.99987	0.01582	0.00061	-0.01582	0.99987	0.00321	-0.00056	-0.00322	0.99999		-1.20456	2.21878	1.49011	-0.10883	0.01339	4.22774	0.23258	0.99728	-0.07372	-0.00023	0.07372	0.99728	-0.00190	0.00037	0.00188	1.00000	
63	0.31500	-3.56533	0.15971	0.21429	0.17577	-0.03552	-0.90419	1.93400	0.99988	0.01578	0.00062	-0.01578	0.99987	0.00307	-0.00057	-0.00308	1.00000		-1.20986	2.28257	1.47024	-0.10742	0.01494	4.22455	0.22492	0.99728	-0.07367	-0.00026	0.07366	0.99728	-0.00187	0.00040	0.00185	1.00000	
64	0.32000	-3.57472	0.16178	0.18842	0.16618	-0.03517	-0.90403	1.93443	0.99988	0.01578	0.00061	-0.01578	0.99987	0.00290	-0.00057	-0.00291	1.00000		-1.21797	2.23926	1.41975	-0.11723	0.01864	4.22740	0.23920	0.99728	-0.07372	-0.00033	0.07371	0.99728	-0.00205	0.00048	0.00202	1.00000	
65	0.32500	-3.57462	0.18202	0.15301	0.15972	-0.03536	-0.90653	1.93831	0.99987	0.01582	0.00062	-0.01582	0.99987	0.00279	-0.00057	-0.00280	1.00000		-1.17660	2.30610	1.38921	-0.11502	0.01348	4.22369	0.22521	0.99728	-0.07365	-0.00024	0.07365	0.99728	-0.00201	0.00038	0.00198	1.00000	
66	0.33000	-3.55850	0.18275	0.12445	0.14979	-0.04135	-0.90846	1.93134	0.99987	0.01585	0.00072	-0.01586	0.99987	0.00261	-0.00068	-0.00263	1.00000		-1.18321	2.29864	1.36013	-0.12058	0.01569	4.22678	0.25481	0.99728	-0.07370	-0.00027	0.07370	0.99728	-0.00210	0.00043	0.00208	1.00000	
67	0.33500	-3.53291	0.17242	0.10971	0.13949	-0.04445	-0.90701	1.93841	0.99987	0.01583	0.00078	-0.01583	0.99987	0.00243	-0.00074	-0.00245	1.00000		-1.18497	2.34861	1.34367	-0.11794	0.01494	4.22625	0.23173	0.99728	-0.07370	-0.00026	0.07369	0.99728	-0.00206	0.00041	0.00203	1.00000	
68	0.34000	-3.53179	0.17756	0.10307	0.12547	-0.04663	-0.90409	1.94084	0.99988	0.01578	0.00081	-0.01578	0.99987	0.00219	-0.00078	-0.00220	1.00000		-1.20904	2.38306	1.29486	-0.11880	0.01523	4.22468	0.25085	0.99728	-0.07367	-0.00027	0.07367	0.99728	-0.00207	0.00042	0.00205	1.00000	
69	0.34500	-3.57241	0.18265	0.05218	0.11534	-0.04499	-0.90105	1.92319	0.99988	0.01573	0.00079	-0.01573	0.99987	0.00201	-0.00075	-0.00203	1.00000		-1.16015	2.41698	1.28259	-0.11628	0.01453	4.22370	0.25585	0.99728	-0.07365	-0.00025	0.07365	0.99728	-0.00203	0.00040	0.00201	1.00000	
70	0.35000	-3.53702	0.20749	0.01343	0.10958	-0.04845	-0.90057	1.93105	0.99988	0.01572	0.00085	-0.01572	0.99987	0.00191	-0.00082	-0.00193	1.00000		-1.14627	2.46599	1.24594	-0.11368	0.01528	4.22329	0.25103	0.99728	-0.07364	-0.00027	0.07364	0.99728	-0.00198	0.00041	0.00196	1.00000	
71	0.35500	-3.54162	0.18971	0.00575	0.09223	-0.05182	-0.90307	1.92585	0.99988	0.01576	0.00090	-0.01576	0.99987	0.00161	-0.00088	-0.00162	1.00000		-1.15408	2.48786	1.19897	-0.11544	0.01472	4.22084	0.26392	0.99729	-0.07360	-0.00026	0.07360	0.99729	-0.00201	0.00040	0.00199	1.00000	
72	0.36000	-3.52254	0.19703	-0.02743	0.08490	-0.05547	-0.90203	1.92770	0.99988	0.01574	0.00097	-0.01574	0.99987	0.00148	-0.00094	-0.00150	1.00000		-1.16223	2.53021	1.16759	-0.11465	0.01698	4.22128	0.26094	0.99729	-0.07361	-0.00030	0.07361	0.99729	-0.00200	0.00044	0.00197	1.00000	
73	0.36500	-3.52657	0.19699	-0.05068	0.07449	-0.05650	-0.89988	1.95233	0.99988	0.01571	0.00099	-0.01571	0.99988	0.00130	-0.00097	-0.00132	1.00000		-1.13155	2.60350	1.13509	-0.10832	0.01204	4.22117	0.25105	0.99729	-0.07361	-0.00021	0.07361	0.99729	-0.00189	0.00035	0.00187	1.00000	
74	0.37000	-3.51524	0.19138	-0.06889	0.06177	-0.05894	-0.89982	1.91645	0.99988	0.01570	0.00103	-0.01571	0.99988	0.00108	-0.00101	-0.00109	1.00000		-1.15875	2.55074	1.06307	-0.11784	0.01820	4.22445	0.24968	0.99728	-0.07366	-0.00032	0.07366	0.99728	-0.00206	0.00047	0.00203	1.00000	
75	0.37500	-3.54245	0.19345	-0.10990	0.05294	-0.05357	-0.89959	1.93636	0.99988	0.01570	0.00093	-0.01570	0.99988	0.00092	-0.00092	-0.00094	1.00000		-1.18089	2.60924	1.00387	-0.11328	0.01937	4.22024	0.22987	0.99729	-0.07359	-0.00034	0.07359	0.99729	-0.00198	0.00048	0.00195	1.00000	
76	0.38000	-3.53147	0.21784	-0.12051	0.04628	-0.05821	-0.90281	1.92899	0.99988	0.01576	0.00102	-0.01576	0.99988	0.00081	-0.00100	-0.00082	1.00000		-1.18308	2.63373	0.96740	-0.11296	0.02455	4.22178	0.24697	0.99729	-0.07362	-0.00043	0.07362	0.99728	-0.00197	0.00057	0.00193	1.00000	
77	0.38500	-3.55735	0.21683	-0.15415	0.03481	-0.05639	-0.90237	1.92343	0.99988	0.01575	0.00098	-0.01575	0.99988	0.00061	-0.00097	-0.00062	1.00000		-1.17246	2.67094	0.92347	-0.11098	0.02473	4.21802	0.24951	0.99729	-0.07355	-0.00043	0.07355	0.99729	-0.00194	0.00057	0.00190	1.00000	
78	0.39000	-3.53660	0.21513	-0.19285	0.02659	-0.05921	-0.90379	1.93576	0.99988	0.01577	0.00103	-0.01577	0.99988	0.00046	-0.00103	-0.00048	1.00000		-1.16678	2.66990	0.86079	-0.10999	0.02596	4.21902	0.26191	0.99729	-0.07357	-0.00045	0.07357	0.99729	-0.00192	0.00059	0.00188	1.00000	
79	0.39500	-3.48869	0.20253	-0.22260	0.01199	-0.06172	-0.90259	1.92932	0.99988	0.01575	0.00108	-0.01575	0.99988	0.00021	-0.00107	-0.00023	1.00000		-1.13811	2.73562	0.83261	-0.10299	0.02488	4.21948	0.25248	0.99729	-0.07358	-0.00043	0.07358	0.99729	-0.00180	0.00057	0.00176	1.00000	
80	0.40000	-3.52098	0.21411	-0.24760	0.00326	-0.06217	-0.89971	1.94479	0.99988	0.01570	0.00109	-0.01570	0.99988	0.00006	-0.00108	-0.00007	1.00000		-1.13896	2.80211	0.78394	-0.09587	0.02538	4.21734	0.25426	0.99729	-0.07354	-0.00044	0.07354	0.99729	-0.00167	0.00056	0.00164	1.00000	
81	0.40500	-3.53569	0.22706	-0.27246	-0.00351	-0.05943	-0.89787	1.93254	0.99988	0.01567	0.00104	-0.01567	0.99988	-0.00006	-0.00104	0.00005	1.00000		-1.11219	2.87541	0.76248	-0.08641	0.02407	4.21633	0.21322	0.99729	-0.07352	-0.00042	0.07352	0.99729	-0.00151	0.00053	0.00147	1.00000	
82	0.41000	-3.51699	0.23130	-0.29455	-0.01187	-0.06324	-0.89560	1.93076	0.99988	0.01563	0.00110	-0.01563	0.99988	-0.00021	-0.00111	0.00019	1.00000		-1.08910	2.88724	0.72591	-0.08320	0.02716	4.21868	0.26592	0.99729	-0.07356	-0.00047	0.07356	0.99729	-0.00145	0.00058	0.00141	1.00000	
83	0.41500	-3.51182	0.24053	-0.32882	-0.02019	-0.06237	-0.89473	1.92771	0.99988	0.01562	0.00109	-0.01562	0.99988	-0.00035	-0.00109	0.00034	1.00000		-1.12546	2.93890	0.66961	-0.08039	0.02872	4.21545	0.25229	0.99729	-0.07351	-0.00050	0.07351	0.99729	-0.00140	0.00060	0.00136	1.00000	
84	0.42000	-3.50191	0.24598	-0.33180	-0.02760	-0.06381	-0.89500	1.91320	0.99988	0.01562	0.00111	-0.01562	0.99988	-0.00048	-0.00112	0.00046	1.00000		-1.11278	2.98734	0.61715	-0.07394	0.03072	4.21329	0.25758	0.99730	-0.07347	-0.00054	0.07347	0.99730	-0.00129	0.00063	0.00125	1.00000	
85	0.42500	-3.48126	0.24807	-0.37146	-0.03663	-0.06511	-0.89597	1.92842	0.99988	0.01564	0.00114	-0.01564	0.99988	-0.00064	-0.00115	0.00062	1.00000		-1.09882	3.04660	0.58656	-0.06570	0.02829	4.21642	0.23676	0.99729	-0.07352	-0.00049	0.07352	0.99729	-0.00115	0.00058	0.00111	1.00000	
86	0.43000	-3.49997	0.26774	-0.39229	-0.04121	-0.06065	-0.89491	1.93084	0.99988	0.01562	0.00106	-0.01562	0.99988	-0.00072	-0.00107	0.00070	1.00000		-1.09387	3.10802	0.55205	-0.05919	0.02799	4.21440	0.23932	0.99730	-0.07349	-0.00049	0.07349	0.99730	-0.00103	0.00056	0.00099	1.00000	
87	0.43500	-3.47310	0.27024	-0.41553	-0.04654	-0.06338	-0.88997	1.92594	0.99988	0.01553	0.00111	-0.01553	0.99988	-0.00081	-0.00112	0.00079	1.00000		-1.07692	3.14418	0.52118	-0.05205	0.02601	4.21525	0.23786	0.99729	-0.07350	-0.00045	0.07350	0.99729	-0.00091	0.00052	0.00087	1.00000	
88	0.44000	-3.50912	0.26814	-0.43190	-0.05526	-0.06238	-0.88978	1.94337	0.99988	0.01553	0.00109	-0.01553	0.99988	-0.00096	-0.00110	0.00095	1.00000		-1.07778	3.17979	0.47040	-0.04862	0.02769	4.21200	0.22503	0.99730	-0.07345	-0.00048	0.07345	0.99730	-0.00085	0.00054	0.00081	1.00000	
89	0.44500	-3.49335	0.27325	-0.45257	-0.06360	-0.05899	-0.89242	1.93078	0.99988	0.01557	0.00103	-0.01557	0.99988	-0.00111	-0.00105	0.00109	1.00000		-1.06904	3.22846	0.44412	-0.04130	0.02754	4.21408	0.25580	0.99730	-0.07348	-0.00048	0.07348	0.99730	-0.00072	0.00053	0.00068	1.00000	
90	0.45000	-3.46212	0.29403	-0.47260	-0.06410	-0.06345	-0.89507	1.93127	0.99988	0.01562	0.00111	-0.01562	0.99988	-0.00112	-0.00112	0.00110	1.00000		-1.00540	3.29893	0.39786	-0.03068	0.02323	4.21457	0.23571	0.99730	-0.07349	-0.00041	0.07349	0.99730	-0.00054	0.00044	0.00050	1.00000	
91	0.45500	-3.46967	0.29679	-0.48828	-0.07260	-0.06140	-0.89337	1.92955	0.99988	0.01559	0.00107	-0.01559	0.99988	-0.00127	-0.00109	0.00125	1.00000		-1.06259	3.34535	0.36783	-0.02435	0.02543	4.21239	0.23285	0.99730	-0.07345	-0.00044	0.07345	0.99730	-0.00043	0.00047	0.00039	1.00000	
92	0.46000	-3.49007	0.29381	-0.52405	-0.07858	-0.05718	-0.88882	1.93575	0.99988	0.01551	0.00100	-0.01551	0.99988	-0.00137	-0.00102	0.00136	1.00000		-0.99279	3.39596	0.33864	-0.01767	0.02164	4.21114	0.21255	0.99730	-0.07343	-0.00038	0.07343	0.99730	-0.00031	0.00040	0.00028	1.00000	
93	0.46500	-3.44513	0.29730	-0.53814	-0.08385	-0.06043	-0.88561	1.94713	0.99988	0.01546	0.00105	-0.01545	0.99988	-0.00146	-0.00108	0.00145	1.00000		-0.97973	3.46426	0.30891	-0.00783	0.01782	4.20780	0.22647	0.99730	-0.07337	-0.00031	0.07337	0.99730	-0.00014	0.00032	0.00011	1.00000	
94	0.47000	-3.46395	0.31928	-0.55206	-0.08699	-0.05465	-0.88602	1.94733	0.99988	0.01546	0.00095	-0.01546	0.99988	-0.00152	-0.00098	0.00150	1.00000		-0.97007	3.50501	0.27255	-0.00304	0.01784	4.21114	0.22580	0.99730	-0.07343	-0.00031	0.07343	0.99730	-0.00005	0.00031	0.00003	1.00000	
95	0.47500	-3.46924	0.31030	-0.56295	-0.09367	-0.05374	-0.88618	1.92585	0.99988	0.01547	0.00094	-0.01546	0.99988	-0.00163	-0.00096	0.00162	1.00000		-0.97827	3.54151	0.24013	0.00420	0.01686	4.20946	0.23605	0.99730	-0.07340	-0.00029	0.07340	0.99730	0.00007	0.00029	-0.00009	1.00000	
96	0.48000	-3.48435	0.31505	-0.57661	-0.09833	-0.05354	-0.88915	1.92837	0.99988	0.01552	0.00093	-0.01552	0.99988	-0.00172	-0.00096	0.00170	1.00000		-0.93766	3.60433	0.21281	0.01312	0.01159	4.20784	0.23819	0.99730	-0.07337	-0.00020	0.07337	0.99730	0.00023	0.00018	-0.00024	1.00000	
97	0.48500	-3.46916	0.32686	-0.59098	-0.09917	-0.05225	-0.89385	1.93692	0.99988	0.01560	0.00091	-0.01560	0.99988	-0.00173	-0.00094	0.00172	1.00000		-0.89198	3.69260	0.19219	0.02432	0.00639	4.20830	0.21251	0.99730	-0.07338	-0.00011	0.07338	0.99730	0.00042	0.00008	-0.00043	1.00000	
98	0.49000	-3.44429	0.32056	-0.60759	-0.10338	-0.05031	-0.89407	1.93115	0.99988	0.01560	0.00088	-0.01560	0.99988	-0.00180	-0.00091	0.00179	1.00000		-0.85334	3.75554	0.17299	0.03384	-0.00180	4.20970	0.21937	0.99730	-0.07341	0.00003	0.07341	0.99730	0.00059	-0.00007	-0.00059	1.00000	
99	0.49500	-3.46551	0.32461	-0.62352	-0.10830	-0.04628	-0.88756	1.94036	0.99988	0.01549	0.00081	-0.01549	0.99988	-0.00189	-0.00084	0.00188	1.00000		-0.85927	3.77151	0.14103	0.03527	-0.00247	4.20989	0.22816	0.99730	-0.07341	0.00004	0.07341	0.99730	0.00062	-0.00009	-0.00061	1.00000	
100	0.50000	-3.43945	0.31032	-0.62398	-0.11282	-0.04249	-0.88981	1.92695	0.99988	0.01553	0.00074	-0.01553	0.99988	-0.00197	-0.00077	0.00196	1.00000		-0.83262	3.85922	0.11825	0.04805	-0.00880	4.21103	0.23481	0.99730	-0.07343	0.00015	0.07343	0.99730	0.00084	-0.00021	-0.00083	1.00000	
101	0.50500	-3.42068	0.33112	-0.62899	-0.11221	-0.04280	-0.89380	1.93859	0.99988	0.01560	0.00075	-0.01560	0.99988	-0.00196	-0.00078	0.00195	1.00000		-0.81162	3.88351	0.08407	0.05063	-0.01259	4.20606	0.24594	0.99731	-0.07334	0.00022	0.07334	0.99731	0.00088	-0.00028	-0.00087	1.00000	
102	0.51000	-3.44406	0.34141	-0.64636	-0.11335	-0.03903	-0.89113	1.92287	0.99988	0.01555	0.00068	-0.01555	0.99988	-0.00198	-0.00071	0.00197	1.00000		-0.81120	3.96214	0.07333	0.05854	-0.01481	4.20737	0.22689	0.99731	-0.07337	0.00026	0.07337	0.99730	0.00102	-0.00033	-0.00100	1.00000	
103	0.51500	-3.43710	0.34311	-0.65276	-0.11756	-0.03621	-0.89046	1.91486	0.99988	0.01554	0.00063	-0.01554	0.99988	-0.00205	-0.00066	0.00204	1.00000		-0.74402	4.02215	0.05672	0.06865	-0.02542	4.20804	0.23064	0.99730	-0.07338	0.00044	0.07338	0.99730	0.00120	-0.00053	-0.00116	1.00000	
104	0.52000	-3.41113	0.36082	-0.65668	-0.11691	-0.03648	-0.89379	1.91428	0.99988	0.01560	0.00064	-0.01560	0.99988	-0.00204	-0.00067	0.00203	1.00000		-0.78040	4.07573	0.02423	0.07447	-0.02961	4.20562	0.23103	0.99731	-0.07334	0.00052	0.07334	0.99731	0.00130	-0.00061	-0.00126	1.00000	
105	0.52500	-3.43603	0.36158	-0.66949	-0.11670	-0.03105	-0.89338	1.94155	0.99988	0.01559	0.00054	-0.01559	0.99988	-0.00204	-0.00057	0.00203	1.00000		-0.76690	4.10741	-0.01086	0.07683	-0.03149	4.20295	0.23234	0.99731	-0.07329	0.00055	0.07329	0.99731	0.00134	-0.00065	-0.00130	1.00000	
106	0.53000	-3.42221	0.36770	-0.65544	-0.11718	-0.02612	-0.89779	1.91582	0.99988	0.01567	0.00046	-0.01567	0.99988	-0.00205	-0.00049	0.00204	1.00000		-0.68588	4.19120	-0.00495	0.08687	-0.04356	4.20310	0.20411	0.99731	-0.07329	0.00076	0.07329	0.99731	0.00152	-0.00087	-0.00146	1.00000	
107	0.53500	-3.43195	0.37281	-0.67606	-0.11783	-0.02546	-0.89135	1.93424	0.99988	0.01556	0.00044	-0.01556	0.99988	-0.00206	-0.00048	0.00205	1.00000		-0.69068	4.25695	-0.02317	0.09585	-0.04986	4.20203	0.22743	0.99731	-0.07327	0.00087	0.07327	0.99731	0.00167	-0.00099	-0.00160	1.00000	
108	0.54000	-3.43437	0.37820	-0.67915	-0.11714	-0.02220	-0.89300	1.93464	0.99988	0.01559	0.00039	-0.01558	0.99988	-0.00204	-0.00042	0.00204	1.00000		-0.70281	4.26150	-0.05900	0.09397	-0.05327	4.20244	0.23141	0.99731	-0.07328	0.00093	0.07328	0.99731	0.00164	-0.00105	-0.00157	1.00000	
109	0.54500	-3.41511	0.39651	-0.66860	-0.11438	-0.01827	-0.89927	1.90476	0.99988	0.01569	0.00032	-0.01569	0.99987	-0.00200	-0.00035	0.00199	1.00000		-0.65794	4.34169	-0.05992	0.10371	-0.06251	4.20114	0.23475	0.99731	-0.07326	0.00109	0.07326	0.99731	0.00181	-0.00122	-0.00173	1.00000	
110	0.55000	-3.40884	0.38160	-0.67334	-0.11485	-0.01801	-0.89717	1.93119	0.99988	0.01566	0.00031	-0.01566	0.99988	-0.00200	-0.00035	0.00200	1.00000		-0.60455	4.41853	-0.06761	0.11206	-0.07492	4.19909	0.22838	0.99731	-0.07322	0.00131	0.07322	0.99731	0.00196	-0.00145	-0.00185	1.00000	
111	0.55500	-3.41510	0.39980	-0.66481	-0.11312	-0.01271	-0.89762	1.92475	0.99988	0.01567	0.00022	-0.01567	0.99988	-0.00197	-0.00025	0.00197	1.00000		-0.64872	4.44642	-0.09796	0.11237	-0.07532	4.20013	0.23541	0.99731	-0.07324	0.00131	0.07324	0.99731	0.00196	-0.00145	-0.00186	1.00000	
112	0.56000	-3.39560	0.39234	-0.65067	-0.11451	-0.01210	-0.89744	1.90541	0.99988	0.01566	0.00021	-0.01566	0.99988	-0.00200	-0.00024	0.00199	1.00000		-0.58293	4.48944	-0.09555	0.11793	-0.08707	4.20239	0.21413	0.99731	-0.07328	0.00152	0.07328	0.99731	0.00206	-0.00167	-0.00194	1.00000	
113	0.56500	-3.40745	0.39154	-0.64921	-0.11195	-0.00592	-0.90178	1.91317	0.99988	0.01574	0.00010	-0.01574	0.99987	-0.00195	-0.00013	0.00195	1.00000		-0.59727	4.52485	-0.09972	0.11918	-0.09111	4.19746	0.22641	0.99732	-0.07319	0.00159	0.07319	0.99732	0.00208	-0.00174	-0.00196	1.00000	
114	0.57000	-3.39581	0.40093	-0.61970	-0.11058	-0.00584	-0.90292	1.89454	0.99988	0.01576	0.00010	-0.01576	0.99987	-0.00193	-0.00013	0.00193	1.00000		-0.61707	4.57754	-0.12127	0.12222	-0.09655	4.19790	0.23063	0.99732	-0.07320	0.00169	0.07320	0.99732	0.00213	-0.00184	-0.00200	1.00000	
115	0.57500	-3.37312	0.39767	-0.62813	-0.11090	-0.00615	-0.90375	1.90933	0.99988	0.01577	0.00011	-0.01577	0.99987	-0.00194	-0.00014	0.00193	1.00000		-0.58362	4.60729	-0.12094	0.12590	-0.10650	4.19758	0.21952	0.99732	-0.07320	0.00186	0.07319	0.99732	0.00220	-0.00201	-0.00206	1.00000	
116	0.58000	-3.36216	0.41630	-0.63034	-0.10552	-0.00178	-0.90206	1.90039	0.99988	0.01574	0.00003	-0.01574	0.99987	-0.00184	-0.00006	0.00184	1.00000		-0.56104	4.67804	-0.12739	0.13155	-0.11426	4.19646	0.23450	0.99732	-0.07318	0.00199	0.07317	0.99732	0.00230	-0.00216	-0.00214	1.00000	
117	0.58500	-3.35775	0.42000	-0.60860	-0.10426	-0.00188	-0.90191	1.91422	0.99988	0.01574	0.00003	-0.01574	0.99987	-0.00182	-0.00006	0.00182	1.00000		-0.47472	4.72430	-0.12050	0.13571	-0.12899	4.19713	0.21305	0.99732	-0.07319	0.00225	0.07318	0.99732	0.00237	-0.00242	-0.00220	0.99999	
118	0.59000	-3.35827	0.44032	-0.58267	-0.09992	0.00094	-0.90581	1.90442	0.99988	0.01581	-0.00002	-0.01581	0.99987	-0.00174	-0.00001	0.00174	1.00000		-0.48916	4.71823	-0.13883	0.13382	-0.13346	4.20067	0.23175	0.99731	-0.07325	0.00233	0.07324	0.99731	0.00234	-0.00249	-0.00216	0.99999	
119	0.59500	-3.38943	0.43261	-0.56652	-0.09920	0.00762	-0.90745	1.90506	0.99987	0.01584	-0.00013	-0.01584	0.99987	-0.00173	0.00011	0.00173	1.00000		-0.46960	4.80948	-0.13037	0.14085	-0.14602	4.19223	0.22014	0.99732	-0.07310	0.00255	0.07310	0.99732	0.00246	-0.00272	-0.00227	0.99999	
120	0.60000	-3.34816	0.43531	-0.55271	-0.09510	0.00421	-0.91032	1.88639	0.99987	0.01589	-0.00007	-0.01589	0.99987	-0.00166	0.00005	0.00166	1.00000		-0.45602	4.85904	-0.12075	0.14494	-0.15399	4.19412	0.24469	0.99732	-0.07314	0.00269	0.07313	0.99732	0.00253	-0.00287	-0.00233	0.99999	
121	0.60500	-3.33247	0.44900	-0.54364	-0.09427	0.00195	-0.90689	1.89134	0.99987	0.01583	-0.00003	-0.01583	0.99987	-0.00165	0.00001	0.00165	1.00000		-0.43728	4.84829	-0.13973	0.14094	-0.15934	4.19720	0.23594	0.99731	-0.07319	0.00278	0.07318	0.99732	0.00246	-0.00295	-0.00225	0.99999	
122	0.61000	-3.32905	0.44953	-0.52032	-0.08964	0.00437	-0.90985	1.87529	0.99987	0.01588	-0.00008	-0.01588	0.99987	-0.00156	0.00005	0.00157	1.00000		-0.44343	4.87554	-0.12242	0.14050	-0.16699	4.19708	0.24213	0.99731	-0.07319	0.00291	0.07318	0.99732	0.00245	-0.00309	-0.00223	0.99999	
123	0.61500	-3.33413	0.45902	-0.49717	-0.08618	0.00767	-0.91072	1.88211	0.99987	0.01589	-0.00013	-0.01589	0.99987	-0.00150	0.00011	0.00151	1.00000		-0.38153	4.94972	-0.11862	0.14893	-0.17959	4.19272	0.20710	0.99732	-0.07311	0.00313	0.07310	0.99732	0.00260	-0.00332	-0.00236	0.99999	
124	0.62000	-3.36926	0.46473	-0.47054	-0.08312	0.01134	-0.90787	1.87061	0.99987	0.01584	-0.00020	-0.01584	0.99987	-0.00145	0.00017	0.00145	1.00000		-0.36718	4.97460	-0.10111	0.14945	-0.18803	4.19385	0.23164	0.99732	-0.07313	0.00328	0.07312	0.99732	0.00261	-0.00346	-0.00236	0.99999	
125	0.62500	-3.37810	0.45422	-0.45085	-0.08130	0.01522	-0.91278	1.86927	0.99987	0.01593	-0.00027	-0.01593	0.99987	-0.00142	0.00024	0.00142	1.00000		-0.36888	5.00635	-0.09502	0.14921	-0.19300	4.19157	0.23974	0.99732	-0.07309	0.00337	0.07308	0.99732	0.00260	-0.00355	-0.00235	0.99999	
126	0.63000	-3.33339	0.46154	-0.44058	-0.07812	0.01224	-0.91374	1.86032	0.99987	0.01595	-0.00021	-0.01595	0.99987	-0.00136	0.00019	0.00137	1.00000		-0.36451	5.03171	-0.10071	0.14954	-0.20040	4.19217	0.23339	0.99732	-0.07310	0.00350	0.07309	0.99732	0.00261	-0.00368	-0.00235	0.99999	
127	0.63500	-3.33602	0.47321	-0.41748	-0.07320	0.01450	-0.90839	1.87395	0.99987	0.01585	-0.00025	-0.01585	0.99987	-0.00128	0.00023	0.00128	1.00000		-0.31823	5.01947	-0.09249	0.14571	-0.20945	4.19569	0.23145	0.99731	-0.07316	0.00366	0.07315	0.99732	0.00254	-0.00383	-0.00227	0.99999	
128	0.64000	-3.32088	0.47525	-0.38579	-0.07067	0.01349	-0.91375	1.84793	0.99987	0.01595	-0.00024	-0.01595	0.99987	-0.00123	0.00022	0.00124	1.00000		-0.32632	5.07640	-0.07514	0.14896	-0.21620	4.18989	0.23578	0.99732	-0.07306	0.00377	0.07305	0.99732	0.00260	-0.00395	-0.00232	0.99999	
129	0.64500	-3.33429	0.50513	-0.35208	-0.06068	0.01384	-0.91461	1.86936	0.99987	0.01596	-0.00024	-0.01596	0.99987	-0.00106	0.00022	0.00106	1.00000		-0.33183	5.08865	-0.07599	0.15058	-0.22376	4.19330	0.23607	0.99732	-0.07312	0.00391	0.07311	0.99732	0.00263	-0.00409	-0.00234	0.99999	
130	0.65000	-3.29105	0.48401	-0.33614	-0.06095	0.01091	-0.92054	1.85602	0.99987	0.01607	-0.00019	-0.01607	0.99987	-0.00106	0.00017	0.00107	1.00000		-0.27031	5.09382	-0.04392	0.14958	-0.23281	4.19025	0.22601	0.99732	-0.07307	0.00406	0.07306	0.99732	0.00261	-0.00424	-0.00231	0.99999	
131	0.65500	-3.29049	0.50066	-0.31059	-0.05661	0.00906	-0.91652	1.84876	0.99987	0.01600	-0.00016	-0.01600	0.99987	-0.00099	0.00014	0.00099	1.00000		-0.25916	5.11325	-0.03740	0.14893	-0.23846	4.19345	0.22843	0.99731	-0.07312	0.00416	0.07311	0.99732	0.00260	-0.00434	-0.00229	0.99999	
132	0.66000	-3.31100	0.50018	-0.27867	-0.05505	0.00844	-0.91580	1.86167	0.99987	0.01598	-0.00015	-0.01598	0.99987	-0.00096	0.00013	0.00096	1.00000		-0.23465	5.12900	-0.01067	0.15092	-0.24978	4.19091	0.23483	0.99732	-0.07308	0.00436	0.07307	0.99732	0.00263	-0.00454	-0.00231	0.99999	
133	0.66500	-3.29391	0.50002	-0.24931	-0.05162	0.01119	-0.91541	1.85545	0.99987	0.01598	-0.00020	-0.01598	0.99987	-0.00090	0.00018	0.00090	1.00000		-0.21435	5.13661	0.00890	0.15061	-0.25594	4.19149	0.23669	0.99732	-0.07309	0.00447	0.07308	0.99732	0.00263	-0.00465	-0.00230	0.99999	
134	0.67000	-3.32568	0.51973	-0.21471	-0.04514	0.01206	-0.92119	1.83859	0.99987	0.01608	-0.00021	-0.01608	0.99987	-0.00079	0.00020	0.00079	1.00000		-0.22558	5.13622	0.00858	0.14803	-0.25956	4.19193	0.24035	0.99731	-0.07310	0.00453	0.07309	0.99732	0.00258	-0.00471	-0.00225	0.99999	
135	0.67500	-3.29798	0.51769	-0.18676	-0.04146	0.00632	-0.91762	1.84325	0.99987	0.01601	-0.00011	-0.01601	0.99987	-0.00072	0.00010	0.00073	1.00000		-0.17465	5.15978	0.04322	0.15047	-0.26498	4.18957	0.24221	0.99732	-0.07306	0.00462	0.07304	0.99733	0.00263	-0.00480	-0.00228	0.99999	
136	0.68000	-3.29835	0.51710	-0.14977	-0.03823	0.00353	-0.92052	1.82689	0.99987	0.01607	-0.00006	-0.01607	0.99987	-0.00067	0.00005	0.00067	1.00000		-0.20643	5.15503	0.04977	0.14832	-0.27116	4.19171	0.22037	0.99731	-0.07309	0.00473	0.07308	0.99732	0.00259	-0.00491	-0.00224	0.99999	
137	0.68500	-3.30359	0.51804	-0.12518	-0.03545	0.00438	-0.92332	1.83175	0.99987	0.01611	-0.00008	-0.01611	0.99987	-0.00062	0.00007	0.00062	1.00000		-0.15495	5.18508	0.08003	0.15094	-0.27824	4.18966	0.23448	0.99732	-0.07306	0.00486	0.07305	0.99733	0.00263	-0.00504	-0.00227	0.99998	
138	0.69000	-3.30806	0.52835	-0.09463	-0.02823	0.00634	-0.92265	1.83357	0.99987	0.01610	-0.00011	-0.01610	0.99987	-0.00049	0.00010	0.00049	1.00000		-0.19987	5.12662	0.07463	0.14411	-0.27638	4.19010	0.25062	0.99732	-0.07307	0.00482	0.07305	0.99732	0.00252	-0.00499	-0.00216	0.99999	
139	0.69500	-3.29032	0.53846	-0.07000	-0.02691	-0.00062	-0.92716	1.83116	0.99987	0.01618	0.00001	-0.01618	0.99987	-0.00047	-0.00002	0.00047	1.00000		-0.20154	5.13707	0.11310	0.14543	-0.28078	4.19344	0.26260	0.99731	-0.07312	0.00490	0.07311	0.99732	0.00254	-0.00507	-0.00217	0.99998	
140	0.70000	-3.30899	0.54005	-0.03802	-0.02105	-0.00244	-0.92531	1.83732	0.99987	0.01615	0.00004	-0.01615	0.99987	-0.00037	-0.00005	0.00037	1.00000		-0.15574	5.12726	0.13200	0.14612	-0.28767	4.19279	0.24297	0.99731	-0.07311	0.00502	0.07310	0.99732	0.00255	-0.00519	-0.00218	0.99998	
