NO_OF_FRAMES	12046
NO_OF_CAMERAS	8
NO_OF_BODIES	2
FREQUENCY	200
NO_OF_ANALOG	0
ANALOG_FREQUENCY	0
DESCRIPTION	--
TIME_STAMP	2013-07-05, 10:57:52	181086.74966629
DATA_INCLUDED	6D
BODY_NAMES	Ice 2 V2	Ice 3
Frame	Time	Ice 2 V2 X	Y	Z	Roll	Pitch	Yaw	Residual	Rot[0]	Rot[1]	Rot[2]	Rot[3]	Rot[4]	Rot[5]	Rot[6]	Rot[7]	Rot[8]	Ice 3 X	Y	Z	Roll	Pitch	Yaw	Residual	Rot[0]	Rot[1]	Rot[2]	Rot[3]	Rot[4]	Rot[5]	Rot[6]	Rot[7]	Rot[8]	
1	0.00500	1.07162	-13.74081	0.45639	0.15887	-0.07088	-0.88530	0.23902	0.99988	0.01545	0.00124	-0.01545	0.99988	0.00277	-0.00119	-0.00279	1.00000		-0.12257	6.83075	0.61930	0.05757	0.05596	4.15785	1.53961	0.99737	-0.07250	-0.00098	0.07251	0.99737	0.00100	0.00090	-0.00107	1.00000	
2	0.01000	0.99866	-13.70701	0.45599	0.16299	-0.06580	-0.88722	0.23875	0.99988	0.01548	0.00115	-0.01549	0.99988	0.00284	-0.00110	-0.00286	1.00000		-0.04669	6.79062	0.58522	0.05092	0.05227	4.15059	1.54997	0.99738	-0.07238	-0.00091	0.07238	0.99738	0.00089	0.00085	-0.00095	1.00000	
3	0.01500	1.00105	-13.71767	0.46640	0.16138	-0.06521	-0.88808	0.23327	0.99988	0.01550	0.00114	-0.01550	0.99988	0.00282	-0.00109	-0.00283	1.00000		-0.07605	6.81199	0.58064	0.05262	0.05420	4.15053	1.54059	0.99738	-0.07238	-0.00095	0.07238	0.99738	0.00092	0.00088	-0.00098	1.00000	
4	0.02000	1.03379	-13.71146	0.46013	0.16032	-0.06578	-0.89303	0.21988	0.99988	0.01559	0.00115	-0.01559	0.99987	0.00280	-0.00110	-0.00282	1.00000		-0.07608	6.80676	0.56860	0.05091	0.05249	4.14994	1.53525	0.99738	-0.07237	-0.00092	0.07237	0.99738	0.00089	0.00085	-0.00095	1.00000	
5	0.02500	1.03977	-13.71209	0.45568	0.16061	-0.06607	-0.89216	0.22044	0.99988	0.01557	0.00115	-0.01557	0.99987	0.00280	-0.00111	-0.00282	1.00000		-0.06975	6.80317	0.56348	0.04962	0.05317	4.14987	1.53948	0.99738	-0.07237	-0.00093	0.07237	0.99738	0.00087	0.00086	-0.00093	1.00000	
6	0.03000	1.02508	-13.71985	0.46170	0.15681	-0.06604	-0.89050	0.22304	0.99988	0.01554	0.00115	-0.01554	0.99988	0.00274	-0.00111	-0.00275	1.00000		-0.07653	6.80801	0.54993	0.04882	0.05439	4.14968	1.52492	0.99738	-0.07236	-0.00095	0.07236	0.99738	0.00085	0.00089	-0.00092	1.00000	
7	0.03500	1.01907	-13.70185	0.45277	0.15609	-0.06878	-0.88902	0.23100	0.99988	0.01552	0.00120	-0.01552	0.99988	0.00272	-0.00116	-0.00274	1.00000		-0.06258	6.81278	0.55264	0.04900	0.05066	4.14962	1.55196	0.99738	-0.07236	-0.00088	0.07236	0.99738	0.00086	0.00082	-0.00092	1.00000	
8	0.04000	1.05215	-13.70141	0.45729	0.15661	-0.06782	-0.89137	0.23382	0.99988	0.01556	0.00118	-0.01556	0.99988	0.00273	-0.00114	-0.00275	1.00000		-0.07050	6.82738	0.54588	0.04892	0.05413	4.14855	1.55661	0.99738	-0.07234	-0.00094	0.07234	0.99738	0.00085	0.00088	-0.00092	1.00000	
9	0.04500	1.04344	-13.68488	0.45471	0.15584	-0.06969	-0.89114	0.22341	0.99988	0.01555	0.00122	-0.01556	0.99988	0.00272	-0.00117	-0.00274	1.00000		-0.01911	6.81242	0.54623	0.04791	0.04691	4.14950	1.54474	0.99738	-0.07236	-0.00082	0.07236	0.99738	0.00084	0.00076	-0.00089	1.00000	
10	0.05000	1.04643	-13.69783	0.45376	0.15369	-0.06922	-0.89195	0.22100	0.99988	0.01557	0.00121	-0.01557	0.99988	0.00268	-0.00117	-0.00270	1.00000		-0.05297	6.81799	0.52086	0.04751	0.04759	4.14769	1.54638	0.99738	-0.07233	-0.00083	0.07233	0.99738	0.00083	0.00077	-0.00089	1.00000	
11	0.05500	1.03988	-13.68975	0.45641	0.15201	-0.06967	-0.89069	0.22224	0.99988	0.01554	0.00122	-0.01555	0.99988	0.00265	-0.00117	-0.00267	1.00000		-0.01791	6.83686	0.52734	0.04981	0.04562	4.15025	1.53711	0.99738	-0.07237	-0.00080	0.07237	0.99738	0.00087	0.00073	-0.00092	1.00000	
12	0.06000	1.05304	-13.69444	0.45060	0.15162	-0.06781	-0.89281	0.22626	0.99988	0.01558	0.00118	-0.01558	0.99988	0.00265	-0.00114	-0.00266	1.00000		-0.04182	6.80681	0.50883	0.04604	0.04588	4.14974	1.56337	0.99738	-0.07236	-0.00080	0.07236	0.99738	0.00080	0.00074	-0.00086	1.00000	
13	0.06500	1.07154	-13.68012	0.44984	0.15140	-0.07272	-0.88854	0.23532	0.99988	0.01551	0.00127	-0.01551	0.99988	0.00264	-0.00123	-0.00266	1.00000		0.02061	6.82740	0.51328	0.05025	0.04231	4.15041	1.54647	0.99738	-0.07238	-0.00074	0.07238	0.99738	0.00088	0.00067	-0.00093	1.00000	
14	0.07000	1.06911	-13.67709	0.46261	0.14806	-0.07515	-0.88774	0.24313	0.99988	0.01549	0.00131	-0.01550	0.99988	0.00258	-0.00127	-0.00260	1.00000		-0.01544	6.83723	0.51221	0.04891	0.04343	4.14767	1.55361	0.99738	-0.07233	-0.00076	0.07233	0.99738	0.00085	0.00069	-0.00091	1.00000	
15	0.07500	1.04657	-13.66940	0.45561	0.14745	-0.06703	-0.89057	0.22355	0.99988	0.01554	0.00117	-0.01555	0.99988	0.00257	-0.00113	-0.00259	1.00000		0.00240	6.83553	0.48446	0.04983	0.04216	4.15001	1.53664	0.99738	-0.07237	-0.00074	0.07237	0.99738	0.00087	0.00067	-0.00092	1.00000	
16	0.08000	1.09071	-13.67850	0.45083	0.14671	-0.07355	-0.88846	0.23044	0.99988	0.01551	0.00128	-0.01551	0.99988	0.00256	-0.00124	-0.00258	1.00000		0.00342	6.84040	0.48581	0.04999	0.04058	4.15054	1.55021	0.99738	-0.07238	-0.00071	0.07238	0.99738	0.00087	0.00064	-0.00092	1.00000	
17	0.08500	1.08001	-13.64549	0.45134	0.14966	-0.07056	-0.88653	0.23554	0.99988	0.01547	0.00123	-0.01548	0.99988	0.00261	-0.00119	-0.00263	1.00000		0.01478	6.82495	0.47457	0.04875	0.03815	4.14751	1.56741	0.99738	-0.07232	-0.00067	0.07233	0.99738	0.00085	0.00060	-0.00090	1.00000	
18	0.09000	1.05916	-13.66526	0.44079	0.14702	-0.07199	-0.88994	0.22792	0.99988	0.01553	0.00126	-0.01553	0.99988	0.00257	-0.00122	-0.00259	1.00000		0.03409	6.82820	0.47491	0.04960	0.03827	4.14843	1.54261	0.99738	-0.07234	-0.00067	0.07234	0.99738	0.00087	0.00060	-0.00091	1.00000	
19	0.09500	1.11302	-13.68484	0.45185	0.14207	-0.08031	-0.88881	0.21997	0.99988	0.01551	0.00140	-0.01552	0.99988	0.00248	-0.00136	-0.00250	1.00000		0.00315	6.83301	0.45534	0.05014	0.03690	4.14885	1.55720	0.99738	-0.07235	-0.00064	0.07235	0.99738	0.00088	0.00058	-0.00092	1.00000	
20	0.10000	1.10628	-13.66513	0.44525	0.14453	-0.07744	-0.88617	0.22229	0.99988	0.01547	0.00135	-0.01547	0.99988	0.00252	-0.00131	-0.00254	1.00000		0.01966	6.85179	0.45527	0.05308	0.03292	4.15212	1.54770	0.99738	-0.07240	-0.00057	0.07241	0.99737	0.00093	0.00051	-0.00097	1.00000	
21	0.10500	1.08228	-13.65548	0.43679	0.14538	-0.07542	-0.88866	0.23218	0.99988	0.01551	0.00132	-0.01551	0.99988	0.00254	-0.00128	-0.00256	1.00000		0.03118	6.82619	0.45024	0.05200	0.03374	4.15243	1.54015	0.99737	-0.07241	-0.00059	0.07241	0.99737	0.00091	0.00052	-0.00095	1.00000	
22	0.11000	1.09024	-13.65055	0.45054	0.14535	-0.07191	-0.89205	0.22982	0.99988	0.01557	0.00126	-0.01557	0.99988	0.00254	-0.00122	-0.00256	1.00000		-0.01212	6.84379	0.43465	0.05396	0.03403	4.14781	1.54098	0.99738	-0.07233	-0.00059	0.07233	0.99738	0.00094	0.00052	-0.00098	1.00000	
23	0.11500	1.09902	-13.65179	0.44486	0.14499	-0.07387	-0.89184	0.22984	0.99988	0.01556	0.00129	-0.01557	0.99988	0.00253	-0.00125	-0.00255	1.00000		0.07001	6.85349	0.42818	0.05685	0.02733	4.15046	1.54062	0.99738	-0.07238	-0.00048	0.07238	0.99738	0.00099	0.00040	-0.00102	1.00000	
24	0.12000	1.08003	-13.79421	0.32899	0.10877	-0.07529	-0.88208	0.20462	0.99988	0.01539	0.00131	-0.01540	0.99988	0.00190	-0.00128	-0.00192	1.00000		0.16282	6.78082	0.49600	0.04572	0.00733	4.14947	1.52752	0.99738	-0.07236	-0.00013	0.07236	0.99738	0.00080	0.00007	-0.00081	1.00000	
25	0.12500	1.09021	-13.78508	0.31876	0.10648	-0.07611	-0.87842	0.19896	0.99988	0.01533	0.00133	-0.01533	0.99988	0.00186	-0.00130	-0.00188	1.00000		0.14971	6.75970	0.49363	0.04390	0.00714	4.14549	1.54310	0.99738	-0.07229	-0.00012	0.07229	0.99738	0.00077	0.00007	-0.00077	1.00000	
26	0.13000	1.09459	-13.78779	0.32034	0.10566	-0.07730	-0.87795	0.19743	0.99988	0.01532	0.00135	-0.01533	0.99988	0.00184	-0.00132	-0.00186	1.00000		0.17777	6.78669	0.48858	0.04745	0.00311	4.14785	1.53868	0.99738	-0.07233	-0.00005	0.07233	0.99738	0.00083	-0.00001	-0.00083	1.00000	
27	0.13500	1.08142	-13.78550	0.30979	0.10682	-0.07911	-0.88330	0.20916	0.99988	0.01542	0.00138	-0.01542	0.99988	0.00186	-0.00135	-0.00189	1.00000		0.14646	6.77721	0.47772	0.04704	0.00448	4.14754	1.53157	0.99738	-0.07233	-0.00008	0.07233	0.99738	0.00082	0.00002	-0.00082	1.00000	
28	0.14000	1.08154	-13.81093	0.32394	0.10309	-0.07519	-0.88250	0.20545	0.99988	0.01540	0.00131	-0.01540	0.99988	0.00180	-0.00128	-0.00182	1.00000		0.17955	6.76338	0.47579	0.04724	0.00018	4.14564	1.53997	0.99738	-0.07229	-0.00000	0.07229	0.99738	0.00082	-0.00006	-0.00082	1.00000	
29	0.14500	1.07381	-13.79355	0.32069	0.10701	-0.07264	-0.87985	0.18594	0.99988	0.01536	0.00127	-0.01536	0.99988	0.00187	-0.00124	-0.00189	1.00000		0.17725	6.77892	0.46781	0.05044	-0.00103	4.14436	1.55118	0.99739	-0.07227	0.00002	0.07227	0.99738	0.00088	-0.00008	-0.00088	1.00000	
30	0.15000	1.09469	-13.79334	0.29591	0.10405	-0.08019	-0.88528	0.20014	0.99988	0.01545	0.00140	-0.01545	0.99988	0.00182	-0.00137	-0.00184	1.00000		0.17502	6.77479	0.46616	0.05158	-0.00416	4.14686	1.54066	0.99738	-0.07231	0.00007	0.07231	0.99738	0.00090	-0.00014	-0.00089	1.00000	
31	0.15500	1.10656	-13.78647	0.30722	0.10360	-0.08128	-0.88203	0.19615	0.99988	0.01539	0.00142	-0.01540	0.99988	0.00181	-0.00139	-0.00183	1.00000		0.20525	6.76953	0.46362	0.05246	-0.00615	4.14580	1.55262	0.99738	-0.07229	0.00011	0.07229	0.99738	0.00092	-0.00017	-0.00091	1.00000	
32	0.16000	1.08935	-13.78666	0.31870	0.10561	-0.07745	-0.88018	0.20313	0.99988	0.01536	0.00135	-0.01536	0.99988	0.00184	-0.00132	-0.00186	1.00000		0.19183	6.76760	0.44639	0.05272	-0.00902	4.14548	1.55330	0.99738	-0.07229	0.00016	0.07229	0.99738	0.00092	-0.00022	-0.00091	1.00000	
33	0.16500	1.10403	-13.80445	0.32561	0.10502	-0.08255	-0.87960	0.19519	0.99988	0.01535	0.00144	-0.01535	0.99988	0.00183	-0.00141	-0.00185	1.00000		0.22763	6.78755	0.45239	0.05725	-0.01323	4.14531	1.55679	0.99738	-0.07229	0.00023	0.07229	0.99738	0.00100	-0.00030	-0.00098	1.00000	
34	0.17000	1.09176	-13.81892	0.32605	0.10534	-0.07811	-0.88173	0.20182	0.99988	0.01539	0.00136	-0.01539	0.99988	0.00184	-0.00133	-0.00186	1.00000		0.23791	6.78979	0.45033	0.05833	-0.01674	4.14370	1.56800	0.99739	-0.07226	0.00029	0.07226	0.99739	0.00102	-0.00036	-0.00099	1.00000	
35	0.17500	1.10722	-13.80274	0.31877	0.10654	-0.08143	-0.88049	0.21130	0.99988	0.01537	0.00142	-0.01537	0.99988	0.00186	-0.00139	-0.00188	1.00000		0.25409	6.76781	0.44543	0.05718	-0.01835	4.14414	1.55414	0.99739	-0.07227	0.00032	0.07227	0.99738	0.00100	-0.00039	-0.00097	1.00000	
36	0.18000	1.08924	-13.80948	0.31619	0.10598	-0.08009	-0.88120	0.20018	0.99988	0.01538	0.00140	-0.01538	0.99988	0.00185	-0.00137	-0.00187	1.00000		0.25587	6.74620	0.43582	0.05678	-0.01918	4.14501	1.55646	0.99738	-0.07228	0.00033	0.07228	0.99738	0.00099	-0.00041	-0.00096	1.00000	
37	0.18500	1.08403	-13.80067	0.31860	0.10803	-0.08181	-0.87727	0.19229	0.99988	0.01531	0.00143	-0.01531	0.99988	0.00189	-0.00140	-0.00191	1.00000		0.25871	6.76377	0.43078	0.06049	-0.02452	4.14413	1.57726	0.99739	-0.07227	0.00043	0.07227	0.99738	0.00106	-0.00050	-0.00102	1.00000	
38	0.19000	1.08852	-13.80620	0.32475	0.10805	-0.08079	-0.87814	0.20725	0.99988	0.01533	0.00141	-0.01533	0.99988	0.00189	-0.00138	-0.00191	1.00000		0.25609	6.76978	0.42255	0.06401	-0.02595	4.14632	1.55270	0.99738	-0.07230	0.00045	0.07230	0.99738	0.00112	-0.00053	-0.00108	1.00000	
39	0.19500	1.08087	-13.79930	0.31140	0.11329	-0.08091	-0.87883	0.20479	0.99988	0.01534	0.00141	-0.01534	0.99988	0.00198	-0.00138	-0.00200	1.00000		0.27834	6.77387	0.42295	0.06576	-0.02795	4.14665	1.55857	0.99738	-0.07231	0.00049	0.07231	0.99738	0.00115	-0.00057	-0.00111	1.00000	
40	0.20000	1.10555	-13.81959	0.32331	0.10976	-0.08464	-0.87966	0.19300	0.99988	0.01535	0.00148	-0.01536	0.99988	0.00192	-0.00145	-0.00194	1.00000		0.28135	6.78240	0.41577	0.06723	-0.02835	4.14675	1.55842	0.99738	-0.07231	0.00049	0.07231	0.99738	0.00117	-0.00058	-0.00113	1.00000	
41	0.20500	1.11588	-13.80301	0.31249	0.11358	-0.08682	-0.88004	0.19311	0.99988	0.01536	0.00152	-0.01536	0.99988	0.00198	-0.00148	-0.00201	1.00000		0.30231	6.77734	0.41499	0.06945	-0.03242	4.14421	1.57720	0.99739	-0.07227	0.00057	0.07227	0.99738	0.00121	-0.00065	-0.00117	1.00000	
42	0.21000	1.10173	-13.80123	0.31463	0.11662	-0.08229	-0.87744	0.19109	0.99988	0.01531	0.00144	-0.01532	0.99988	0.00204	-0.00140	-0.00206	1.00000		0.29996	6.78605	0.39913	0.07024	-0.03687	4.14499	1.56093	0.99738	-0.07228	0.00064	0.07228	0.99738	0.00123	-0.00073	-0.00118	1.00000	
43	0.21500	1.07354	-13.79954	0.32470	0.11927	-0.08115	-0.88070	0.18946	0.99988	0.01537	0.00142	-0.01537	0.99988	0.00208	-0.00138	-0.00210	1.00000		0.29481	6.78402	0.40047	0.07090	-0.03768	4.14756	1.55468	0.99738	-0.07233	0.00066	0.07232	0.99738	0.00124	-0.00075	-0.00119	1.00000	
44	0.22000	1.08697	-13.79887	0.32281	0.12187	-0.08005	-0.88203	0.20123	0.99988	0.01539	0.00140	-0.01540	0.99988	0.00213	-0.00136	-0.00215	1.00000		0.30196	6.79153	0.39640	0.07444	-0.04073	4.14654	1.56729	0.99738	-0.07231	0.00071	0.07231	0.99738	0.00130	-0.00080	-0.00124	1.00000	
45	0.22500	1.09077	-13.79497	0.31916	0.12582	-0.07816	-0.87751	0.20006	0.99988	0.01531	0.00136	-0.01532	0.99988	0.00220	-0.00133	-0.00222	1.00000		0.32007	6.79494	0.38764	0.07724	-0.04582	4.14367	1.58038	0.99739	-0.07226	0.00080	0.07226	0.99739	0.00135	-0.00090	-0.00129	1.00000	
46	0.23000	1.08997	-13.81061	0.32736	0.12715	-0.08288	-0.88198	0.19586	0.99988	0.01539	0.00145	-0.01540	0.99988	0.00222	-0.00141	-0.00224	1.00000		0.33614	6.79125	0.39467	0.07747	-0.04708	4.14298	1.56633	0.99739	-0.07225	0.00082	0.07224	0.99739	0.00135	-0.00092	-0.00129	1.00000	
47	0.23500	1.06315	-13.80183	0.33220	0.12884	-0.08141	-0.88129	0.19048	0.99988	0.01538	0.00142	-0.01538	0.99988	0.00225	-0.00139	-0.00227	1.00000		0.34805	6.78323	0.38662	0.07758	-0.05053	4.14761	1.57687	0.99738	-0.07233	0.00088	0.07232	0.99738	0.00135	-0.00098	-0.00129	1.00000	
48	0.24000	1.06420	-13.81140	0.34878	0.13167	-0.08044	-0.87962	0.18964	0.99988	0.01535	0.00140	-0.01535	0.99988	0.00230	-0.00137	-0.00232	1.00000		0.34110	6.79867	0.38456	0.08151	-0.05276	4.14636	1.58377	0.99738	-0.07230	0.00092	0.07230	0.99738	0.00142	-0.00102	-0.00135	1.00000	
49	0.24500	1.08543	-13.81480	0.34901	0.13362	-0.08099	-0.88257	0.19550	0.99988	0.01540	0.00141	-0.01541	0.99988	0.00233	-0.00138	-0.00235	1.00000		0.33441	6.78725	0.38862	0.08164	-0.05399	4.14466	1.56365	0.99738	-0.07227	0.00094	0.07227	0.99738	0.00142	-0.00104	-0.00135	1.00000	
50	0.25000	1.10423	-13.81525	0.34651	0.13685	-0.08257	-0.88056	0.18500	0.99988	0.01537	0.00144	-0.01537	0.99988	0.00239	-0.00140	-0.00241	1.00000		0.33650	6.77357	0.37816	0.08124	-0.05448	4.14748	1.56341	0.99738	-0.07232	0.00095	0.07232	0.99738	0.00142	-0.00105	-0.00135	1.00000	
51	0.25500	1.07468	-13.81535	0.34511	0.13867	-0.08107	-0.88012	0.20027	0.99988	0.01536	0.00142	-0.01536	0.99988	0.00242	-0.00138	-0.00244	1.00000		0.38579	6.79977	0.38199	0.08513	-0.05739	4.14477	1.57734	0.99738	-0.07228	0.00100	0.07228	0.99738	0.00149	-0.00111	-0.00141	1.00000	
52	0.26000	1.07417	-13.82148	0.35626	0.14207	-0.07816	-0.88656	0.19571	0.99988	0.01547	0.00136	-0.01548	0.99988	0.00248	-0.00133	-0.00250	1.00000		0.36917	6.79819	0.38349	0.08616	-0.06167	4.14405	1.57527	0.99738	-0.07226	0.00108	0.07226	0.99738	0.00150	-0.00118	-0.00142	1.00000	
53	0.26500	1.08840	-13.83253	0.35458	0.14286	-0.08230	-0.88223	0.19557	0.99988	0.01540	0.00144	-0.01540	0.99988	0.00249	-0.00140	-0.00252	1.00000		0.38255	6.79077	0.37465	0.08707	-0.06390	4.14819	1.57210	0.99738	-0.07234	0.00112	0.07233	0.99738	0.00152	-0.00122	-0.00144	1.00000	
54	0.27000	1.07428	-13.82223	0.36077	0.14769	-0.08339	-0.88425	0.17755	0.99988	0.01543	0.00146	-0.01544	0.99988	0.00258	-0.00142	-0.00260	1.00000		0.40361	6.79925	0.38085	0.08846	-0.06744	4.14551	1.57360	0.99738	-0.07229	0.00118	0.07229	0.99738	0.00154	-0.00129	-0.00145	1.00000	
55	0.27500	1.10692	-13.81406	0.35189	0.15380	-0.08215	-0.88215	0.18258	0.99988	0.01540	0.00143	-0.01540	0.99988	0.00268	-0.00139	-0.00271	1.00000		0.38521	6.78891	0.37880	0.08777	-0.06817	4.14291	1.58322	0.99739	-0.07224	0.00119	0.07224	0.99739	0.00153	-0.00130	-0.00144	1.00000	
56	0.28000	1.09687	-13.84688	0.36547	0.15274	-0.08119	-0.88281	0.17860	0.99988	0.01541	0.00142	-0.01541	0.99988	0.00267	-0.00138	-0.00269	1.00000		0.40779	6.80264	0.37903	0.09152	-0.07339	4.14648	1.57435	0.99738	-0.07231	0.00128	0.07230	0.99738	0.00160	-0.00139	-0.00150	1.00000	
57	0.28500	1.09740	-13.83920	0.36848	0.15634	-0.08177	-0.88208	0.18316	0.99988	0.01539	0.00143	-0.01540	0.99988	0.00273	-0.00138	-0.00275	1.00000		0.42857	6.80564	0.38065	0.09166	-0.07503	4.14784	1.56312	0.99738	-0.07233	0.00131	0.07233	0.99738	0.00160	-0.00142	-0.00150	1.00000	
58	0.29000	1.06755	-13.82675	0.37632	0.16357	-0.07959	-0.88210	0.17708	0.99988	0.01539	0.00139	-0.01540	0.99988	0.00285	-0.00134	-0.00288	0.99999		0.42759	6.80576	0.38254	0.09227	-0.07665	4.14634	1.57434	0.99738	-0.07230	0.00134	0.07230	0.99738	0.00161	-0.00145	-0.00151	1.00000	
59	0.29500	1.11453	-13.82990	0.37376	0.16635	-0.08753	-0.88159	0.19255	0.99988	0.01539	0.00153	-0.01539	0.99988	0.00290	-0.00148	-0.00293	0.99999		0.44869	6.78766	0.37302	0.09180	-0.07882	4.14665	1.59428	0.99738	-0.07231	0.00138	0.07231	0.99738	0.00160	-0.00149	-0.00150	1.00000	
60	0.30000	1.06393	-13.84335	0.38196	0.16873	-0.07944	-0.88329	0.17822	0.99988	0.01542	0.00139	-0.01542	0.99988	0.00294	-0.00134	-0.00297	0.99999		0.46025	6.79842	0.37897	0.09314	-0.08225	4.14771	1.57276	0.99738	-0.07233	0.00144	0.07233	0.99738	0.00163	-0.00155	-0.00152	1.00000	
61	0.30500	1.10045	-13.83949	0.37898	0.17204	-0.08339	-0.88459	0.17571	0.99988	0.01544	0.00146	-0.01544	0.99988	0.00300	-0.00141	-0.00302	0.99999		0.42560	6.76895	0.36118	0.09010	-0.08218	4.14754	1.57621	0.99738	-0.07232	0.00143	0.07232	0.99738	0.00157	-0.00154	-0.00146	1.00000	
62	0.31000	1.05576	-13.84178	0.40161	0.17643	-0.07787	-0.88669	0.17622	0.99988	0.01548	0.00136	-0.01548	0.99988	0.00308	-0.00131	-0.00310	0.99999		0.46075	6.80048	0.38319	0.09515	-0.08577	4.14877	1.57803	0.99738	-0.07235	0.00150	0.07234	0.99738	0.00166	-0.00161	-0.00155	1.00000	
63	0.31500	1.09058	-13.86098	0.39949	0.17799	-0.08242	-0.88481	0.18074	0.99988	0.01544	0.00144	-0.01545	0.99988	0.00311	-0.00139	-0.00313	0.99999		0.45340	6.79592	0.37206	0.09333	-0.08643	4.14688	1.57525	0.99738	-0.07231	0.00151	0.07231	0.99738	0.00163	-0.00162	-0.00152	1.00000	
64	0.32000	1.11039	-13.85218	0.40458	0.18243	-0.08264	-0.88628	0.19214	0.99988	0.01547	0.00144	-0.01547	0.99988	0.00318	-0.00139	-0.00321	0.99999		0.50436	6.78925	0.38237	0.09437	-0.09175	4.14697	1.58418	0.99738	-0.07232	0.00160	0.07231	0.99738	0.00165	-0.00172	-0.00153	1.00000	
65	0.32500	1.10166	-13.86646	0.41888	0.18513	-0.08199	-0.88464	0.19222	0.99988	0.01544	0.00143	-0.01544	0.99988	0.00323	-0.00138	-0.00325	0.99999		0.51049	6.79275	0.38007	0.09532	-0.09590	4.14943	1.57052	0.99738	-0.07236	0.00167	0.07235	0.99738	0.00166	-0.00179	-0.00154	1.00000	
66	0.33000	1.09225	-13.86786	0.41320	0.19003	-0.07893	-0.88562	0.18691	0.99988	0.01546	0.00138	-0.01546	0.99988	0.00332	-0.00133	-0.00334	0.99999		0.49583	6.79176	0.38517	0.09403	-0.09527	4.14769	1.56772	0.99738	-0.07233	0.00166	0.07232	0.99738	0.00164	-0.00178	-0.00152	1.00000	
67	0.33500	1.10240	-13.89114	0.42498	0.18904	-0.08206	-0.88639	0.18580	0.99988	0.01547	0.00143	-0.01547	0.99987	0.00330	-0.00138	-0.00332	0.99999		0.47183	6.78172	0.37780	0.09264	-0.09653	4.14560	1.59128	0.99738	-0.07229	0.00168	0.07229	0.99738	0.00162	-0.00180	-0.00149	1.00000	
68	0.34000	1.10307	-13.87782	0.41995	0.19543	-0.08393	-0.88529	0.19012	0.99988	0.01545	0.00146	-0.01546	0.99987	0.00341	-0.00141	-0.00343	0.99999		0.53116	6.78171	0.37928	0.09426	-0.10139	4.14747	1.58204	0.99738	-0.07232	0.00177	0.07232	0.99738	0.00165	-0.00188	-0.00151	1.00000	
69	0.34500	1.07761	-13.86747	0.42858	0.20061	-0.08218	-0.88799	0.17498	0.99988	0.01550	0.00143	-0.01550	0.99987	0.00350	-0.00138	-0.00352	0.99999		0.51902	6.78987	0.37684	0.09454	-0.10101	4.14586	1.57914	0.99738	-0.07230	0.00176	0.07229	0.99738	0.00165	-0.00188	-0.00152	1.00000	
70	0.35000	1.07102	-13.89251	0.44652	0.20079	-0.08191	-0.88573	0.18047	0.99988	0.01546	0.00143	-0.01546	0.99987	0.00350	-0.00138	-0.00353	0.99999		0.51111	6.77846	0.38059	0.09040	-0.10451	4.14688	1.58125	0.99738	-0.07231	0.00182	0.07231	0.99738	0.00158	-0.00193	-0.00144	1.00000	
71	0.35500	1.08656	-13.88406	0.45252	0.20698	-0.08147	-0.88543	0.16926	0.99988	0.01545	0.00142	-0.01546	0.99987	0.00361	-0.00137	-0.00363	0.99999		0.51468	6.76829	0.38431	0.09034	-0.10533	4.14744	1.58230	0.99738	-0.07232	0.00184	0.07232	0.99738	0.00158	-0.00195	-0.00144	1.00000	
72	0.36000	1.09182	-13.90654	0.45063	0.20689	-0.08360	-0.89049	0.19124	0.99988	0.01554	0.00146	-0.01555	0.99987	0.00361	-0.00140	-0.00363	0.99999		0.54010	6.77283	0.39112	0.09106	-0.10646	4.14487	1.57333	0.99738	-0.07228	0.00186	0.07228	0.99738	0.00159	-0.00197	-0.00145	1.00000	
73	0.36500	1.10172	-13.90541	0.46803	0.20986	-0.08406	-0.88773	0.18483	0.99988	0.01549	0.00147	-0.01550	0.99987	0.00366	-0.00141	-0.00368	0.99999		0.54734	6.76287	0.39459	0.08945	-0.10781	4.14463	1.57340	0.99738	-0.07227	0.00188	0.07227	0.99738	0.00156	-0.00199	-0.00142	1.00000	
74	0.37000	1.07413	-13.93068	0.46924	0.20891	-0.08517	-0.88497	0.17846	0.99988	0.01545	0.00149	-0.01545	0.99987	0.00365	-0.00143	-0.00367	0.99999		0.56108	6.77069	0.39267	0.09034	-0.10817	4.14615	1.56203	0.99738	-0.07230	0.00189	0.07230	0.99738	0.00158	-0.00200	-0.00144	1.00000	
75	0.37500	1.09159	-13.92883	0.47663	0.21346	-0.08605	-0.88646	0.18908	0.99988	0.01547	0.00150	-0.01548	0.99987	0.00373	-0.00144	-0.00375	0.99999		0.55243	6.75929	0.39588	0.08855	-0.10991	4.14801	1.58394	0.99738	-0.07233	0.00192	0.07233	0.99738	0.00155	-0.00202	-0.00140	1.00000	
76	0.38000	1.10380	-13.92965	0.48872	0.21656	-0.08743	-0.88846	0.17811	0.99988	0.01551	0.00153	-0.01551	0.99987	0.00378	-0.00147	-0.00380	0.99999		0.54936	6.77237	0.40041	0.08974	-0.11103	4.14636	1.58134	0.99738	-0.07230	0.00194	0.07230	0.99738	0.00157	-0.00205	-0.00142	1.00000	
77	0.38500	1.07631	-13.93420	0.50549	0.22106	-0.08346	-0.88730	0.17471	0.99988	0.01549	0.00146	-0.01549	0.99987	0.00386	-0.00140	-0.00388	0.99999		0.56616	6.73841	0.40312	0.08621	-0.11304	4.14337	1.57000	0.99738	-0.07225	0.00197	0.07225	0.99739	0.00150	-0.00208	-0.00136	1.00000	
78	0.39000	1.06523	-13.92705	0.49849	0.22431	-0.08236	-0.88785	0.19087	0.99988	0.01550	0.00144	-0.01550	0.99987	0.00391	-0.00138	-0.00394	0.99999		0.52803	6.76155	0.40415	0.08833	-0.11292	4.14478	1.56914	0.99738	-0.07228	0.00197	0.07227	0.99738	0.00154	-0.00208	-0.00140	1.00000	
79	0.39500	1.05605	-13.90639	0.50251	0.23244	-0.07857	-0.88938	0.17671	0.99988	0.01552	0.00137	-0.01553	0.99987	0.00406	-0.00131	-0.00408	0.99999		0.56442	6.76417	0.41024	0.08867	-0.11354	4.14743	1.57806	0.99738	-0.07232	0.00198	0.07232	0.99738	0.00155	-0.00209	-0.00140	1.00000	
80	0.40000	1.10025	-13.93188	0.50855	0.23083	-0.08857	-0.88771	0.19768	0.99988	0.01549	0.00155	-0.01550	0.99987	0.00403	-0.00148	-0.00405	0.99999		0.55985	6.77589	0.43162	0.08962	-0.11441	4.14577	1.57539	0.99738	-0.07229	0.00200	0.07229	0.99738	0.00156	-0.00210	-0.00142	1.00000	
81	0.40500	1.06820	-13.94506	0.51590	0.23178	-0.08293	-0.88854	0.17197	0.99988	0.01551	0.00145	-0.01551	0.99987	0.00405	-0.00138	-0.00407	0.99999		0.56833	6.76680	0.42661	0.08819	-0.11594	4.14556	1.57555	0.99738	-0.07229	0.00202	0.07229	0.99738	0.00154	-0.00213	-0.00139	1.00000	
82	0.41000	1.10518	-13.94589	0.53238	0.23452	-0.08717	-0.89406	0.17206	0.99988	0.01560	0.00152	-0.01561	0.99987	0.00409	-0.00146	-0.00412	0.99999		0.58746	6.75051	0.43619	0.08579	-0.11926	4.14646	1.57242	0.99738	-0.07231	0.00208	0.07230	0.99738	0.00150	-0.00218	-0.00134	1.00000	
83	0.41500	1.08908	-13.96887	0.52627	0.23193	-0.09001	-0.88934	0.17111	0.99988	0.01552	0.00157	-0.01553	0.99987	0.00405	-0.00151	-0.00407	0.99999		0.55338	6.73237	0.43032	0.08233	-0.11713	4.14590	1.58450	0.99738	-0.07230	0.00204	0.07229	0.99738	0.00144	-0.00214	-0.00129	1.00000	
84	0.42000	1.07141	-13.96197	0.53331	0.23582	-0.08272	-0.89175	0.16967	0.99988	0.01556	0.00144	-0.01557	0.99987	0.00412	-0.00138	-0.00414	0.99999		0.55632	6.73573	0.44974	0.08359	-0.11610	4.14547	1.57051	0.99738	-0.07229	0.00203	0.07229	0.99738	0.00146	-0.00213	-0.00131	1.00000	
85	0.42500	1.07434	-13.96214	0.54893	0.23943	-0.08905	-0.89155	0.18950	0.99988	0.01556	0.00155	-0.01557	0.99987	0.00418	-0.00149	-0.00420	0.99999		0.57849	6.73054	0.45006	0.08296	-0.11988	4.14514	1.57068	0.99738	-0.07228	0.00209	0.07228	0.99738	0.00145	-0.00219	-0.00129	1.00000	
86	0.43000	1.07194	-13.95286	0.55018	0.24024	-0.08514	-0.88646	0.16442	0.99988	0.01547	0.00149	-0.01548	0.99987	0.00419	-0.00142	-0.00422	0.99999		0.60405	6.75301	0.46405	0.08636	-0.12201	4.14633	1.57243	0.99738	-0.07230	0.00213	0.07230	0.99738	0.00151	-0.00223	-0.00135	1.00000	
87	0.43500	1.06154	-13.98359	0.55546	0.23835	-0.08698	-0.88929	0.17145	0.99988	0.01552	0.00152	-0.01553	0.99987	0.00416	-0.00145	-0.00418	0.99999		0.61688	6.73888	0.45727	0.08336	-0.12246	4.14641	1.57530	0.99738	-0.07231	0.00214	0.07230	0.99738	0.00145	-0.00224	-0.00130	1.00000	
88	0.44000	1.04828	-13.97513	0.56782	0.24252	-0.08713	-0.88560	0.18386	0.99988	0.01546	0.00152	-0.01546	0.99987	0.00423	-0.00146	-0.00426	0.99999		0.59796	6.75549	0.47216	0.08452	-0.11902	4.14749	1.55985	0.99738	-0.07232	0.00208	0.07232	0.99738	0.00148	-0.00218	-0.00132	1.00000	
89	0.44500	1.05603	-13.96213	0.57463	0.24731	-0.08632	-0.88858	0.17994	0.99988	0.01551	0.00151	-0.01551	0.99987	0.00432	-0.00144	-0.00434	0.99999		0.57588	6.74310	0.47559	0.08297	-0.12060	4.14686	1.56739	0.99738	-0.07231	0.00210	0.07231	0.99738	0.00145	-0.00220	-0.00129	1.00000	
90	0.45000	1.04489	-13.96810	0.58981	0.24682	-0.08602	-0.88709	0.18165	0.99988	0.01548	0.00150	-0.01549	0.99987	0.00431	-0.00143	-0.00433	0.99999		0.57165	6.73675	0.49468	0.08165	-0.11999	4.14531	1.58338	0.99738	-0.07229	0.00209	0.07228	0.99738	0.00143	-0.00219	-0.00127	1.00000	
91	0.45500	1.06790	-13.98236	0.58745	0.24402	-0.09030	-0.88711	0.17521	0.99988	0.01548	0.00158	-0.01549	0.99987	0.00426	-0.00151	-0.00428	0.99999		0.58774	6.73272	0.48975	0.08152	-0.12141	4.14201	1.57089	0.99739	-0.07223	0.00212	0.07223	0.99739	0.00142	-0.00222	-0.00127	1.00000	
92	0.46000	1.02107	-13.97114	0.58504	0.24932	-0.08770	-0.88782	0.18079	0.99988	0.01549	0.00153	-0.01550	0.99987	0.00435	-0.00146	-0.00437	0.99999		0.57386	6.73941	0.50183	0.08108	-0.11869	4.14346	1.56929	0.99738	-0.07225	0.00207	0.07225	0.99739	0.00142	-0.00217	-0.00126	1.00000	
93	0.46500	1.03334	-13.98357	0.60069	0.24873	-0.08698	-0.88986	0.19227	0.99988	0.01553	0.00152	-0.01554	0.99987	0.00434	-0.00145	-0.00436	0.99999		0.58898	6.73927	0.51229	0.08372	-0.12317	4.14469	1.56494	0.99738	-0.07228	0.00215	0.07227	0.99738	0.00146	-0.00225	-0.00130	1.00000	
94	0.47000	1.04056	-13.98165	0.59978	0.24969	-0.08782	-0.89062	0.18726	0.99988	0.01554	0.00153	-0.01555	0.99987	0.00436	-0.00146	-0.00438	0.99999		0.57405	6.73536	0.51733	0.08368	-0.11907	4.14526	1.57066	0.99738	-0.07229	0.00208	0.07228	0.99738	0.00146	-0.00218	-0.00131	1.00000	
95	0.47500	1.04441	-13.99331	0.61604	0.24635	-0.08954	-0.88922	0.19200	0.99988	0.01552	0.00156	-0.01553	0.99987	0.00430	-0.00150	-0.00432	0.99999		0.53976	6.75502	0.53892	0.08297	-0.11764	4.14672	1.55869	0.99738	-0.07231	0.00205	0.07231	0.99738	0.00145	-0.00215	-0.00130	1.00000	
96	0.48000	1.02486	-13.99555	0.62177	0.24830	-0.08880	-0.88797	0.19119	0.99988	0.01550	0.00155	-0.01550	0.99987	0.00433	-0.00148	-0.00436	0.99999		0.58602	6.73986	0.54121	0.08278	-0.11422	4.14309	1.57607	0.99738	-0.07225	0.00199	0.07224	0.99739	0.00144	-0.00209	-0.00130	1.00000	
97	0.48500	1.02365	-13.99278	0.63637	0.24826	-0.08901	-0.88566	0.19751	0.99988	0.01546	0.00155	-0.01546	0.99987	0.00433	-0.00149	-0.00436	0.99999		0.58457	6.71373	0.55063	0.08095	-0.11597	4.14560	1.58402	0.99738	-0.07229	0.00202	0.07229	0.99738	0.00141	-0.00212	-0.00126	1.00000	
98	0.49000	0.98036	-13.98342	0.63792	0.24990	-0.08603	-0.89117	0.17675	0.99988	0.01555	0.00150	-0.01556	0.99987	0.00436	-0.00143	-0.00438	0.99999		0.56050	6.72589	0.55349	0.08060	-0.11642	4.14715	1.58615	0.99738	-0.07232	0.00203	0.07232	0.99738	0.00141	-0.00213	-0.00126	1.00000	
99	0.49500	1.03138	-13.98512	0.63444	0.24833	-0.09027	-0.88843	0.19138	0.99988	0.01551	0.00158	-0.01551	0.99987	0.00433	-0.00151	-0.00436	0.99999		0.59525	6.70873	0.56785	0.07883	-0.11769	4.14647	1.56700	0.99738	-0.07231	0.00205	0.07230	0.99738	0.00138	-0.00215	-0.00122	1.00000	
100	0.50000	0.99503	-14.00585	0.64268	0.24656	-0.08956	-0.88848	0.19263	0.99988	0.01551	0.00156	-0.01551	0.99987	0.00430	-0.00150	-0.00433	0.99999		0.54576	6.71877	0.57964	0.08138	-0.11279	4.14612	1.57642	0.99738	-0.07230	0.00197	0.07230	0.99738	0.00142	-0.00207	-0.00127	1.00000	
101	0.50500	0.99342	-13.98449	0.64671	0.24738	-0.08747	-0.88650	0.19837	0.99988	0.01547	0.00153	-0.01548	0.99987	0.00432	-0.00146	-0.00434	0.99999		0.55028	6.73665	0.59622	0.08337	-0.11506	4.14328	1.57217	0.99738	-0.07225	0.00201	0.07225	0.99739	0.00146	-0.00211	-0.00131	1.00000	
102	0.51000	1.01413	-13.99329	0.65974	0.24615	-0.09121	-0.88858	0.18272	0.99988	0.01551	0.00159	-0.01551	0.99987	0.00430	-0.00153	-0.00432	0.99999		0.57452	6.71800	0.60617	0.08154	-0.11425	4.14578	1.58403	0.99738	-0.07229	0.00199	0.07229	0.99738	0.00142	-0.00209	-0.00128	1.00000	
103	0.51500	0.99702	-14.02288	0.66387	0.24231	-0.09088	-0.88879	0.18828	0.99988	0.01551	0.00159	-0.01552	0.99987	0.00423	-0.00152	-0.00425	0.99999		0.58114	6.72221	0.61418	0.08172	-0.11349	4.14732	1.57284	0.99738	-0.07232	0.00198	0.07232	0.99738	0.00143	-0.00208	-0.00128	1.00000	
104	0.52000	0.97189	-13.99408	0.66487	0.24328	-0.08547	-0.88346	0.18546	0.99988	0.01542	0.00149	-0.01542	0.99987	0.00425	-0.00143	-0.00427	0.99999		0.52194	6.70890	0.61646	0.08117	-0.10899	4.14767	1.57633	0.99738	-0.07233	0.00190	0.07232	0.99738	0.00142	-0.00200	-0.00128	1.00000	
105	0.52500	0.97570	-13.98912	0.67513	0.24432	-0.08637	-0.88343	0.18363	0.99988	0.01542	0.00151	-0.01542	0.99987	0.00426	-0.00144	-0.00429	0.99999		0.54175	6.71349	0.62223	0.08229	-0.10875	4.14913	1.58397	0.99738	-0.07235	0.00190	0.07235	0.99738	0.00144	-0.00200	-0.00130	1.00000	
106	0.53000	0.97320	-14.00037	0.68664	0.24075	-0.08533	-0.88936	0.18261	0.99988	0.01552	0.00149	-0.01553	0.99987	0.00420	-0.00142	-0.00422	0.99999		0.51904	6.71572	0.64253	0.08384	-0.10858	4.14825	1.57757	0.99738	-0.07234	0.00190	0.07233	0.99738	0.00146	-0.00200	-0.00132	1.00000	
107	0.53500	0.96988	-14.00489	0.69346	0.23773	-0.08901	-0.89166	0.18515	0.99988	0.01556	0.00155	-0.01557	0.99987	0.00415	-0.00149	-0.00417	0.99999		0.53753	6.70885	0.64450	0.08280	-0.10829	4.14728	1.58640	0.99738	-0.07232	0.00189	0.07232	0.99738	0.00145	-0.00199	-0.00130	1.00000	
108	0.54000	0.98049	-14.00870	0.68521	0.23525	-0.08799	-0.88479	0.17608	0.99988	0.01544	0.00154	-0.01545	0.99987	0.00411	-0.00147	-0.00413	0.99999		0.50921	6.70993	0.65240	0.08489	-0.10233	4.14716	1.57543	0.99738	-0.07232	0.00179	0.07232	0.99738	0.00148	-0.00189	-0.00135	1.00000	
109	0.54500	0.95997	-14.01010	0.69656	0.23287	-0.08393	-0.88723	0.19122	0.99988	0.01548	0.00146	-0.01549	0.99987	0.00406	-0.00140	-0.00409	0.99999		0.49822	6.71026	0.65721	0.08413	-0.10195	4.14775	1.58940	0.99738	-0.07233	0.00178	0.07233	0.99738	0.00147	-0.00188	-0.00134	1.00000	
110	0.55000	0.98874	-14.01780	0.69459	0.22883	-0.09352	-0.88409	0.19860	0.99988	0.01543	0.00163	-0.01544	0.99987	0.00399	-0.00157	-0.00402	0.99999		0.46791	6.70600	0.65490	0.08379	-0.09880	4.14760	1.56772	0.99738	-0.07233	0.00172	0.07232	0.99738	0.00146	-0.00183	-0.00133	1.00000	
111	0.55500	0.96013	-14.02747	0.71098	0.22569	-0.08455	-0.88308	0.18903	0.99988	0.01541	0.00148	-0.01542	0.99987	0.00394	-0.00141	-0.00396	0.99999		0.49214	6.68708	0.67797	0.08403	-0.09998	4.14821	1.57787	0.99738	-0.07234	0.00174	0.07233	0.99738	0.00147	-0.00185	-0.00134	1.00000	
112	0.56000	0.93130	-14.00694	0.70792	0.22582	-0.08693	-0.88436	0.20812	0.99988	0.01543	0.00152	-0.01544	0.99987	0.00394	-0.00146	-0.00396	0.99999		0.46838	6.70851	0.68732	0.08566	-0.09568	4.14698	1.57957	0.99738	-0.07232	0.00167	0.07231	0.99738	0.00150	-0.00177	-0.00137	1.00000	
113	0.56500	0.94842	-14.02560	0.71495	0.22142	-0.08649	-0.88316	0.19113	0.99988	0.01541	0.00151	-0.01542	0.99987	0.00386	-0.00145	-0.00389	0.99999		0.48290	6.72254	0.69364	0.08751	-0.09606	4.14814	1.58131	0.99738	-0.07234	0.00168	0.07233	0.99738	0.00153	-0.00178	-0.00140	1.00000	
114	0.57000	0.94071	-14.02924	0.72172	0.21906	-0.08736	-0.88229	0.19901	0.99988	0.01540	0.00152	-0.01540	0.99987	0.00382	-0.00147	-0.00385	0.99999		0.50860	6.70423	0.70909	0.08778	-0.09418	4.14835	1.58217	0.99738	-0.07234	0.00164	0.07234	0.99738	0.00153	-0.00175	-0.00141	1.00000	
115	0.57500	0.93602	-14.01576	0.71119	0.21795	-0.08677	-0.88635	0.18670	0.99988	0.01547	0.00151	-0.01547	0.99987	0.00380	-0.00146	-0.00383	0.99999		0.45162	6.69408	0.71382	0.08649	-0.08971	4.15073	1.58823	0.99738	-0.07238	0.00157	0.07238	0.99738	0.00151	-0.00167	-0.00139	1.00000	
116	0.58000	0.94519	-14.01171	0.73019	0.21355	-0.08425	-0.88064	0.17952	0.99988	0.01537	0.00147	-0.01537	0.99987	0.00373	-0.00141	-0.00375	0.99999		0.44086	6.69245	0.72223	0.08894	-0.08834	4.14860	1.60694	0.99738	-0.07234	0.00154	0.07234	0.99738	0.00155	-0.00165	-0.00144	1.00000	
117	0.58500	0.94989	-14.02409	0.74187	0.20968	-0.08665	-0.87870	0.18260	0.99988	0.01534	0.00151	-0.01534	0.99988	0.00366	-0.00146	-0.00368	0.99999		0.46699	6.69708	0.74528	0.08837	-0.08923	4.14806	1.58186	0.99738	-0.07233	0.00156	0.07233	0.99738	0.00154	-0.00166	-0.00143	1.00000	
118	0.59000	0.94146	-14.02547	0.72551	0.20790	-0.08359	-0.87931	0.18258	0.99988	0.01535	0.00146	-0.01535	0.99988	0.00363	-0.00140	-0.00365	0.99999		0.42645	6.69582	0.74962	0.08857	-0.08410	4.14886	1.61158	0.99738	-0.07235	0.00147	0.07235	0.99738	0.00155	-0.00158	-0.00144	1.00000	
119	0.59500	0.94006	-14.01211	0.75332	0.20499	-0.08295	-0.88380	0.17630	0.99988	0.01542	0.00145	-0.01543	0.99987	0.00358	-0.00139	-0.00360	0.99999		0.42323	6.68951	0.74308	0.08753	-0.08034	4.14987	1.58621	0.99738	-0.07237	0.00140	0.07236	0.99738	0.00153	-0.00151	-0.00142	1.00000	
120	0.60000	0.93141	-14.00920	0.73154	0.20276	-0.08548	-0.88112	0.18431	0.99988	0.01538	0.00149	-0.01538	0.99988	0.00354	-0.00144	-0.00356	0.99999		0.44979	6.68742	0.76734	0.08923	-0.08137	4.15190	1.59491	0.99737	-0.07240	0.00142	0.07240	0.99737	0.00156	-0.00153	-0.00145	1.00000	
121	0.60500	0.92632	-14.00052	0.73376	0.19790	-0.07968	-0.87962	0.17103	0.99988	0.01535	0.00139	-0.01536	0.99988	0.00345	-0.00134	-0.00348	0.99999		0.41720	6.70222	0.77049	0.09040	-0.07749	4.15062	1.59200	0.99738	-0.07238	0.00135	0.07238	0.99738	0.00158	-0.00146	-0.00148	1.00000	
122	0.61000	0.92177	-13.98316	0.73179	0.19832	-0.08096	-0.87956	0.19863	0.99988	0.01535	0.00141	-0.01536	0.99988	0.00346	-0.00136	-0.00348	0.99999		0.40646	6.70497	0.78483	0.09166	-0.07716	4.15227	1.60019	0.99737	-0.07241	0.00135	0.07241	0.99737	0.00160	-0.00146	-0.00150	1.00000	
123	0.61500	0.91102	-14.00900	0.73868	0.19117	-0.08036	-0.87747	0.18020	0.99988	0.01531	0.00140	-0.01532	0.99988	0.00334	-0.00135	-0.00336	0.99999		0.39909	6.67146	0.78727	0.08823	-0.07510	4.15159	1.59438	0.99738	-0.07240	0.00131	0.07239	0.99737	0.00154	-0.00142	-0.00144	1.00000	
124	0.62000	0.88282	-13.98470	0.73972	0.19189	-0.07898	-0.87821	0.18690	0.99988	0.01533	0.00138	-0.01533	0.99988	0.00335	-0.00133	-0.00337	0.99999		0.38384	6.68732	0.79197	0.09073	-0.07227	4.15199	1.59452	0.99737	-0.07240	0.00126	0.07240	0.99737	0.00158	-0.00137	-0.00149	1.00000	
125	0.62500	0.87704	-13.99430	0.73469	0.18665	-0.07402	-0.87457	0.19029	0.99988	0.01526	0.00129	-0.01527	0.99988	0.00326	-0.00124	-0.00328	0.99999		0.39472	6.70722	0.81082	0.09276	-0.07017	4.15332	1.60079	0.99737	-0.07243	0.00122	0.07242	0.99737	0.00162	-0.00134	-0.00153	1.00000	
126	0.63000	0.90842	-13.99138	0.72646	0.18320	-0.08108	-0.87802	0.19704	0.99988	0.01532	0.00142	-0.01533	0.99988	0.00320	-0.00137	-0.00322	0.99999		0.38956	6.70263	0.81227	0.09276	-0.06769	4.15382	1.60639	0.99737	-0.07243	0.00118	0.07243	0.99737	0.00162	-0.00130	-0.00153	1.00000	
127	0.63500	0.87780	-13.98773	0.74081	0.18064	-0.07876	-0.87186	0.20255	0.99988	0.01522	0.00137	-0.01522	0.99988	0.00315	-0.00133	-0.00317	0.99999		0.36959	6.68129	0.82570	0.09023	-0.06500	4.15145	1.61088	0.99738	-0.07239	0.00113	0.07239	0.99738	0.00157	-0.00125	-0.00149	1.00000	
128	0.64000	0.87811	-13.97343	0.73462	0.17927	-0.07274	-0.87926	0.18977	0.99988	0.01535	0.00127	-0.01535	0.99988	0.00313	-0.00122	-0.00315	0.99999		0.38207	6.68775	0.84385	0.09250	-0.06530	4.15460	1.59269	0.99737	-0.07245	0.00114	0.07245	0.99737	0.00161	-0.00125	-0.00153	1.00000	
129	0.64500	0.87112	-13.98135	0.74192	0.17452	-0.07222	-0.87847	0.19471	0.99988	0.01533	0.00126	-0.01534	0.99988	0.00305	-0.00121	-0.00306	0.99999		0.33864	6.69310	0.85381	0.09155	-0.05992	4.14961	1.59416	0.99738	-0.07236	0.00105	0.07236	0.99738	0.00160	-0.00116	-0.00152	1.00000	
130	0.65000	0.88535	-13.96639	0.73696	0.17016	-0.07607	-0.87513	0.19659	0.99988	0.01527	0.00133	-0.01528	0.99988	0.00297	-0.00128	-0.00299	0.99999		0.33252	6.69071	0.85276	0.09124	-0.05878	4.15061	1.61375	0.99738	-0.07238	0.00103	0.07238	0.99738	0.00159	-0.00114	-0.00151	1.00000	
131	0.65500	0.88346	-13.97796	0.72911	0.16602	-0.07438	-0.87533	0.19525	0.99988	0.01528	0.00130	-0.01528	0.99988	0.00290	-0.00125	-0.00292	0.99999		0.35720	6.69380	0.85463	0.09124	-0.05774	4.15107	1.60620	0.99738	-0.07239	0.00101	0.07238	0.99738	0.00159	-0.00112	-0.00152	1.00000	
132	0.66000	0.87087	-13.98254	0.72910	0.16209	-0.07265	-0.87478	0.19618	0.99988	0.01527	0.00127	-0.01527	0.99988	0.00283	-0.00122	-0.00285	1.00000		0.34364	6.70806	0.86379	0.09428	-0.05703	4.15141	1.60182	0.99738	-0.07239	0.00100	0.07239	0.99737	0.00165	-0.00111	-0.00157	1.00000	
133	0.66500	0.85070	-13.96109	0.73142	0.16025	-0.07257	-0.87625	0.20572	0.99988	0.01529	0.00127	-0.01530	0.99988	0.00280	-0.00122	-0.00282	1.00000		0.31488	6.68631	0.87312	0.09016	-0.05256	4.15031	1.60439	0.99738	-0.07237	0.00092	0.07237	0.99738	0.00157	-0.00103	-0.00150	1.00000	
134	0.67000	0.85637	-13.97588	0.72857	0.15570	-0.07120	-0.87436	0.18887	0.99988	0.01526	0.00124	-0.01526	0.99988	0.00272	-0.00120	-0.00274	1.00000		0.31593	6.69642	0.88144	0.09268	-0.05439	4.15042	1.59992	0.99738	-0.07238	0.00095	0.07237	0.99738	0.00162	-0.00106	-0.00154	1.00000	
135	0.67500	0.80782	-13.96796	0.73042	0.15172	-0.06693	-0.87401	0.19492	0.99988	0.01525	0.00117	-0.01526	0.99988	0.00265	-0.00113	-0.00267	1.00000		0.29439	6.69098	0.88732	0.09073	-0.04908	4.15059	1.60436	0.99738	-0.07238	0.00086	0.07238	0.99738	0.00158	-0.00097	-0.00152	1.00000	
136	0.68000	0.84461	-13.95972	0.73197	0.14852	-0.07145	-0.87331	0.19327	0.99988	0.01524	0.00125	-0.01524	0.99988	0.00259	-0.00121	-0.00261	1.00000		0.30009	6.70057	0.88777	0.09067	-0.04975	4.14858	1.62437	0.99738	-0.07234	0.00087	0.07234	0.99738	0.00158	-0.00098	-0.00152	1.00000	
137	0.68500	0.86962	-13.96129	0.72788	0.14496	-0.07367	-0.87030	0.20557	0.99988	0.01519	0.00129	-0.01519	0.99988	0.00253	-0.00125	-0.00255	1.00000		0.30246	6.69576	0.90559	0.09023	-0.04673	4.15218	1.59761	0.99737	-0.07241	0.00082	0.07240	0.99737	0.00157	-0.00093	-0.00151	1.00000	
138	0.69000	0.84255	-13.95540	0.71880	0.14275	-0.06997	-0.87000	0.19572	0.99988	0.01518	0.00122	-0.01519	0.99988	0.00249	-0.00118	-0.00251	1.00000		0.28607	6.71983	0.90371	0.09011	-0.04495	4.15099	1.61057	0.99738	-0.07239	0.00078	0.07238	0.99738	0.00157	-0.00090	-0.00151	1.00000	
139	0.69500	0.84685	-13.95113	0.71289	0.13641	-0.07079	-0.86637	0.21487	0.99988	0.01512	0.00124	-0.01512	0.99988	0.00238	-0.00120	-0.00240	1.00000		0.28676	6.71664	0.91280	0.09162	-0.04496	4.15538	1.60717	0.99737	-0.07246	0.00078	0.07246	0.99737	0.00160	-0.00090	-0.00154	1.00000	
140	0.70000	0.82691	-13.95936	0.72312	0.13333	-0.07048	-0.87292	0.20258	0.99988	0.01523	0.00123	-0.01524	0.99988	0.00233	-0.00119	-0.00235	1.00000		0.24800	6.69595	0.91925	0.08835	-0.04060	4.15437	1.60530	0.99737	-0.07244	0.00071	0.07244	0.99737	0.00154	-0.00082	-0.00149	1.00000	
