NO_OF_FRAMES	12051
NO_OF_CAMERAS	8
NO_OF_BODIES	2
FREQUENCY	200
NO_OF_ANALOG	0
ANALOG_FREQUENCY	0
DESCRIPTION	--
TIME_STAMP	2013-07-05, 12:04:14	185067.97686279
DATA_INCLUDED	6D
BODY_NAMES	Ice 2 V2	Ice 3
Frame	Time	Ice 2 V2 X	Y	Z	Roll	Pitch	Yaw	Residual	Rot[0]	Rot[1]	Rot[2]	Rot[3]	Rot[4]	Rot[5]	Rot[6]	Rot[7]	Rot[8]	Ice 3 X	Y	Z	Roll	Pitch	Yaw	Residual	Rot[0]	Rot[1]	Rot[2]	Rot[3]	Rot[4]	Rot[5]	Rot[6]	Rot[7]	Rot[8]	
1	0.00500	2.25662	-13.87859	1.10513	0.34621	-0.13062	-0.91778	0.25294	0.99987	0.01602	0.00228	-0.01603	0.99985	0.00604	-0.00218	-0.00608	0.99998		-0.34433	6.79118	0.80255	0.06646	0.37050	4.26608	1.60197	0.99721	-0.07439	-0.00647	0.07440	0.99723	0.00116	0.00636	-0.00164	0.99998	
2	0.01000	2.20227	-13.88264	1.11720	0.33632	-0.11426	-0.91686	0.24634	0.99987	0.01600	0.00199	-0.01601	0.99985	0.00587	-0.00190	-0.00590	0.99998		-0.30859	6.82900	0.78154	0.06352	0.36899	4.26113	1.59730	0.99722	-0.07430	-0.00644	0.07431	0.99723	0.00111	0.00634	-0.00158	0.99998	
3	0.01500	2.17923	-13.90160	1.12679	0.32732	-0.10093	-0.91550	0.23701	0.99987	0.01598	0.00176	-0.01599	0.99986	0.00571	-0.00167	-0.00574	0.99998		-0.30587	6.82770	0.74504	0.05512	0.36782	4.26293	1.57453	0.99721	-0.07433	-0.00642	0.07434	0.99723	0.00096	0.00633	-0.00144	0.99998	
4	0.02000	2.16602	-13.90814	1.13251	0.31986	-0.08474	-0.91715	0.24192	0.99987	0.01601	0.00148	-0.01601	0.99986	0.00558	-0.00139	-0.00561	0.99998		-0.28385	6.82926	0.72108	0.04713	0.36657	4.26223	1.54319	0.99721	-0.07432	-0.00640	0.07433	0.99723	0.00082	0.00632	-0.00130	0.99998	
5	0.02500	2.11300	-13.91644	1.13615	0.30808	-0.06869	-0.91078	0.23388	0.99987	0.01590	0.00120	-0.01590	0.99986	0.00538	-0.00111	-0.00540	0.99998		-0.30936	6.84086	0.69635	0.03873	0.36694	4.26132	1.54496	0.99722	-0.07430	-0.00640	0.07431	0.99723	0.00068	0.00634	-0.00115	0.99998	
6	0.03000	2.09932	-13.91800	1.14896	0.29884	-0.05677	-0.90965	0.24015	0.99987	0.01588	0.00099	-0.01588	0.99986	0.00522	-0.00091	-0.00523	0.99999		-0.31857	6.84440	0.66973	0.03069	0.36424	4.25993	1.52968	0.99722	-0.07428	-0.00636	0.07428	0.99724	0.00054	0.00630	-0.00101	0.99998	
7	0.03500	2.09767	-13.93157	1.15851	0.28937	-0.04783	-0.91102	0.23222	0.99987	0.01590	0.00083	-0.01590	0.99986	0.00505	-0.00075	-0.00506	0.99999		-0.32558	6.84962	0.64580	0.02497	0.35917	4.25580	1.52781	0.99722	-0.07421	-0.00627	0.07421	0.99724	0.00044	0.00622	-0.00090	0.99998	
8	0.04000	2.08875	-13.93203	1.16406	0.28031	-0.03418	-0.91429	0.22939	0.99987	0.01596	0.00060	-0.01596	0.99986	0.00489	-0.00052	-0.00490	0.99999		-0.33964	6.85493	0.60551	0.01520	0.35721	4.25007	1.51505	0.99723	-0.07411	-0.00623	0.07411	0.99725	0.00027	0.00620	-0.00073	0.99998	
9	0.04500	2.04691	-13.97667	1.17956	0.26357	-0.02370	-0.90982	0.23110	0.99987	0.01588	0.00041	-0.01588	0.99986	0.00460	-0.00034	-0.00461	0.99999		-0.32993	6.87514	0.58883	0.00946	0.35342	4.24982	1.50244	0.99723	-0.07410	-0.00617	0.07411	0.99725	0.00017	0.00614	-0.00062	0.99998	
10	0.05000	2.03596	-13.96881	1.18123	0.25506	-0.01354	-0.90419	0.24502	0.99988	0.01578	0.00024	-0.01578	0.99987	0.00445	-0.00017	-0.00445	0.99999		-0.29969	6.86518	0.55229	0.00060	0.34584	4.25005	1.50845	0.99723	-0.07411	-0.00604	0.07411	0.99725	0.00001	0.00602	-0.00046	0.99998	
11	0.05500	1.98133	-13.98407	1.18589	0.23976	-0.00255	-0.90421	0.24023	0.99988	0.01578	0.00004	-0.01578	0.99987	0.00418	0.00002	-0.00418	0.99999		-0.32975	6.88563	0.51335	-0.00584	0.33832	4.24633	1.48487	0.99724	-0.07404	-0.00590	0.07404	0.99725	-0.00010	0.00590	-0.00034	0.99998	
12	0.06000	1.93845	-13.98941	1.20595	0.23258	0.01289	-0.90256	0.22485	0.99988	0.01575	-0.00023	-0.01575	0.99987	0.00406	0.00029	-0.00406	0.99999		-0.31811	6.87263	0.49167	-0.01533	0.33378	4.24793	1.49055	0.99724	-0.07407	-0.00583	0.07407	0.99725	-0.00027	0.00583	-0.00016	0.99998	
13	0.06500	1.88799	-13.99975	1.19249	0.21995	0.02255	-0.89956	0.22202	0.99988	0.01570	-0.00039	-0.01570	0.99987	0.00384	0.00045	-0.00383	0.99999		-0.30639	6.89990	0.47782	-0.01967	0.32746	4.24174	1.45987	0.99724	-0.07396	-0.00572	0.07396	0.99726	-0.00034	0.00572	-0.00008	0.99998	
14	0.07000	1.87827	-14.01451	1.20295	0.20719	0.03240	-0.89885	0.23804	0.99988	0.01569	-0.00057	-0.01569	0.99987	0.00362	0.00062	-0.00361	0.99999		-0.29014	6.91225	0.45369	-0.02394	0.31754	4.24460	1.46445	0.99724	-0.07401	-0.00554	0.07401	0.99726	-0.00042	0.00556	0.00001	0.99998	
15	0.07500	1.84699	-14.02093	1.19408	0.19610	0.03882	-0.89677	0.22520	0.99988	0.01565	-0.00068	-0.01565	0.99987	0.00342	0.00073	-0.00341	0.99999		-0.30451	6.91192	0.42590	-0.03210	0.31041	4.24113	1.45098	0.99725	-0.07395	-0.00542	0.07395	0.99726	-0.00056	0.00544	0.00016	0.99999	
16	0.08000	1.80548	-14.04797	1.20212	0.18300	0.05093	-0.89899	0.23834	0.99988	0.01569	-0.00089	-0.01569	0.99987	0.00319	0.00094	-0.00318	0.99999		-0.33466	6.92382	0.39920	-0.03750	0.30431	4.23918	1.43348	0.99725	-0.07392	-0.00531	0.07392	0.99726	-0.00065	0.00534	0.00026	0.99999	
17	0.08500	1.76602	-14.05474	1.20094	0.17164	0.05807	-0.89928	0.22431	0.99988	0.01569	-0.00101	-0.01569	0.99987	0.00300	0.00106	-0.00298	1.00000		-0.29872	6.92696	0.38387	-0.04217	0.29369	4.23613	1.43434	0.99726	-0.07387	-0.00513	0.07386	0.99727	-0.00074	0.00517	0.00036	0.99999	
18	0.09000	1.74273	-14.04901	1.19912	0.16427	0.06474	-0.89608	0.22798	0.99988	0.01564	-0.00113	-0.01564	0.99987	0.00287	0.00117	-0.00285	1.00000		-0.31869	6.92936	0.36231	-0.04959	0.28442	4.23577	1.42883	0.99726	-0.07386	-0.00496	0.07386	0.99727	-0.00087	0.00501	0.00050	0.99999	
19	0.09500	1.71936	-14.08599	1.19237	0.14702	0.07153	-0.89105	0.22953	0.99988	0.01555	-0.00125	-0.01555	0.99988	0.00257	0.00129	-0.00255	1.00000		-0.29667	6.93226	0.33945	-0.05416	0.26732	4.22835	1.41898	0.99727	-0.07373	-0.00467	0.07373	0.99728	-0.00095	0.00472	0.00060	0.99999	
20	0.10000	1.67813	-14.10594	1.19506	0.13473	0.07776	-0.89433	0.23203	0.99988	0.01561	-0.00136	-0.01561	0.99988	0.00235	0.00139	-0.00233	1.00000		-0.25797	6.94163	0.30515	-0.05786	0.25524	4.23143	1.42876	0.99726	-0.07378	-0.00445	0.07378	0.99727	-0.00101	0.00452	0.00068	0.99999	
21	0.10500	1.64488	-14.11566	1.19296	0.12175	0.07949	-0.88774	0.23135	0.99988	0.01549	-0.00139	-0.01549	0.99988	0.00212	0.00142	-0.00210	1.00000		-0.25999	6.96059	0.29071	-0.06200	0.24434	4.22669	1.41252	0.99727	-0.07370	-0.00426	0.07370	0.99728	-0.00108	0.00433	0.00076	0.99999	
22	0.11000	1.61637	-14.12955	1.18718	0.10949	0.08377	-0.88013	0.23145	0.99988	0.01536	-0.00146	-0.01536	0.99988	0.00191	0.00149	-0.00189	1.00000		-0.23052	6.94842	0.26687	-0.06708	0.23456	4.23011	1.36218	0.99727	-0.07376	-0.00409	0.07376	0.99728	-0.00117	0.00417	0.00087	0.99999	
23	0.11500	1.58800	-14.14096	1.16939	0.09924	0.09173	-0.88253	0.23021	0.99988	0.01540	-0.00160	-0.01540	0.99988	0.00173	0.00163	-0.00171	1.00000		-0.16863	6.96049	0.25519	-0.06909	0.21467	4.22783	1.36166	0.99727	-0.07372	-0.00375	0.07372	0.99728	-0.00121	0.00383	0.00093	0.99999	
24	0.12000	1.52102	-14.28721	1.06437	0.05088	0.09618	-0.87487	0.19289	0.99988	0.01527	-0.00168	-0.01527	0.99988	0.00089	0.00169	-0.00086	1.00000		-0.04300	6.89155	0.27044	-0.08381	0.18624	4.22573	1.34063	0.99728	-0.07369	-0.00325	0.07368	0.99728	-0.00146	0.00335	0.00122	0.99999	
25	0.12500	1.52007	-14.30670	1.04832	0.03759	0.09322	-0.87268	0.19366	0.99988	0.01523	-0.00163	-0.01523	0.99988	0.00066	0.00164	-0.00063	1.00000		-0.01801	6.90075	0.26188	-0.08606	0.17057	4.22228	1.33952	0.99728	-0.07363	-0.00298	0.07362	0.99729	-0.00150	0.00308	0.00128	0.99999	
26	0.13000	1.47469	-14.30020	1.02966	0.03192	0.10176	-0.87467	0.20840	0.99988	0.01527	-0.00178	-0.01526	0.99988	0.00056	0.00178	-0.00053	1.00000		0.02186	6.90752	0.24516	-0.08795	0.15718	4.21763	1.32018	0.99729	-0.07354	-0.00274	0.07354	0.99729	-0.00153	0.00285	0.00133	1.00000	
27	0.13500	1.47500	-14.31374	1.02297	0.02035	0.10041	-0.86862	0.19282	0.99988	0.01516	-0.00175	-0.01516	0.99989	0.00036	0.00176	-0.00033	1.00000		0.01304	6.89958	0.22163	-0.09163	0.14693	4.21734	1.31894	0.99729	-0.07354	-0.00256	0.07354	0.99729	-0.00160	0.00268	0.00141	1.00000	
28	0.14000	1.44823	-14.32115	1.01300	0.01003	0.10306	-0.86822	0.18147	0.99988	0.01515	-0.00180	-0.01515	0.99989	0.00018	0.00180	-0.00015	1.00000		0.07787	6.91491	0.21698	-0.09113	0.13000	4.21854	1.31220	0.99729	-0.07356	-0.00227	0.07356	0.99729	-0.00159	0.00238	0.00142	1.00000	
29	0.14500	1.41667	-14.33415	1.00204	0.00000	0.10525	-0.86806	0.19280	0.99988	0.01515	-0.00184	-0.01515	0.99989	0.00000	0.00184	0.00003	1.00000		0.09253	6.91528	0.21169	-0.09205	0.11539	4.21396	1.29690	0.99729	-0.07348	-0.00201	0.07348	0.99730	-0.00161	0.00213	0.00145	1.00000	
30	0.15000	1.38875	-14.32741	0.99473	-0.00797	0.10695	-0.86681	0.18274	0.99988	0.01513	-0.00187	-0.01513	0.99989	-0.00014	0.00186	0.00017	1.00000		0.16793	6.93883	0.20847	-0.08786	0.09487	4.21407	1.30285	0.99730	-0.07348	-0.00166	0.07348	0.99730	-0.00153	0.00176	0.00141	1.00000	
31	0.15500	1.40337	-14.33381	0.98782	-0.01684	0.10354	-0.86337	0.18826	0.99988	0.01507	-0.00181	-0.01507	0.99989	-0.00029	0.00180	0.00032	1.00000		0.15278	6.93822	0.20967	-0.08915	0.08199	4.21023	1.29669	0.99730	-0.07342	-0.00143	0.07341	0.99730	-0.00156	0.00154	0.00145	1.00000	
32	0.16000	1.38977	-14.34469	0.97302	-0.02392	0.10615	-0.86418	0.18775	0.99988	0.01508	-0.00185	-0.01508	0.99989	-0.00042	0.00185	0.00045	1.00000		0.20995	6.93996	0.19668	-0.08726	0.06736	4.21121	1.29334	0.99730	-0.07343	-0.00118	0.07343	0.99730	-0.00152	0.00128	0.00143	1.00000	
33	0.16500	1.37218	-14.34737	0.95592	-0.03431	0.10560	-0.86074	0.17759	0.99989	0.01502	-0.00184	-0.01502	0.99989	-0.00060	0.00183	0.00063	1.00000		0.26770	6.95474	0.19177	-0.08342	0.04929	4.20981	1.28367	0.99730	-0.07341	-0.00086	0.07341	0.99730	-0.00146	0.00096	0.00139	1.00000	
34	0.17000	1.34381	-14.33081	0.93167	-0.03854	0.10590	-0.85926	0.19543	0.99989	0.01500	-0.00185	-0.01500	0.99989	-0.00067	0.00184	0.00070	1.00000		0.28621	6.95044	0.19185	-0.08400	0.03930	4.20861	1.27861	0.99730	-0.07339	-0.00069	0.07339	0.99730	-0.00147	0.00079	0.00141	1.00000	
35	0.17500	1.33441	-14.33175	0.93472	-0.04690	0.10590	-0.85819	0.18182	0.99989	0.01498	-0.00185	-0.01498	0.99989	-0.00082	0.00184	0.00085	1.00000		0.29375	6.94720	0.19588	-0.08143	0.02415	4.20673	1.29276	0.99731	-0.07336	-0.00042	0.07335	0.99730	-0.00142	0.00052	0.00139	1.00000	
36	0.18000	1.32960	-14.34130	0.90924	-0.05288	0.10380	-0.85898	0.18939	0.99989	0.01499	-0.00181	-0.01499	0.99989	-0.00092	0.00180	0.00095	1.00000		0.34228	6.93923	0.19026	-0.07845	0.00356	4.20491	1.28983	0.99731	-0.07332	-0.00006	0.07332	0.99731	-0.00137	0.00016	0.00136	1.00000	
37	0.18500	1.27320	-14.31733	0.90088	-0.05663	0.11219	-0.85838	0.16597	0.99989	0.01498	-0.00196	-0.01498	0.99989	-0.00099	0.00194	0.00102	1.00000		0.38012	6.94133	0.20532	-0.07466	-0.01333	4.20342	1.29168	0.99731	-0.07330	0.00023	0.07330	0.99731	-0.00130	-0.00014	0.00132	1.00000	
38	0.19000	1.30052	-14.32204	0.88225	-0.06152	0.10871	-0.85414	0.17300	0.99989	0.01491	-0.00190	-0.01491	0.99989	-0.00107	0.00188	0.00110	1.00000		0.46480	6.96492	0.20303	-0.06735	-0.03264	4.20273	1.27846	0.99731	-0.07329	0.00057	0.07329	0.99731	-0.00118	-0.00048	0.00121	1.00000	
39	0.19500	1.29336	-14.33865	0.85212	-0.07192	0.10159	-0.85597	0.18526	0.99989	0.01494	-0.00177	-0.01494	0.99989	-0.00126	0.00175	0.00128	1.00000		0.46540	6.95074	0.21118	-0.06590	-0.04517	4.20195	1.27866	0.99731	-0.07327	0.00079	0.07327	0.99731	-0.00115	-0.00070	0.00120	1.00000	
40	0.20000	1.26999	-14.32616	0.83189	-0.07270	0.10403	-0.85711	0.17395	0.99989	0.01496	-0.00182	-0.01496	0.99989	-0.00127	0.00180	0.00130	1.00000		0.54465	6.93981	0.21908	-0.06147	-0.06765	4.20048	1.28453	0.99731	-0.07325	0.00118	0.07325	0.99731	-0.00107	-0.00110	0.00116	1.00000	
41	0.20500	1.24134	-14.29273	0.80176	-0.07319	0.10736	-0.85987	0.16726	0.99989	0.01501	-0.00187	-0.01501	0.99989	-0.00128	0.00185	0.00131	1.00000		0.54056	6.94766	0.21732	-0.05976	-0.07908	4.19668	1.27088	0.99732	-0.07318	0.00138	0.07318	0.99732	-0.00104	-0.00130	0.00114	1.00000	
42	0.21000	1.24775	-14.30398	0.79508	-0.08158	0.10604	-0.85109	0.17218	0.99989	0.01485	-0.00185	-0.01486	0.99989	-0.00142	0.00183	0.00145	1.00000		0.58680	6.96069	0.22692	-0.04994	-0.09927	4.19709	1.26965	0.99732	-0.07319	0.00173	0.07319	0.99732	-0.00087	-0.00166	0.00100	1.00000	
43	0.21500	1.22689	-14.30232	0.76182	-0.08445	0.10126	-0.84817	0.18707	0.99989	0.01480	-0.00177	-0.01481	0.99989	-0.00147	0.00175	0.00150	1.00000		0.64319	6.96044	0.23883	-0.04377	-0.11416	4.19825	1.28574	0.99731	-0.07321	0.00199	0.07321	0.99732	-0.00076	-0.00193	0.00091	1.00000	
44	0.22000	1.22853	-14.29154	0.74482	-0.08766	0.09940	-0.84674	0.18551	0.99989	0.01478	-0.00173	-0.01478	0.99989	-0.00153	0.00171	0.00156	1.00000		0.63124	6.93284	0.23230	-0.04063	-0.13232	4.19196	1.30392	0.99732	-0.07310	0.00231	0.07310	0.99732	-0.00071	-0.00225	0.00088	1.00000	
45	0.22500	1.22116	-14.27547	0.73003	-0.08780	0.10554	-0.85035	0.18484	0.99989	0.01484	-0.00184	-0.01484	0.99989	-0.00153	0.00182	0.00156	1.00000		0.69296	6.92900	0.24623	-0.03391	-0.14994	4.19543	1.29847	0.99732	-0.07316	0.00262	0.07316	0.99732	-0.00059	-0.00257	0.00078	1.00000	
46	0.23000	1.19444	-14.27334	0.70916	-0.09126	0.10091	-0.84730	0.18357	0.99989	0.01479	-0.00176	-0.01479	0.99989	-0.00159	0.00174	0.00162	1.00000		0.71182	6.91050	0.27101	-0.03092	-0.16443	4.19269	1.28616	0.99732	-0.07311	0.00287	0.07311	0.99732	-0.00054	-0.00282	0.00075	1.00000	
47	0.23500	1.20495	-14.24524	0.68171	-0.08895	0.09922	-0.84857	0.18249	0.99989	0.01481	-0.00173	-0.01481	0.99989	-0.00155	0.00171	0.00158	1.00000		0.76519	6.92872	0.27819	-0.02039	-0.18241	4.19106	1.29715	0.99732	-0.07308	0.00318	0.07308	0.99733	-0.00036	-0.00315	0.00059	0.99999	
48	0.24000	1.24127	-14.25658	0.65922	-0.09754	0.09260	-0.84908	0.17384	0.99989	0.01482	-0.00162	-0.01482	0.99989	-0.00170	0.00159	0.00173	1.00000		0.76297	6.93065	0.30516	-0.01234	-0.19634	4.19090	1.30994	0.99732	-0.07308	0.00343	0.07308	0.99733	-0.00022	-0.00340	0.00047	0.99999	
49	0.24500	1.23175	-14.25683	0.63517	-0.09760	0.09155	-0.84547	0.17954	0.99989	0.01476	-0.00160	-0.01476	0.99989	-0.00170	0.00157	0.00173	1.00000		0.75822	6.91956	0.31863	-0.00710	-0.20700	4.18589	1.31462	0.99733	-0.07299	0.00361	0.07299	0.99733	-0.00012	-0.00359	0.00039	0.99999	
50	0.25000	1.18515	-14.22493	0.61121	-0.09509	0.09718	-0.84591	0.18526	0.99989	0.01476	-0.00170	-0.01477	0.99989	-0.00166	0.00167	0.00168	1.00000		0.81568	6.93138	0.33404	0.00396	-0.22718	4.19121	1.30030	0.99732	-0.07308	0.00397	0.07308	0.99733	0.00007	-0.00396	0.00022	0.99999	
51	0.25500	1.18134	-14.20447	0.59082	-0.09551	0.09469	-0.84031	0.18521	0.99989	0.01467	-0.00165	-0.01467	0.99989	-0.00167	0.00163	0.00169	1.00000		0.77705	6.90017	0.35933	0.00964	-0.23772	4.18924	1.30866	0.99732	-0.07305	0.00415	0.07305	0.99733	0.00017	-0.00415	0.00014	0.99999	
52	0.26000	1.18650	-14.19727	0.58394	-0.09280	0.09915	-0.84194	0.18443	0.99989	0.01469	-0.00173	-0.01470	0.99989	-0.00162	0.00171	0.00164	1.00000		0.83077	6.90396	0.37870	0.01926	-0.25602	4.18771	1.33288	0.99732	-0.07302	0.00447	0.07302	0.99733	0.00034	-0.00448	-0.00001	0.99999	
53	0.26500	1.19904	-14.17903	0.54243	-0.09082	0.09303	-0.84053	0.18440	0.99989	0.01467	-0.00162	-0.01467	0.99989	-0.00159	0.00160	0.00161	1.00000		0.83975	6.90322	0.41563	0.02653	-0.26993	4.19031	1.33119	0.99732	-0.07307	0.00471	0.07307	0.99733	0.00046	-0.00473	-0.00012	0.99999	
54	0.27000	1.17183	-14.15237	0.52596	-0.08766	0.09458	-0.83806	0.18176	0.99989	0.01463	-0.00165	-0.01463	0.99989	-0.00153	0.00163	0.00155	1.00000		0.84270	6.87694	0.42127	0.03197	-0.28387	4.18799	1.33140	0.99732	-0.07303	0.00495	0.07303	0.99733	0.00056	-0.00498	-0.00019	0.99999	
55	0.27500	1.19213	-14.14348	0.50023	-0.08872	0.09403	-0.83398	0.19401	0.99989	0.01456	-0.00164	-0.01456	0.99989	-0.00155	0.00162	0.00157	1.00000		0.86874	6.86877	0.43149	0.04108	-0.29789	4.18914	1.32327	0.99731	-0.07305	0.00520	0.07305	0.99733	0.00072	-0.00524	-0.00034	0.99999	
56	0.28000	1.19081	-14.13914	0.47778	-0.08624	0.09130	-0.83959	0.17997	0.99989	0.01465	-0.00159	-0.01466	0.99989	-0.00151	0.00157	0.00153	1.00000		0.85380	6.86871	0.47260	0.04886	-0.30967	4.19060	1.32012	0.99731	-0.07307	0.00540	0.07307	0.99733	0.00085	-0.00545	-0.00046	0.99999	
57	0.28500	1.20164	-14.09677	0.45153	-0.07904	0.08937	-0.83776	0.19824	0.99989	0.01462	-0.00156	-0.01462	0.99989	-0.00138	0.00154	0.00140	1.00000		0.90795	6.86627	0.49495	0.05779	-0.32470	4.19267	1.31791	0.99731	-0.07311	0.00567	0.07310	0.99732	0.00101	-0.00573	-0.00059	0.99998	
58	0.29000	1.20773	-14.07416	0.43114	-0.07562	0.09043	-0.83331	0.19642	0.99989	0.01454	-0.00158	-0.01455	0.99989	-0.00132	0.00156	0.00134	1.00000		0.93849	6.84483	0.53322	0.06404	-0.34110	4.19404	1.32415	0.99730	-0.07313	0.00595	0.07313	0.99732	0.00112	-0.00602	-0.00068	0.99998	
59	0.29500	1.23071	-14.06799	0.41346	-0.07310	0.08700	-0.83491	0.18958	0.99989	0.01457	-0.00152	-0.01457	0.99989	-0.00128	0.00150	0.00130	1.00000		0.91279	6.84098	0.55803	0.07153	-0.34962	4.19360	1.32260	0.99730	-0.07313	0.00610	0.07312	0.99732	0.00125	-0.00618	-0.00080	0.99998	
60	0.30000	1.23189	-14.04924	0.38549	-0.06961	0.08566	-0.83429	0.19463	0.99989	0.01456	-0.00150	-0.01456	0.99989	-0.00121	0.00148	0.00124	1.00000		0.92902	6.82849	0.57377	0.07836	-0.36174	4.19529	1.33267	0.99730	-0.07315	0.00631	0.07315	0.99732	0.00137	-0.00640	-0.00090	0.99998	
61	0.30500	1.23709	-14.03411	0.37852	-0.06563	0.08570	-0.83406	0.19844	0.99989	0.01456	-0.00150	-0.01456	0.99989	-0.00115	0.00148	0.00117	1.00000		0.96916	6.84725	0.61884	0.08948	-0.37605	4.19337	1.32958	0.99730	-0.07312	0.00656	0.07311	0.99732	0.00156	-0.00666	-0.00108	0.99998	
62	0.31000	1.24139	-14.02909	0.36449	-0.06394	0.08550	-0.83497	0.19402	0.99989	0.01457	-0.00149	-0.01457	0.99989	-0.00112	0.00148	0.00114	1.00000		0.92736	6.81340	0.63021	0.09283	-0.38395	4.19495	1.33012	0.99730	-0.07315	0.00670	0.07314	0.99732	0.00162	-0.00680	-0.00113	0.99998	
63	0.31500	1.30445	-14.01481	0.34476	-0.05789	0.07777	-0.83208	0.21231	0.99989	0.01452	-0.00136	-0.01452	0.99989	-0.00101	0.00134	0.00103	1.00000		0.95356	6.82802	0.66737	0.10091	-0.39386	4.19436	1.32952	0.99730	-0.07314	0.00687	0.07313	0.99732	0.00176	-0.00698	-0.00125	0.99997	
64	0.32000	1.27156	-13.97554	0.32643	-0.04924	0.08032	-0.83320	0.19528	0.99989	0.01454	-0.00140	-0.01454	0.99989	-0.00086	0.00139	0.00088	1.00000		0.93840	6.80113	0.69301	0.10431	-0.40236	4.19731	1.33326	0.99729	-0.07319	0.00702	0.07318	0.99732	0.00182	-0.00714	-0.00130	0.99997	
65	0.32500	1.30984	-13.95989	0.29437	-0.04624	0.07633	-0.82917	0.19931	0.99989	0.01447	-0.00133	-0.01447	0.99990	-0.00081	0.00132	0.00083	1.00000		0.93952	6.79326	0.72559	0.11066	-0.41038	4.19695	1.33257	0.99729	-0.07318	0.00716	0.07317	0.99732	0.00193	-0.00728	-0.00140	0.99997	
66	0.33000	1.28036	-13.92126	0.28154	-0.03326	0.08142	-0.83199	0.21816	0.99989	0.01452	-0.00142	-0.01452	0.99989	-0.00058	0.00141	0.00060	1.00000		0.95895	6.78898	0.77773	0.11743	-0.42270	4.19935	1.33757	0.99729	-0.07322	0.00738	0.07321	0.99731	0.00205	-0.00751	-0.00150	0.99997	
67	0.33500	1.31477	-13.92484	0.28141	-0.03409	0.07340	-0.83384	0.19635	0.99989	0.01455	-0.00128	-0.01455	0.99989	-0.00059	0.00127	0.00061	1.00000		0.92099	6.77901	0.80129	0.12149	-0.42737	4.19880	1.33271	0.99729	-0.07322	0.00746	0.07320	0.99731	0.00212	-0.00759	-0.00157	0.99997	
68	0.34000	1.32396	-13.89273	0.26367	-0.02500	0.07428	-0.83594	0.19836	0.99989	0.01459	-0.00130	-0.01459	0.99989	-0.00044	0.00129	0.00046	1.00000		0.97013	6.76449	0.84717	0.12579	-0.43969	4.19871	1.35451	0.99729	-0.07321	0.00767	0.07320	0.99731	0.00220	-0.00781	-0.00163	0.99997	
69	0.34500	1.36941	-13.88363	0.25003	-0.02076	0.06457	-0.83461	0.19986	0.99989	0.01457	-0.00113	-0.01457	0.99989	-0.00036	0.00112	0.00038	1.00000		0.96237	6.77404	0.87201	0.13232	-0.44549	4.20198	1.33102	0.99728	-0.07327	0.00778	0.07325	0.99731	0.00231	-0.00792	-0.00173	0.99997	
70	0.35000	1.36243	-13.86272	0.24679	-0.01352	0.06676	-0.83386	0.20932	0.99989	0.01455	-0.00117	-0.01455	0.99989	-0.00024	0.00116	0.00025	1.00000		0.99885	6.76185	0.90024	0.13589	-0.45407	4.19994	1.34610	0.99728	-0.07323	0.00793	0.07322	0.99731	0.00237	-0.00808	-0.00179	0.99997	
71	0.35500	1.41515	-13.83988	0.24221	-0.00524	0.06029	-0.83654	0.20132	0.99989	0.01460	-0.00105	-0.01460	0.99989	-0.00009	0.00105	0.00011	1.00000		0.94298	6.74466	0.94738	0.13713	-0.45546	4.20119	1.34987	0.99728	-0.07326	0.00795	0.07324	0.99731	0.00239	-0.00810	-0.00180	0.99997	
72	0.36000	1.42401	-13.82563	0.23694	-0.00045	0.05790	-0.83448	0.18834	0.99989	0.01456	-0.00101	-0.01456	0.99989	-0.00001	0.00101	0.00002	1.00000		0.93823	6.76637	0.98788	0.14344	-0.45615	4.20464	1.34538	0.99728	-0.07332	0.00796	0.07330	0.99731	0.00250	-0.00812	-0.00191	0.99997	
73	0.36500	1.41687	-13.81266	0.23686	0.00586	0.05647	-0.83744	0.19102	0.99989	0.01462	-0.00099	-0.01462	0.99989	0.00010	0.00099	-0.00009	1.00000		0.93268	6.74917	1.00908	0.14384	-0.46455	4.20014	1.35761	0.99728	-0.07324	0.00811	0.07322	0.99731	0.00251	-0.00827	-0.00191	0.99996	
74	0.37000	1.38452	-13.76142	0.21502	0.01850	0.05734	-0.83726	0.21546	0.99989	0.01461	-0.00100	-0.01461	0.99989	0.00032	0.00101	-0.00031	1.00000		0.90276	6.73898	1.04925	0.14421	-0.46488	4.20130	1.35770	0.99728	-0.07326	0.00811	0.07324	0.99731	0.00252	-0.00828	-0.00192	0.99996	
75	0.37500	1.46125	-13.77328	0.22268	0.01850	0.04196	-0.83500	0.22682	0.99989	0.01457	-0.00073	-0.01457	0.99989	0.00032	0.00074	-0.00031	1.00000		0.88506	6.72834	1.07747	0.14475	-0.46736	4.20274	1.34570	0.99728	-0.07328	0.00816	0.07327	0.99731	0.00253	-0.00832	-0.00192	0.99996	
76	0.38000	1.49621	-13.76211	0.22815	0.02518	0.03806	-0.83441	0.20675	0.99989	0.01456	-0.00066	-0.01456	0.99989	0.00044	0.00067	-0.00043	1.00000		0.93824	6.72785	1.10610	0.14617	-0.47112	4.20398	1.35574	0.99728	-0.07330	0.00822	0.07329	0.99731	0.00255	-0.00839	-0.00194	0.99996	
77	0.38500	1.47585	-13.70652	0.20358	0.04123	0.03950	-0.83881	0.22188	0.99989	0.01464	-0.00069	-0.01464	0.99989	0.00072	0.00070	-0.00071	1.00000		0.90365	6.71210	1.13795	0.14486	-0.46902	4.20557	1.34812	0.99727	-0.07333	0.00819	0.07331	0.99731	0.00253	-0.00835	-0.00192	0.99996	
78	0.39000	1.48406	-13.69864	0.20793	0.04594	0.03195	-0.83456	0.22957	0.99989	0.01457	-0.00056	-0.01456	0.99989	0.00080	0.00057	-0.00079	1.00000		0.87020	6.71565	1.15653	0.14502	-0.46668	4.20559	1.35308	0.99727	-0.07333	0.00814	0.07331	0.99731	0.00253	-0.00831	-0.00193	0.99996	
79	0.39500	1.54088	-13.71384	0.22242	0.04612	0.01731	-0.83648	0.21333	0.99989	0.01460	-0.00030	-0.01460	0.99989	0.00080	0.00031	-0.00080	1.00000		0.85046	6.69598	1.19011	0.14074	-0.46534	4.20543	1.33430	0.99727	-0.07333	0.00812	0.07331	0.99731	0.00246	-0.00828	-0.00185	0.99996	
80	0.40000	1.52673	-13.68581	0.22024	0.05395	0.01433	-0.83853	0.22097	0.99989	0.01463	-0.00025	-0.01463	0.99989	0.00094	0.00026	-0.00094	1.00000		0.84060	6.68882	1.21932	0.13938	-0.46377	4.20541	1.33429	0.99727	-0.07333	0.00809	0.07331	0.99731	0.00243	-0.00825	-0.00183	0.99996	
81	0.40500	1.54091	-13.65472	0.20830	0.06541	0.00621	-0.84102	0.22201	0.99989	0.01468	-0.00011	-0.01468	0.99989	0.00114	0.00013	-0.00114	1.00000		0.82374	6.69063	1.24079	0.13871	-0.45910	4.20567	1.33867	0.99728	-0.07333	0.00801	0.07332	0.99731	0.00242	-0.00817	-0.00183	0.99996	
82	0.41000	1.54929	-13.63966	0.22018	0.07404	0.00101	-0.84294	0.22795	0.99989	0.01471	-0.00002	-0.01471	0.99989	0.00129	0.00004	-0.00129	1.00000		0.79156	6.69965	1.26737	0.13641	-0.45463	4.20883	1.33361	0.99727	-0.07339	0.00793	0.07337	0.99730	0.00238	-0.00809	-0.00179	0.99997	
83	0.41500	1.58227	-13.60929	0.21862	0.08067	-0.00645	-0.84306	0.22101	0.99989	0.01471	0.00011	-0.01471	0.99989	0.00141	-0.00009	-0.00141	1.00000		0.76560	6.69120	1.26903	0.13046	-0.44517	4.20616	1.33472	0.99728	-0.07334	0.00777	0.07333	0.99731	0.00228	-0.00792	-0.00170	0.99997	
84	0.42000	1.55835	-13.60753	0.24017	0.08718	-0.01529	-0.84445	0.22456	0.99989	0.01474	0.00027	-0.01474	0.99989	0.00152	-0.00024	-0.00153	1.00000		0.73329	6.68738	1.31104	0.12783	-0.43961	4.20598	1.33288	0.99728	-0.07334	0.00767	0.07332	0.99731	0.00223	-0.00782	-0.00166	0.99997	
85	0.42500	1.60104	-13.58943	0.24364	0.09530	-0.02686	-0.84940	0.21198	0.99989	0.01482	0.00047	-0.01482	0.99989	0.00166	-0.00044	-0.00167	1.00000		0.73373	6.71370	1.33378	0.12550	-0.43339	4.20779	1.33237	0.99728	-0.07337	0.00756	0.07336	0.99730	0.00219	-0.00770	-0.00163	0.99997	
86	0.43000	1.62610	-13.58153	0.25935	0.09842	-0.04133	-0.84595	0.22682	0.99989	0.01476	0.00072	-0.01477	0.99989	0.00172	-0.00070	-0.00173	1.00000		0.68897	6.70649	1.34855	0.11964	-0.42384	4.20563	1.35502	0.99728	-0.07333	0.00740	0.07332	0.99731	0.00209	-0.00753	-0.00154	0.99997	
87	0.43500	1.62695	-13.55729	0.27504	0.10636	-0.04930	-0.84606	0.22871	0.99989	0.01477	0.00086	-0.01477	0.99989	0.00186	-0.00083	-0.00187	1.00000		0.65930	6.69667	1.38206	0.11489	-0.41180	4.20896	1.34128	0.99728	-0.07339	0.00719	0.07338	0.99730	0.00201	-0.00731	-0.00147	0.99997	
88	0.44000	1.63965	-13.53004	0.28726	0.11636	-0.05860	-0.85016	0.23618	0.99989	0.01484	0.00102	-0.01484	0.99989	0.00203	-0.00099	-0.00205	1.00000		0.65841	6.67909	1.38783	0.10599	-0.40306	4.20470	1.34957	0.99728	-0.07332	0.00703	0.07331	0.99731	0.00185	-0.00715	-0.00133	0.99997	
89	0.44500	1.65382	-13.52797	0.30991	0.12049	-0.07196	-0.85244	0.21602	0.99989	0.01488	0.00126	-0.01488	0.99989	0.00210	-0.00122	-0.00212	1.00000		0.63400	6.71137	1.40702	0.10440	-0.39257	4.20691	1.34850	0.99728	-0.07336	0.00685	0.07335	0.99730	0.00182	-0.00697	-0.00131	0.99997	
90	0.45000	1.68238	-13.50334	0.31651	0.12657	-0.08367	-0.84632	0.21807	0.99989	0.01477	0.00146	-0.01477	0.99989	0.00221	-0.00143	-0.00223	1.00000		0.58447	6.68712	1.41522	0.09377	-0.37708	4.20878	1.32078	0.99728	-0.07339	0.00658	0.07338	0.99730	0.00164	-0.00668	-0.00115	0.99998	
91	0.45500	1.66537	-13.48537	0.33737	0.13520	-0.09410	-0.85251	0.22124	0.99989	0.01488	0.00164	-0.01488	0.99989	0.00236	-0.00161	-0.00238	1.00000		0.58108	6.69480	1.43970	0.08853	-0.36902	4.20648	1.33976	0.99729	-0.07335	0.00644	0.07334	0.99731	0.00155	-0.00654	-0.00107	0.99998	
92	0.46000	1.71426	-13.47369	0.35571	0.14195	-0.11238	-0.84834	0.21421	0.99989	0.01481	0.00196	-0.01481	0.99989	0.00248	-0.00192	-0.00251	0.99999		0.53919	6.70989	1.45743	0.08214	-0.35238	4.20772	1.32769	0.99729	-0.07337	0.00615	0.07336	0.99730	0.00143	-0.00624	-0.00098	0.99998	
93	0.46500	1.70762	-13.45696	0.36394	0.14800	-0.12547	-0.85608	0.21189	0.99989	0.01494	0.00219	-0.01495	0.99988	0.00258	-0.00215	-0.00262	0.99999		0.50176	6.70153	1.46182	0.07500	-0.33706	4.20906	1.33860	0.99729	-0.07339	0.00588	0.07339	0.99730	0.00131	-0.00596	-0.00087	0.99998	
94	0.47000	1.72375	-13.45311	0.40289	0.15052	-0.13645	-0.84972	0.21674	0.99989	0.01483	0.00238	-0.01484	0.99989	0.00263	-0.00234	-0.00266	0.99999		0.45929	6.70661	1.48729	0.06689	-0.32047	4.21015	1.32715	0.99729	-0.07341	0.00559	0.07341	0.99730	0.00117	-0.00566	-0.00075	0.99998	
95	0.47500	1.75542	-13.44330	0.41940	0.15725	-0.15288	-0.85423	0.21559	0.99989	0.01491	0.00267	-0.01492	0.99989	0.00274	-0.00263	-0.00278	0.99999		0.42253	6.71876	1.48275	0.05973	-0.30489	4.20799	1.33649	0.99729	-0.07338	0.00532	0.07337	0.99730	0.00104	-0.00538	-0.00065	0.99999	
96	0.48000	1.75749	-13.44422	0.43954	0.16028	-0.16366	-0.85349	0.20786	0.99988	0.01490	0.00286	-0.01490	0.99989	0.00280	-0.00281	-0.00284	0.99999		0.40424	6.69399	1.49636	0.04860	-0.28595	4.21048	1.32919	0.99729	-0.07342	0.00499	0.07342	0.99730	0.00085	-0.00504	-0.00048	0.99999	
97	0.48500	1.78660	-13.43173	0.46551	0.16637	-0.17701	-0.85600	0.20150	0.99988	0.01494	0.00309	-0.01495	0.99988	0.00290	-0.00305	-0.00295	0.99999		0.34243	6.68841	1.49071	0.03825	-0.26297	4.20930	1.33661	0.99729	-0.07340	0.00459	0.07340	0.99730	0.00067	-0.00463	-0.00033	0.99999	
98	0.49000	1.75453	-13.42453	0.47719	0.17185	-0.19192	-0.85591	0.21594	0.99988	0.01494	0.00335	-0.01495	0.99988	0.00300	-0.00330	-0.00305	0.99999		0.29378	6.71247	1.50918	0.03222	-0.24345	4.20818	1.33060	0.99729	-0.07338	0.00425	0.07338	0.99730	0.00056	-0.00428	-0.00025	0.99999	
99	0.49500	1.79008	-13.41797	0.51389	0.17478	-0.20963	-0.85707	0.22113	0.99988	0.01496	0.00366	-0.01497	0.99988	0.00305	-0.00361	-0.00310	0.99999		0.25102	6.70916	1.51455	0.02054	-0.22144	4.21050	1.33481	0.99729	-0.07342	0.00386	0.07342	0.99730	0.00036	-0.00388	-0.00007	0.99999	
100	0.50000	1.79646	-13.41112	0.54278	0.18146	-0.21569	-0.86308	0.20067	0.99988	0.01506	0.00376	-0.01507	0.99988	0.00317	-0.00372	-0.00322	0.99999		0.23855	6.70647	1.50898	0.01221	-0.20162	4.21134	1.33221	0.99729	-0.07344	0.00352	0.07343	0.99730	0.00021	-0.00353	0.00005	0.99999	
101	0.50500	1.74858	-13.41659	0.57352	0.18152	-0.22821	-0.86499	0.19932	0.99988	0.01510	0.00398	-0.01511	0.99988	0.00317	-0.00393	-0.00323	0.99999		0.19111	6.69758	1.51336	0.00163	-0.18098	4.21203	1.31631	0.99729	-0.07345	0.00316	0.07345	0.99730	0.00003	-0.00315	0.00020	1.00000	
102	0.51000	1.76920	-13.39271	0.60014	0.18755	-0.23968	-0.86529	0.20535	0.99988	0.01510	0.00418	-0.01512	0.99988	0.00327	-0.00413	-0.00334	0.99999		0.14282	6.70602	1.52802	-0.00705	-0.16172	4.20999	1.33031	0.99730	-0.07341	0.00282	0.07341	0.99730	-0.00012	-0.00281	0.00033	1.00000	
103	0.51500	1.76778	-13.40840	0.62518	0.18931	-0.25407	-0.86319	0.21961	0.99988	0.01506	0.00443	-0.01508	0.99988	0.00330	-0.00438	-0.00337	0.99998		0.07870	6.71367	1.50744	-0.01559	-0.13617	4.21279	1.31922	0.99730	-0.07346	0.00238	0.07346	0.99730	-0.00027	-0.00235	0.00045	1.00000	
104	0.52000	1.78254	-13.40976	0.65027	0.19276	-0.26684	-0.86310	0.20927	0.99988	0.01506	0.00466	-0.01508	0.99988	0.00336	-0.00461	-0.00343	0.99998		0.07172	6.69869	1.52304	-0.02671	-0.11228	4.21385	1.31587	0.99729	-0.07348	0.00196	0.07348	0.99730	-0.00047	-0.00192	0.00061	1.00000	
105	0.52500	1.78663	-13.39818	0.69626	0.19646	-0.28322	-0.86687	0.22791	0.99987	0.01513	0.00494	-0.01515	0.99988	0.00343	-0.00489	-0.00350	0.99998		0.01417	6.70541	1.51254	-0.03383	-0.08820	4.21601	1.30474	0.99729	-0.07352	0.00154	0.07352	0.99729	-0.00059	-0.00149	0.00070	1.00000	
106	0.53000	1.79154	-13.41758	0.72794	0.19815	-0.29486	-0.87010	0.22018	0.99987	0.01519	0.00515	-0.01520	0.99988	0.00346	-0.00509	-0.00354	0.99998		0.00276	6.71356	1.51095	-0.04033	-0.06840	4.21703	1.30261	0.99729	-0.07353	0.00119	0.07354	0.99729	-0.00070	-0.00114	0.00079	1.00000	
107	0.53500	1.81092	-13.42358	0.74697	0.19908	-0.31172	-0.87101	0.22640	0.99987	0.01520	0.00544	-0.01522	0.99988	0.00347	-0.00539	-0.00356	0.99998		-0.02542	6.73186	1.51704	-0.04639	-0.04729	4.21544	1.31151	0.99729	-0.07351	0.00083	0.07351	0.99729	-0.00081	-0.00076	0.00087	1.00000	
108	0.54000	1.80364	-13.41425	0.78587	0.20387	-0.32130	-0.86981	0.22211	0.99987	0.01518	0.00561	-0.01520	0.99988	0.00356	-0.00555	-0.00364	0.99998		-0.05622	6.72650	1.51681	-0.05431	-0.02606	4.21904	1.30357	0.99729	-0.07357	0.00045	0.07357	0.99729	-0.00095	-0.00038	0.00098	1.00000	
109	0.54500	1.78624	-13.42733	0.82185	0.20634	-0.33281	-0.87113	0.22099	0.99987	0.01520	0.00581	-0.01522	0.99988	0.00360	-0.00575	-0.00369	0.99998		-0.13038	6.73480	1.52265	-0.06195	0.00613	4.22351	1.29173	0.99728	-0.07365	-0.00011	0.07365	0.99728	-0.00108	0.00019	0.00107	1.00000	
110	0.55000	1.79578	-13.42336	0.87228	0.20952	-0.34334	-0.87278	0.21209	0.99987	0.01523	0.00599	-0.01525	0.99988	0.00366	-0.00594	-0.00375	0.99998		-0.19327	6.74475	1.50946	-0.06923	0.03427	4.22011	1.29648	0.99729	-0.07359	-0.00060	0.07359	0.99729	-0.00121	0.00069	0.00116	1.00000	
111	0.55500	1.81425	-13.43949	0.89134	0.21208	-0.35780	-0.87615	0.22974	0.99986	0.01529	0.00624	-0.01531	0.99988	0.00370	-0.00619	-0.00380	0.99997		-0.23995	6.74098	1.51733	-0.07649	0.05635	4.22235	1.30006	0.99729	-0.07363	-0.00098	0.07363	0.99729	-0.00133	0.00108	0.00126	1.00000	
112	0.56000	1.82485	-13.47056	0.93843	0.20899	-0.37283	-0.87364	0.19925	0.99986	0.01525	0.00651	-0.01527	0.99988	0.00365	-0.00645	-0.00375	0.99997		-0.29878	6.74099	1.51097	-0.08201	0.08024	4.22159	1.30838	0.99729	-0.07361	-0.00140	0.07361	0.99729	-0.00143	0.00150	0.00132	1.00000	
113	0.56500	1.80170	-13.46034	0.94780	0.21726	-0.37893	-0.87837	0.21761	0.99986	0.01533	0.00661	-0.01535	0.99987	0.00379	-0.00655	-0.00389	0.99997		-0.35406	6.72816	1.50538	-0.08960	0.10551	4.22842	1.30062	0.99728	-0.07373	-0.00184	0.07373	0.99728	-0.00156	0.00195	0.00142	1.00000	
114	0.57000	1.79081	-13.49088	1.01833	0.21223	-0.38519	-0.87731	0.21183	0.99986	0.01531	0.00672	-0.01534	0.99988	0.00370	-0.00667	-0.00381	0.99997		-0.37260	6.75411	1.47732	-0.09457	0.12814	4.22358	1.30836	0.99728	-0.07365	-0.00224	0.07364	0.99728	-0.00165	0.00235	0.00148	1.00000	
115	0.57500	1.80454	-13.50473	1.06194	0.21525	-0.39738	-0.87608	0.21334	0.99986	0.01529	0.00694	-0.01532	0.99988	0.00376	-0.00688	-0.00386	0.99997		-0.39726	6.75372	1.47278	-0.10001	0.14964	4.22089	1.34101	0.99728	-0.07360	-0.00261	0.07360	0.99729	-0.00175	0.00273	0.00155	1.00000	
116	0.58000	1.81251	-13.52083	1.08802	0.21558	-0.40409	-0.87576	0.19942	0.99986	0.01528	0.00705	-0.01531	0.99988	0.00376	-0.00699	-0.00387	0.99997		-0.40121	6.74463	1.44962	-0.10506	0.16947	4.22602	1.32335	0.99728	-0.07369	-0.00296	0.07369	0.99728	-0.00183	0.00308	0.00161	0.99999	
117	0.58500	1.81202	-13.52173	1.10584	0.22250	-0.41296	-0.88029	0.20811	0.99986	0.01536	0.00721	-0.01539	0.99987	0.00388	-0.00715	-0.00399	0.99997		-0.46181	6.73807	1.44197	-0.11226	0.19852	4.22740	1.29727	0.99727	-0.07371	-0.00346	0.07371	0.99728	-0.00196	0.00360	0.00170	0.99999	
118	0.59000	1.79823	-13.54735	1.12408	0.22142	-0.41805	-0.88043	0.21525	0.99986	0.01537	0.00730	-0.01539	0.99987	0.00386	-0.00724	-0.00398	0.99997		-0.45609	6.74817	1.42832	-0.11257	0.21687	4.23099	1.31677	0.99727	-0.07378	-0.00379	0.07377	0.99727	-0.00196	0.00392	0.00168	0.99999	
119	0.59500	1.80011	-13.56162	1.16145	0.22405	-0.42165	-0.88560	0.20028	0.99985	0.01546	0.00736	-0.01548	0.99987	0.00391	-0.00730	-0.00402	0.99997		-0.53652	6.73434	1.41623	-0.11938	0.24044	4.22760	1.33519	0.99727	-0.07372	-0.00420	0.07371	0.99728	-0.00208	0.00434	0.00177	0.99999	
120	0.60000	1.74615	-13.58808	1.20050	0.22389	-0.41898	-0.88192	0.20003	0.99985	0.01539	0.00731	-0.01542	0.99987	0.00391	-0.00725	-0.00402	0.99997		-0.59228	6.74815	1.38969	-0.11975	0.26556	4.23193	1.32967	0.99726	-0.07379	-0.00463	0.07378	0.99727	-0.00209	0.00478	0.00174	0.99999	
121	0.60500	1.75875	-13.60684	1.20784	0.22636	-0.42600	-0.88177	0.17943	0.99985	0.01539	0.00744	-0.01542	0.99987	0.00395	-0.00737	-0.00406	0.99996		-0.60410	6.73350	1.37653	-0.12233	0.28084	4.23318	1.31784	0.99726	-0.07381	-0.00490	0.07381	0.99727	-0.00214	0.00505	0.00177	0.99999	
122	0.61000	1.73586	-13.62098	1.24118	0.22706	-0.42719	-0.88488	0.19157	0.99985	0.01544	0.00746	-0.01547	0.99987	0.00396	-0.00739	-0.00408	0.99996		-0.61379	6.73996	1.35944	-0.12284	0.29991	4.23532	1.34896	0.99726	-0.07385	-0.00523	0.07384	0.99727	-0.00214	0.00538	0.00175	0.99998	
123	0.61500	1.74879	-13.64881	1.26204	0.22788	-0.43047	-0.88758	0.20035	0.99985	0.01549	0.00751	-0.01552	0.99987	0.00398	-0.00745	-0.00409	0.99996		-0.62824	6.76014	1.33473	-0.12299	0.32174	4.24115	1.31804	0.99725	-0.07395	-0.00562	0.07394	0.99726	-0.00215	0.00576	0.00173	0.99998	
124	0.62000	1.70544	-13.67566	1.28980	0.22825	-0.42536	-0.88581	0.20025	0.99985	0.01546	0.00742	-0.01549	0.99987	0.00398	-0.00736	-0.00410	0.99996		-0.70527	6.74262	1.31611	-0.12686	0.34118	4.24162	1.32616	0.99724	-0.07396	-0.00595	0.07395	0.99726	-0.00221	0.00610	0.00177	0.99998	
125	0.62500	1.68061	-13.71298	1.32021	0.22684	-0.42351	-0.88469	0.18795	0.99985	0.01544	0.00739	-0.01547	0.99987	0.00396	-0.00733	-0.00407	0.99996		-0.72300	6.74904	1.28479	-0.12546	0.36132	4.24789	1.30792	0.99723	-0.07407	-0.00631	0.07406	0.99725	-0.00219	0.00645	0.00172	0.99998	
126	0.63000	1.68754	-13.71764	1.31782	0.23052	-0.42037	-0.88398	0.19303	0.99985	0.01543	0.00734	-0.01546	0.99987	0.00402	-0.00727	-0.00414	0.99996		-0.70383	6.76172	1.27134	-0.12380	0.37682	4.25004	1.27646	0.99723	-0.07411	-0.00658	0.07409	0.99725	-0.00216	0.00672	0.00167	0.99998	
127	0.63500	1.67830	-13.73645	1.33669	0.23420	-0.41849	-0.89143	0.19498	0.99985	0.01556	0.00730	-0.01559	0.99987	0.00409	-0.00724	-0.00420	0.99997		-0.74365	6.75575	1.24656	-0.12276	0.39177	4.25259	1.28865	0.99722	-0.07415	-0.00684	0.07414	0.99725	-0.00214	0.00698	0.00163	0.99997	
128	0.64000	1.65598	-13.75727	1.35696	0.23159	-0.41692	-0.88678	0.20612	0.99985	0.01548	0.00728	-0.01551	0.99987	0.00404	-0.00721	-0.00415	0.99997		-0.73883	6.80081	1.20758	-0.11775	0.40895	4.25784	1.27395	0.99721	-0.07424	-0.00714	0.07423	0.99724	-0.00206	0.00727	0.00152	0.99997	
129	0.64500	1.61348	-13.78605	1.37641	0.23741	-0.40415	-0.89475	0.19436	0.99985	0.01562	0.00705	-0.01564	0.99987	0.00414	-0.00699	-0.00425	0.99997		-0.80164	6.78796	1.17574	-0.11626	0.42766	4.26430	1.26597	0.99720	-0.07436	-0.00746	0.07434	0.99723	-0.00203	0.00759	0.00147	0.99997	
130	0.65000	1.62887	-13.81044	1.38251	0.23516	-0.40413	-0.88884	0.20226	0.99985	0.01551	0.00705	-0.01554	0.99987	0.00410	-0.00699	-0.00421	0.99997		-0.84408	6.79187	1.16611	-0.11279	0.43944	4.26069	1.31028	0.99721	-0.07429	-0.00767	0.07428	0.99724	-0.00197	0.00779	0.00139	0.99997	
131	0.65500	1.61187	-13.84190	1.39988	0.23533	-0.39244	-0.89214	0.19289	0.99986	0.01557	0.00685	-0.01560	0.99987	0.00411	-0.00678	-0.00421	0.99997		-0.82274	6.76856	1.12771	-0.11080	0.45042	4.26414	1.32046	0.99720	-0.07435	-0.00786	0.07434	0.99723	-0.00193	0.00798	0.00134	0.99997	
132	0.66000	1.56565	-13.85911	1.39348	0.23850	-0.38275	-0.89470	0.20317	0.99986	0.01561	0.00668	-0.01564	0.99987	0.00416	-0.00661	-0.00427	0.99997		-0.86124	6.77441	1.10594	-0.10833	0.46341	4.26827	1.28012	0.99719	-0.07442	-0.00809	0.07441	0.99723	-0.00189	0.00821	0.00128	0.99997	
133	0.66500	1.57452	-13.89361	1.40486	0.23839	-0.37485	-0.89382	0.20784	0.99986	0.01560	0.00654	-0.01563	0.99987	0.00416	-0.00648	-0.00426	0.99997		-0.86818	6.78744	1.08440	-0.10220	0.46959	4.27022	1.29596	0.99719	-0.07446	-0.00820	0.07445	0.99722	-0.00178	0.00831	0.00117	0.99996	
134	0.67000	1.55554	-13.90549	1.40825	0.24039	-0.36753	-0.89775	0.20768	0.99986	0.01567	0.00641	-0.01569	0.99987	0.00420	-0.00635	-0.00430	0.99997		-0.89241	6.77657	1.05866	-0.09640	0.47401	4.26596	1.31569	0.99720	-0.07438	-0.00827	0.07437	0.99723	-0.00168	0.00838	0.00106	0.99996	
135	0.67500	1.51900	-13.93864	1.40449	0.24154	-0.35539	-0.89409	0.19563	0.99986	0.01560	0.00620	-0.01563	0.99987	0.00422	-0.00614	-0.00431	0.99997		-0.87448	6.78416	1.02543	-0.09143	0.48450	4.27074	1.30553	0.99719	-0.07447	-0.00846	0.07446	0.99722	-0.00160	0.00855	0.00096	0.99996	
136	0.68000	1.51828	-13.96157	1.39826	0.24178	-0.34181	-0.89535	0.20590	0.99986	0.01563	0.00597	-0.01565	0.99987	0.00422	-0.00590	-0.00431	0.99997		-0.91128	6.78878	1.00470	-0.08542	0.48978	4.26634	1.32599	0.99719	-0.07439	-0.00855	0.07438	0.99723	-0.00149	0.00864	0.00085	0.99996	
137	0.68500	1.47704	-13.98335	1.40254	0.24115	-0.32947	-0.89605	0.20568	0.99986	0.01564	0.00575	-0.01566	0.99987	0.00421	-0.00568	-0.00430	0.99997		-0.93471	6.78596	0.97702	-0.07982	0.49321	4.26812	1.34558	0.99719	-0.07442	-0.00861	0.07441	0.99723	-0.00139	0.00869	0.00075	0.99996	
138	0.69000	1.49292	-14.00734	1.39619	0.24310	-0.32046	-0.89865	0.20685	0.99986	0.01568	0.00559	-0.01571	0.99987	0.00424	-0.00553	-0.00433	0.99998		-0.93228	6.77989	0.94802	-0.07371	0.49380	4.27018	1.34836	0.99719	-0.07446	-0.00862	0.07445	0.99722	-0.00129	0.00869	0.00064	0.99996	
139	0.69500	1.43782	-14.04293	1.38369	0.24068	-0.30288	-0.89978	0.20863	0.99986	0.01570	0.00529	-0.01573	0.99987	0.00420	-0.00522	-0.00428	0.99998		-0.93568	6.80996	0.94049	-0.06295	0.49603	4.27350	1.35719	0.99718	-0.07451	-0.00866	0.07451	0.99722	-0.00110	0.00872	0.00045	0.99996	
140	0.70000	1.42963	-14.09660	1.38282	0.23663	-0.28565	-0.89647	0.19203	0.99987	0.01565	0.00499	-0.01567	0.99987	0.00413	-0.00492	-0.00421	0.99998		-0.95715	6.77772	0.90422	-0.05837	0.49452	4.26852	1.39830	0.99719	-0.07443	-0.00863	0.07442	0.99723	-0.00102	0.00868	0.00037	0.99996	
