NO_OF_FRAMES	12046
NO_OF_CAMERAS	8
NO_OF_BODIES	2
FREQUENCY	200
NO_OF_ANALOG	0
ANALOG_FREQUENCY	0
DESCRIPTION	--
TIME_STAMP	2013-07-04, 18:26:24	121599.25329536
DATA_INCLUDED	6D
BODY_NAMES	Ice 2 V2	Ice 3
Frame	Time	Ice 2 V2 X	Y	Z	Roll	Pitch	Yaw	Residual	Rot[0]	Rot[1]	Rot[2]	Rot[3]	Rot[4]	Rot[5]	Rot[6]	Rot[7]	Rot[8]	Ice 3 X	Y	Z	Roll	Pitch	Yaw	Residual	Rot[0]	Rot[1]	Rot[2]	Rot[3]	Rot[4]	Rot[5]	Rot[6]	Rot[7]	Rot[8]	
1	0.00500	0.65681	0.43062	0.75170	0.06535	-0.00576	-0.45952	1.74192	0.99997	0.00802	0.00010	-0.00802	0.99997	0.00114	-0.00009	-0.00114	1.00000		0.08991	4.58230	0.54523	0.08092	-0.09204	4.20194	0.19062	0.99731	-0.07327	0.00161	0.07327	0.99731	0.00141	-0.00171	-0.00129	1.00000	
2	0.01000	0.63028	0.39559	0.75307	0.06876	-0.00812	-0.47355	1.67169	0.99997	0.00826	0.00014	-0.00827	0.99997	0.00120	-0.00013	-0.00120	1.00000		0.04153	4.54864	0.54988	0.07614	-0.08473	4.20134	0.18797	0.99731	-0.07326	0.00148	0.07326	0.99731	0.00133	-0.00157	-0.00122	1.00000	
3	0.01500	0.65450	0.38085	0.74277	0.06822	-0.01662	-0.47265	1.69170	0.99997	0.00825	0.00029	-0.00825	0.99997	0.00119	-0.00028	-0.00119	1.00000		0.04789	4.55212	0.55807	0.07546	-0.08539	4.20290	0.18001	0.99731	-0.07329	0.00149	0.07329	0.99731	0.00132	-0.00158	-0.00120	1.00000	
4	0.02000	0.65093	0.40037	0.75595	0.07253	-0.01563	-0.47232	1.65934	0.99997	0.00824	0.00027	-0.00824	0.99997	0.00127	-0.00026	-0.00127	1.00000		0.07042	4.56023	0.55811	0.07541	-0.08559	4.20176	0.17584	0.99731	-0.07327	0.00149	0.07327	0.99731	0.00132	-0.00159	-0.00120	1.00000	
5	0.02500	0.60743	0.41610	0.74903	0.07789	-0.01120	-0.47243	1.67463	0.99997	0.00825	0.00020	-0.00825	0.99997	0.00136	-0.00018	-0.00136	1.00000		0.03651	4.56211	0.55307	0.07476	-0.08469	4.20317	0.18519	0.99731	-0.07329	0.00148	0.07329	0.99731	0.00130	-0.00157	-0.00119	1.00000	
6	0.03000	0.64540	0.41848	0.74703	0.08088	-0.01534	-0.47345	1.68992	0.99997	0.00826	0.00027	-0.00826	0.99996	0.00141	-0.00026	-0.00141	1.00000		0.05623	4.55584	0.55241	0.07370	-0.08494	4.20134	0.16181	0.99731	-0.07326	0.00148	0.07326	0.99731	0.00129	-0.00157	-0.00117	1.00000	
7	0.03500	0.62729	0.40892	0.75005	0.08470	-0.01709	-0.47375	1.67036	0.99997	0.00827	0.00030	-0.00827	0.99996	0.00148	-0.00029	-0.00148	1.00000		0.02307	4.56088	0.54945	0.07383	-0.08065	4.20554	0.17250	0.99731	-0.07333	0.00141	0.07333	0.99731	0.00129	-0.00150	-0.00118	1.00000	
8	0.04000	0.62865	0.43732	0.76288	0.09194	-0.01626	-0.47574	1.67127	0.99997	0.00830	0.00028	-0.00830	0.99996	0.00160	-0.00027	-0.00161	1.00000		0.04386	4.56691	0.56316	0.07193	-0.08377	4.20433	0.16247	0.99731	-0.07331	0.00146	0.07331	0.99731	0.00126	-0.00155	-0.00114	1.00000	
9	0.04500	0.65958	0.42169	0.75454	0.09389	-0.02162	-0.47665	1.65593	0.99997	0.00832	0.00038	-0.00832	0.99996	0.00164	-0.00036	-0.00164	1.00000		0.03065	4.56567	0.57211	0.07080	-0.07976	4.20449	0.16929	0.99731	-0.07332	0.00139	0.07331	0.99731	0.00124	-0.00148	-0.00113	1.00000	
10	0.05000	0.65035	0.40625	0.74705	0.09308	-0.02265	-0.47502	1.67305	0.99997	0.00829	0.00040	-0.00829	0.99996	0.00162	-0.00038	-0.00163	1.00000		0.00559	4.57419	0.56306	0.07037	-0.07877	4.20418	0.17838	0.99731	-0.07331	0.00137	0.07331	0.99731	0.00123	-0.00146	-0.00112	1.00000	
11	0.05500	0.66655	0.39977	0.76718	0.09638	-0.02584	-0.47534	1.66068	0.99997	0.00830	0.00045	-0.00830	0.99996	0.00168	-0.00044	-0.00169	1.00000		0.05224	4.57782	0.56898	0.07074	-0.08125	4.20389	0.17068	0.99731	-0.07331	0.00142	0.07330	0.99731	0.00123	-0.00150	-0.00113	1.00000	
12	0.06000	0.66732	0.40675	0.75743	0.10147	-0.02894	-0.47875	1.66405	0.99996	0.00836	0.00051	-0.00836	0.99996	0.00177	-0.00049	-0.00178	1.00000		0.02571	4.58695	0.57110	0.07144	-0.07823	4.20612	0.16798	0.99731	-0.07334	0.00137	0.07334	0.99731	0.00125	-0.00145	-0.00114	1.00000	
13	0.06500	0.65788	0.42485	0.76487	0.10739	-0.02822	-0.48139	1.65940	0.99996	0.00840	0.00049	-0.00840	0.99996	0.00187	-0.00048	-0.00188	1.00000		0.02354	4.58942	0.56426	0.06935	-0.07593	4.20482	0.17263	0.99731	-0.07332	0.00133	0.07332	0.99731	0.00121	-0.00141	-0.00111	1.00000	
14	0.07000	0.66144	0.42784	0.77775	0.11210	-0.02965	-0.48096	1.65429	0.99996	0.00839	0.00052	-0.00840	0.99996	0.00196	-0.00050	-0.00196	1.00000		0.01792	4.59080	0.57189	0.06950	-0.07496	4.20488	0.17157	0.99731	-0.07332	0.00131	0.07332	0.99731	0.00121	-0.00139	-0.00111	1.00000	
15	0.07500	0.68055	0.41644	0.76405	0.11217	-0.03701	-0.47924	1.65186	0.99996	0.00836	0.00065	-0.00837	0.99996	0.00196	-0.00063	-0.00196	1.00000		-0.00038	4.59241	0.57724	0.06876	-0.07686	4.20396	0.17780	0.99731	-0.07331	0.00134	0.07331	0.99731	0.00120	-0.00143	-0.00110	1.00000	
16	0.08000	0.66722	0.41197	0.77020	0.11707	-0.03610	-0.48091	1.63743	0.99996	0.00839	0.00063	-0.00839	0.99996	0.00204	-0.00061	-0.00205	1.00000		0.01724	4.59679	0.57049	0.06766	-0.07432	4.20652	0.17523	0.99731	-0.07335	0.00130	0.07335	0.99731	0.00118	-0.00138	-0.00108	1.00000	
17	0.08500	0.68848	0.41660	0.78108	0.12165	-0.04002	-0.48641	1.63761	0.99996	0.00849	0.00070	-0.00849	0.99996	0.00212	-0.00068	-0.00213	1.00000		-0.00036	4.59352	0.56955	0.06751	-0.07321	4.20512	0.17211	0.99731	-0.07333	0.00128	0.07333	0.99731	0.00118	-0.00136	-0.00108	1.00000	
18	0.09000	0.67354	0.43050	0.76787	0.12798	-0.04230	-0.48289	1.63848	0.99996	0.00843	0.00074	-0.00843	0.99996	0.00223	-0.00072	-0.00224	1.00000		-0.01977	4.60821	0.56674	0.06679	-0.06946	4.20640	0.18935	0.99731	-0.07335	0.00121	0.07335	0.99731	0.00117	-0.00129	-0.00107	1.00000	
19	0.09500	0.66917	0.41104	0.79516	0.12702	-0.04413	-0.48547	1.61849	0.99996	0.00847	0.00077	-0.00847	0.99996	0.00222	-0.00075	-0.00222	1.00000		0.01766	4.61863	0.57816	0.06831	-0.07358	4.20700	0.16194	0.99730	-0.07336	0.00128	0.07336	0.99730	0.00119	-0.00137	-0.00109	1.00000	
20	0.10000	0.68200	0.43862	0.77467	0.13724	-0.04404	-0.48687	1.62000	0.99996	0.00850	0.00077	-0.00850	0.99996	0.00240	-0.00075	-0.00240	1.00000		-0.01214	4.64670	0.58011	0.07067	-0.06850	4.20356	0.18372	0.99731	-0.07330	0.00120	0.07330	0.99731	0.00123	-0.00128	-0.00114	1.00000	
21	0.10500	0.70204	0.41726	0.78377	0.13866	-0.05073	-0.49069	1.61300	0.99996	0.00856	0.00089	-0.00857	0.99996	0.00242	-0.00086	-0.00243	1.00000		-0.02335	4.64972	0.58371	0.06834	-0.06941	4.20639	0.17551	0.99731	-0.07335	0.00121	0.07335	0.99731	0.00119	-0.00130	-0.00110	1.00000	
22	0.11000	0.70734	0.42808	0.78886	0.14218	-0.05350	-0.48876	1.62599	0.99996	0.00853	0.00093	-0.00853	0.99996	0.00248	-0.00091	-0.00249	1.00000		-0.03625	4.65459	0.58638	0.06904	-0.06717	4.20660	0.16764	0.99731	-0.07335	0.00117	0.07335	0.99731	0.00120	-0.00126	-0.00112	1.00000	
23	0.11500	0.69880	0.42874	0.78777	0.14713	-0.05678	-0.49417	1.59641	0.99996	0.00862	0.00099	-0.00863	0.99996	0.00257	-0.00097	-0.00258	1.00000		-0.02852	4.64403	0.58577	0.06796	-0.06714	4.20520	0.16946	0.99731	-0.07333	0.00117	0.07333	0.99731	0.00119	-0.00126	-0.00110	1.00000	
24	0.12000	0.60725	0.09399	0.28325	0.07461	-0.03583	-0.48600	1.55844	0.99996	0.00848	0.00063	-0.00848	0.99996	0.00130	-0.00061	-0.00131	1.00000		0.06666	4.41095	0.80312	0.02749	-0.08773	4.20210	0.29595	0.99731	-0.07327	0.00153	0.07327	0.99731	0.00048	-0.00156	-0.00037	1.00000	
25	0.12500	0.63569	0.09264	0.28245	0.07802	-0.04031	-0.48899	1.55543	0.99996	0.00853	0.00070	-0.00854	0.99996	0.00136	-0.00069	-0.00137	1.00000		0.08754	4.42639	0.80732	0.02868	-0.08758	4.20111	0.30119	0.99731	-0.07326	0.00153	0.07326	0.99731	0.00050	-0.00156	-0.00039	1.00000	
26	0.13000	0.62437	0.07464	0.27758	0.07702	-0.04422	-0.48738	1.53643	0.99996	0.00851	0.00077	-0.00851	0.99996	0.00134	-0.00076	-0.00135	1.00000		0.09110	4.41403	0.80633	0.02593	-0.08652	4.20194	0.28922	0.99731	-0.07327	0.00151	0.07327	0.99731	0.00045	-0.00154	-0.00034	1.00000	
27	0.13500	0.62922	0.09278	0.28673	0.08328	-0.04187	-0.48964	1.54326	0.99996	0.00855	0.00073	-0.00855	0.99996	0.00145	-0.00072	-0.00146	1.00000		0.08050	4.43133	0.81196	0.02729	-0.08769	4.20299	0.29072	0.99731	-0.07329	0.00153	0.07329	0.99731	0.00048	-0.00156	-0.00036	1.00000	
28	0.14000	0.67316	0.06485	0.29074	0.08385	-0.04780	-0.49140	1.53416	0.99996	0.00858	0.00083	-0.00858	0.99996	0.00146	-0.00082	-0.00147	1.00000		0.06408	4.42438	0.81174	0.02582	-0.08505	4.20202	0.29253	0.99731	-0.07327	0.00148	0.07327	0.99731	0.00045	-0.00151	-0.00034	1.00000	
29	0.14500	0.62967	0.08474	0.28066	0.08907	-0.04533	-0.49222	1.51599	0.99996	0.00859	0.00079	-0.00859	0.99996	0.00155	-0.00078	-0.00156	1.00000		0.07084	4.44169	0.79560	0.02488	-0.08396	4.20085	0.29002	0.99731	-0.07325	0.00147	0.07325	0.99731	0.00043	-0.00149	-0.00033	1.00000	
30	0.15000	0.62843	0.05422	0.28308	0.08840	-0.04735	-0.49526	1.53718	0.99996	0.00864	0.00083	-0.00865	0.99996	0.00154	-0.00081	-0.00155	1.00000		0.07843	4.44891	0.82315	0.02685	-0.08361	4.20043	0.29096	0.99731	-0.07325	0.00146	0.07324	0.99731	0.00047	-0.00149	-0.00036	1.00000	
31	0.15500	0.64072	0.07117	0.26653	0.09302	-0.05270	-0.49534	1.53306	0.99996	0.00865	0.00092	-0.00865	0.99996	0.00162	-0.00091	-0.00163	1.00000		0.05171	4.43401	0.81375	0.02524	-0.08082	4.20400	0.30658	0.99731	-0.07331	0.00141	0.07331	0.99731	0.00044	-0.00144	-0.00034	1.00000	
32	0.16000	0.65413	0.06946	0.29179	0.09185	-0.05662	-0.49396	1.53724	0.99996	0.00862	0.00099	-0.00862	0.99996	0.00160	-0.00097	-0.00161	1.00000		0.04607	4.46248	0.82545	0.02732	-0.08113	4.20123	0.31048	0.99731	-0.07326	0.00142	0.07326	0.99731	0.00048	-0.00145	-0.00037	1.00000	
33	0.16500	0.64994	0.08525	0.28030	0.09781	-0.05498	-0.49267	1.52137	0.99996	0.00860	0.00096	-0.00860	0.99996	0.00171	-0.00094	-0.00172	1.00000		0.05841	4.47728	0.81896	0.02994	-0.07964	4.20128	0.29372	0.99731	-0.07326	0.00139	0.07326	0.99731	0.00052	-0.00142	-0.00042	1.00000	
34	0.17000	0.63560	0.07266	0.26946	0.09772	-0.05572	-0.49475	1.52489	0.99996	0.00863	0.00097	-0.00864	0.99996	0.00171	-0.00096	-0.00171	1.00000		0.07807	4.46465	0.82934	0.02801	-0.08310	4.20085	0.30724	0.99731	-0.07325	0.00145	0.07325	0.99731	0.00049	-0.00148	-0.00038	1.00000	
35	0.17500	0.60637	0.06218	0.26589	0.09716	-0.05801	-0.49265	1.53271	0.99996	0.00860	0.00101	-0.00860	0.99996	0.00170	-0.00100	-0.00170	1.00000		0.03573	4.48210	0.82687	0.02987	-0.07729	4.20274	0.29115	0.99731	-0.07329	0.00135	0.07329	0.99731	0.00052	-0.00138	-0.00042	1.00000	
36	0.18000	0.64885	0.06173	0.26858	0.09981	-0.06025	-0.49999	1.50538	0.99996	0.00873	0.00105	-0.00873	0.99996	0.00174	-0.00104	-0.00175	1.00000		0.03111	4.48517	0.83663	0.03000	-0.07672	4.19981	0.30597	0.99731	-0.07323	0.00134	0.07323	0.99731	0.00052	-0.00137	-0.00042	1.00000	
37	0.18500	0.67317	0.06713	0.25901	0.10170	-0.06709	-0.49546	1.49671	0.99996	0.00865	0.00117	-0.00865	0.99996	0.00177	-0.00116	-0.00178	1.00000		0.04514	4.49788	0.82837	0.03204	-0.07680	4.20443	0.29910	0.99731	-0.07332	0.00134	0.07331	0.99731	0.00056	-0.00138	-0.00046	1.00000	
38	0.19000	0.66900	0.06446	0.26260	0.10352	-0.07020	-0.49553	1.50494	0.99996	0.00865	0.00123	-0.00865	0.99996	0.00181	-0.00121	-0.00182	1.00000		0.02687	4.50267	0.82951	0.03092	-0.07371	4.20286	0.31497	0.99731	-0.07329	0.00129	0.07329	0.99731	0.00054	-0.00132	-0.00044	1.00000	
39	0.19500	0.67226	0.05601	0.26777	0.10339	-0.06772	-0.49571	1.52296	0.99996	0.00865	0.00118	-0.00865	0.99996	0.00180	-0.00117	-0.00181	1.00000		0.06997	4.49107	0.83975	0.02970	-0.07742	4.20519	0.30569	0.99731	-0.07333	0.00135	0.07333	0.99731	0.00052	-0.00139	-0.00042	1.00000	
40	0.20000	0.67395	0.05080	0.24957	0.10451	-0.07416	-0.50180	1.51808	0.99996	0.00876	0.00129	-0.00876	0.99996	0.00182	-0.00128	-0.00184	1.00000		0.02688	4.50413	0.83281	0.03194	-0.07548	4.20284	0.30880	0.99731	-0.07329	0.00132	0.07329	0.99731	0.00056	-0.00135	-0.00046	1.00000	
41	0.20500	0.65815	0.03976	0.24996	0.10375	-0.07093	-0.49963	1.50654	0.99996	0.00872	0.00124	-0.00872	0.99996	0.00181	-0.00122	-0.00182	1.00000		-0.00017	4.51203	0.84701	0.03122	-0.07081	4.20140	0.32616	0.99731	-0.07326	0.00124	0.07326	0.99731	0.00054	-0.00127	-0.00045	1.00000	
42	0.21000	0.64697	0.05168	0.24279	0.10695	-0.06743	-0.49947	1.51809	0.99996	0.00872	0.00118	-0.00872	0.99996	0.00187	-0.00116	-0.00188	1.00000		0.04113	4.54757	0.85158	0.03677	-0.07210	4.20057	0.32593	0.99731	-0.07325	0.00126	0.07325	0.99731	0.00064	-0.00130	-0.00055	1.00000	
43	0.21500	0.64465	0.05147	0.23357	0.10815	-0.06938	-0.50138	1.49895	0.99996	0.00875	0.00121	-0.00875	0.99996	0.00189	-0.00119	-0.00190	1.00000		0.04028	4.53002	0.83537	0.03664	-0.07038	4.20525	0.31559	0.99731	-0.07333	0.00123	0.07333	0.99731	0.00064	-0.00127	-0.00055	1.00000	
44	0.22000	0.67717	0.03479	0.24952	0.10623	-0.07307	-0.50093	1.49189	0.99996	0.00874	0.00128	-0.00875	0.99996	0.00185	-0.00126	-0.00187	1.00000		0.01619	4.54326	0.85233	0.03759	-0.07137	4.20259	0.31135	0.99731	-0.07328	0.00125	0.07328	0.99731	0.00066	-0.00129	-0.00056	1.00000	
45	0.22500	0.65746	0.05004	0.24224	0.10696	-0.07330	-0.49990	1.50102	0.99996	0.00872	0.00128	-0.00873	0.99996	0.00187	-0.00126	-0.00188	1.00000		0.00778	4.55786	0.84612	0.04000	-0.06983	4.20361	0.30965	0.99731	-0.07330	0.00122	0.07330	0.99731	0.00070	-0.00127	-0.00061	1.00000	
46	0.23000	0.67199	0.04952	0.22796	0.10684	-0.07646	-0.49967	1.50086	0.99996	0.00872	0.00133	-0.00872	0.99996	0.00186	-0.00132	-0.00188	1.00000		0.02090	4.55079	0.84783	0.04039	-0.06894	4.20269	0.31897	0.99731	-0.07328	0.00120	0.07328	0.99731	0.00070	-0.00125	-0.00061	1.00000	
47	0.23500	0.66803	0.03840	0.24062	0.10526	-0.07429	-0.50082	1.49534	0.99996	0.00874	0.00130	-0.00874	0.99996	0.00184	-0.00128	-0.00185	1.00000		-0.00328	4.54904	0.84615	0.04028	-0.06803	4.20667	0.32203	0.99731	-0.07335	0.00119	0.07335	0.99731	0.00070	-0.00124	-0.00061	1.00000	
48	0.24000	0.67461	0.03658	0.22444	0.10726	-0.07619	-0.50316	1.50133	0.99996	0.00878	0.00133	-0.00878	0.99996	0.00187	-0.00131	-0.00188	1.00000		-0.00610	4.56141	0.84024	0.04234	-0.06743	4.20689	0.32284	0.99730	-0.07336	0.00118	0.07336	0.99731	0.00074	-0.00123	-0.00065	1.00000	
49	0.24500	0.67865	0.01326	0.22011	0.10183	-0.08078	-0.50048	1.49332	0.99996	0.00873	0.00141	-0.00874	0.99996	0.00178	-0.00139	-0.00179	1.00000		-0.00435	4.56712	0.84691	0.04306	-0.06433	4.20488	0.32367	0.99731	-0.07332	0.00112	0.07332	0.99731	0.00075	-0.00117	-0.00067	1.00000	
50	0.25000	0.72254	0.02794	0.22106	0.10484	-0.08310	-0.50194	1.49792	0.99996	0.00876	0.00145	-0.00876	0.99996	0.00183	-0.00143	-0.00184	1.00000		0.01390	4.56013	0.85003	0.04417	-0.06629	4.20291	0.31672	0.99731	-0.07329	0.00116	0.07329	0.99731	0.00077	-0.00121	-0.00068	1.00000	
51	0.25500	0.67020	0.03249	0.21009	0.10487	-0.07461	-0.50609	1.48202	0.99996	0.00883	0.00130	-0.00884	0.99996	0.00183	-0.00129	-0.00184	1.00000		0.01228	4.56979	0.84260	0.04660	-0.06424	4.20360	0.32459	0.99731	-0.07330	0.00112	0.07330	0.99731	0.00081	-0.00118	-0.00073	1.00000	
52	0.26000	0.71760	0.01611	0.22555	0.10137	-0.08310	-0.50052	1.50381	0.99996	0.00874	0.00145	-0.00874	0.99996	0.00177	-0.00143	-0.00178	1.00000		0.00930	4.59301	0.84495	0.04995	-0.06496	4.20581	0.32135	0.99731	-0.07334	0.00113	0.07334	0.99731	0.00087	-0.00119	-0.00079	1.00000	
53	0.26500	0.67593	0.03085	0.22040	0.10194	-0.07817	-0.49815	1.50053	0.99996	0.00869	0.00136	-0.00870	0.99996	0.00178	-0.00135	-0.00179	1.00000		0.02110	4.57411	0.84372	0.04783	-0.06539	4.20726	0.32555	0.99730	-0.07336	0.00114	0.07336	0.99730	0.00083	-0.00120	-0.00075	1.00000	
54	0.27000	0.67222	-0.00438	0.20974	0.09584	-0.07865	-0.49926	1.48853	0.99996	0.00871	0.00137	-0.00872	0.99996	0.00167	-0.00136	-0.00168	1.00000		-0.01664	4.58833	0.85462	0.05267	-0.06269	4.20568	0.32169	0.99731	-0.07334	0.00109	0.07334	0.99731	0.00092	-0.00116	-0.00084	1.00000	
55	0.27500	0.66561	0.01740	0.20150	0.09769	-0.07810	-0.49747	1.49221	0.99996	0.00868	0.00136	-0.00868	0.99996	0.00170	-0.00135	-0.00172	1.00000		0.00452	4.57935	0.86275	0.05272	-0.06334	4.20370	0.32842	0.99731	-0.07330	0.00111	0.07330	0.99731	0.00092	-0.00117	-0.00084	1.00000	
56	0.28000	0.68308	0.02115	0.18192	0.10014	-0.07969	-0.49974	1.48607	0.99996	0.00872	0.00139	-0.00872	0.99996	0.00175	-0.00138	-0.00176	1.00000		-0.01613	4.58871	0.84528	0.05488	-0.05808	4.20458	0.31744	0.99731	-0.07332	0.00101	0.07332	0.99731	0.00096	-0.00108	-0.00088	1.00000	
57	0.28500	0.65916	0.02074	0.19583	0.09865	-0.07771	-0.50186	1.49513	0.99996	0.00876	0.00136	-0.00876	0.99996	0.00172	-0.00134	-0.00173	1.00000		-0.04616	4.59004	0.85458	0.05660	-0.05979	4.20708	0.32225	0.99730	-0.07336	0.00104	0.07336	0.99731	0.00099	-0.00111	-0.00091	1.00000	
58	0.29000	0.65607	0.01392	0.19484	0.09732	-0.07681	-0.50267	1.49741	0.99996	0.00877	0.00134	-0.00878	0.99996	0.00170	-0.00133	-0.00171	1.00000		-0.00448	4.58177	0.84937	0.05637	-0.06213	4.20641	0.32675	0.99731	-0.07335	0.00108	0.07335	0.99731	0.00098	-0.00115	-0.00090	1.00000	
59	0.29500	0.68589	0.02101	0.18460	0.09567	-0.07966	-0.49814	1.50500	0.99996	0.00869	0.00139	-0.00870	0.99996	0.00167	-0.00138	-0.00168	1.00000		-0.03220	4.59324	0.84142	0.06020	-0.05925	4.20580	0.31500	0.99731	-0.07334	0.00103	0.07334	0.99731	0.00105	-0.00111	-0.00097	1.00000	
60	0.30000	0.67213	0.00242	0.17747	0.09362	-0.07798	-0.50128	1.49915	0.99996	0.00875	0.00136	-0.00875	0.99996	0.00163	-0.00135	-0.00165	1.00000		-0.01729	4.59629	0.84157	0.06062	-0.05841	4.20362	0.32088	0.99731	-0.07330	0.00102	0.07330	0.99731	0.00106	-0.00109	-0.00098	1.00000	
61	0.30500	0.63541	0.00664	0.17156	0.09117	-0.07175	-0.50049	1.51223	0.99996	0.00874	0.00125	-0.00874	0.99996	0.00159	-0.00124	-0.00160	1.00000		-0.02542	4.61650	0.84421	0.06501	-0.05841	4.20661	0.32005	0.99731	-0.07335	0.00102	0.07335	0.99731	0.00113	-0.00110	-0.00106	1.00000	
62	0.31000	0.64518	0.00845	0.16180	0.08762	-0.07223	-0.49801	1.52099	0.99996	0.00869	0.00126	-0.00869	0.99996	0.00153	-0.00125	-0.00154	1.00000		-0.06302	4.58848	0.84992	0.06513	-0.05486	4.20537	0.32282	0.99731	-0.07333	0.00096	0.07333	0.99731	0.00114	-0.00104	-0.00106	1.00000	
63	0.31500	0.62978	0.00473	0.16356	0.08665	-0.06861	-0.49696	1.51613	0.99996	0.00867	0.00120	-0.00868	0.99996	0.00151	-0.00118	-0.00152	1.00000		-0.03827	4.59866	0.84630	0.06935	-0.05755	4.20458	0.33659	0.99731	-0.07332	0.00100	0.07332	0.99731	0.00121	-0.00109	-0.00113	1.00000	
64	0.32000	0.59471	0.02162	0.16379	0.08780	-0.06631	-0.49858	1.51827	0.99996	0.00870	0.00116	-0.00870	0.99996	0.00153	-0.00114	-0.00154	1.00000		-0.06145	4.60104	0.85110	0.06888	-0.05171	4.20654	0.34749	0.99731	-0.07335	0.00090	0.07335	0.99731	0.00120	-0.00099	-0.00113	1.00000	
65	0.32500	0.62664	0.01054	0.14527	0.08356	-0.06721	-0.49484	1.51143	0.99996	0.00864	0.00117	-0.00864	0.99996	0.00146	-0.00116	-0.00147	1.00000		-0.02765	4.58416	0.84489	0.06945	-0.05458	4.20613	0.32436	0.99731	-0.07334	0.00095	0.07334	0.99731	0.00121	-0.00104	-0.00114	1.00000	
66	0.33000	0.63933	0.01041	0.12403	0.08279	-0.07223	-0.49752	1.51630	0.99996	0.00868	0.00126	-0.00869	0.99996	0.00144	-0.00125	-0.00146	1.00000		-0.04096	4.59940	0.85558	0.07437	-0.05390	4.20807	0.34097	0.99730	-0.07338	0.00094	0.07338	0.99730	0.00130	-0.00103	-0.00123	1.00000	
67	0.33500	0.63161	0.00247	0.13823	0.08049	-0.06202	-0.49385	1.51376	0.99996	0.00862	0.00108	-0.00862	0.99996	0.00140	-0.00107	-0.00141	1.00000		-0.07766	4.58861	0.84618	0.07477	-0.05309	4.21078	0.32159	0.99730	-0.07343	0.00093	0.07342	0.99730	0.00131	-0.00102	-0.00123	1.00000	
68	0.34000	0.60669	0.00079	0.12864	0.07896	-0.06452	-0.49953	1.52472	0.99996	0.00872	0.00113	-0.00872	0.99996	0.00138	-0.00111	-0.00139	1.00000		-0.07243	4.60163	0.84724	0.07813	-0.05090	4.20731	0.32627	0.99730	-0.07337	0.00089	0.07336	0.99730	0.00136	-0.00099	-0.00129	1.00000	
69	0.34500	0.60252	-0.00369	0.12167	0.07463	-0.06246	-0.48874	1.53263	0.99996	0.00853	0.00109	-0.00853	0.99996	0.00130	-0.00108	-0.00131	1.00000		-0.05927	4.59991	0.85757	0.07961	-0.05319	4.20812	0.33317	0.99730	-0.07338	0.00093	0.07338	0.99730	0.00139	-0.00103	-0.00132	1.00000	
70	0.35000	0.59367	-0.01758	0.12920	0.07005	-0.05998	-0.49170	1.54378	0.99996	0.00858	0.00105	-0.00858	0.99996	0.00122	-0.00104	-0.00123	1.00000		-0.05271	4.59559	0.85128	0.08123	-0.05302	4.20798	0.32664	0.99730	-0.07338	0.00093	0.07338	0.99730	0.00142	-0.00103	-0.00135	1.00000	
71	0.35500	0.57959	-0.02568	0.12466	0.06810	-0.05401	-0.49518	1.52889	0.99996	0.00864	0.00094	-0.00864	0.99996	0.00119	-0.00093	-0.00120	1.00000		-0.06707	4.60180	0.86074	0.08611	-0.05262	4.20902	0.33828	0.99730	-0.07340	0.00092	0.07339	0.99730	0.00150	-0.00103	-0.00143	1.00000	
72	0.36000	0.61244	0.00143	0.10606	0.06929	-0.05616	-0.49000	1.55053	0.99996	0.00855	0.00098	-0.00855	0.99996	0.00121	-0.00097	-0.00122	1.00000		-0.05034	4.58811	0.86379	0.08699	-0.05594	4.20847	0.32437	0.99730	-0.07339	0.00098	0.07338	0.99730	0.00152	-0.00109	-0.00144	1.00000	
73	0.36500	0.57956	-0.00586	0.10555	0.06363	-0.05526	-0.48641	1.54084	0.99996	0.00849	0.00096	-0.00849	0.99996	0.00111	-0.00095	-0.00112	1.00000		-0.08393	4.57081	0.86195	0.08624	-0.05239	4.21052	0.33998	0.99730	-0.07342	0.00091	0.07342	0.99730	0.00151	-0.00102	-0.00143	1.00000	
74	0.37000	0.54062	-0.00583	0.11977	0.06413	-0.04753	-0.49221	1.54559	0.99996	0.00859	0.00083	-0.00859	0.99996	0.00112	-0.00082	-0.00113	1.00000		-0.04101	4.59293	0.85539	0.09018	-0.05260	4.20829	0.33994	0.99730	-0.07338	0.00092	0.07338	0.99730	0.00157	-0.00103	-0.00150	1.00000	
75	0.37500	0.54638	-0.02649	0.11922	0.05820	-0.04621	-0.48949	1.54296	0.99996	0.00854	0.00081	-0.00854	0.99996	0.00102	-0.00080	-0.00102	1.00000		-0.07471	4.56306	0.85383	0.09030	-0.04952	4.20998	0.32842	0.99730	-0.07341	0.00086	0.07341	0.99730	0.00158	-0.00098	-0.00151	1.00000	
76	0.38000	0.55933	-0.02603	0.10818	0.05521	-0.04618	-0.48819	1.54783	0.99996	0.00852	0.00081	-0.00852	0.99996	0.00096	-0.00080	-0.00097	1.00000		-0.08179	4.56493	0.86481	0.09112	-0.05355	4.20801	0.32162	0.99730	-0.07338	0.00093	0.07338	0.99730	0.00159	-0.00105	-0.00152	1.00000	
77	0.38500	0.55951	-0.01320	0.10253	0.05681	-0.04380	-0.48637	1.55019	0.99996	0.00849	0.00076	-0.00849	0.99996	0.00099	-0.00076	-0.00100	1.00000		-0.08374	4.53385	0.84755	0.09050	-0.05086	4.20839	0.34128	0.99730	-0.07338	0.00089	0.07338	0.99730	0.00158	-0.00100	-0.00151	1.00000	
78	0.39000	0.54411	-0.01787	0.09813	0.05412	-0.03899	-0.48538	1.55968	0.99996	0.00847	0.00068	-0.00847	0.99996	0.00094	-0.00067	-0.00095	1.00000		-0.11992	4.52913	0.85641	0.09176	-0.05008	4.20972	0.33300	0.99730	-0.07341	0.00087	0.07341	0.99730	0.00160	-0.00099	-0.00153	1.00000	
79	0.39500	0.51333	-0.02188	0.10068	0.04845	-0.03615	-0.48309	1.56257	0.99996	0.00843	0.00063	-0.00843	0.99996	0.00085	-0.00062	-0.00085	1.00000		-0.08172	4.54018	0.84274	0.09398	-0.05294	4.20947	0.32787	0.99730	-0.07340	0.00092	0.07340	0.99730	0.00164	-0.00104	-0.00157	1.00000	
80	0.40000	0.53250	-0.01951	0.09293	0.05027	-0.03456	-0.48536	1.57539	0.99996	0.00847	0.00060	-0.00847	0.99996	0.00088	-0.00060	-0.00088	1.00000		-0.08273	4.54064	0.86807	0.09850	-0.05014	4.20840	0.34600	0.99730	-0.07338	0.00088	0.07338	0.99730	0.00172	-0.00100	-0.00165	1.00000	
81	0.40500	0.49408	-0.01383	0.08996	0.04520	-0.02766	-0.47926	1.57307	0.99996	0.00836	0.00048	-0.00836	0.99996	0.00079	-0.00048	-0.00079	1.00000		-0.07519	4.53571	0.85995	0.09805	-0.05118	4.21055	0.33155	0.99730	-0.07342	0.00089	0.07342	0.99730	0.00171	-0.00102	-0.00164	1.00000	
82	0.41000	0.49030	-0.01307	0.08807	0.04561	-0.02778	-0.48359	1.57532	0.99996	0.00844	0.00048	-0.00844	0.99996	0.00080	-0.00048	-0.00080	1.00000		-0.10154	4.50907	0.86018	0.09768	-0.05122	4.20871	0.33020	0.99730	-0.07339	0.00089	0.07339	0.99730	0.00170	-0.00102	-0.00163	1.00000	
83	0.41500	0.49003	-0.01770	0.08299	0.04246	-0.02263	-0.48149	1.58166	0.99996	0.00840	0.00040	-0.00840	0.99996	0.00074	-0.00039	-0.00074	1.00000		-0.08940	4.50067	0.85976	0.09785	-0.05018	4.20782	0.33807	0.99730	-0.07337	0.00088	0.07337	0.99730	0.00171	-0.00100	-0.00164	1.00000	
84	0.42000	0.48784	-0.04234	0.08255	0.03563	-0.02429	-0.48037	1.57240	0.99996	0.00838	0.00042	-0.00838	0.99996	0.00062	-0.00042	-0.00063	1.00000		-0.04999	4.51400	0.86795	0.10356	-0.05696	4.20743	0.33290	0.99730	-0.07337	0.00099	0.07337	0.99730	0.00181	-0.00112	-0.00173	1.00000	
85	0.42500	0.48042	-0.03718	0.08153	0.03601	-0.02375	-0.47945	1.57639	0.99996	0.00837	0.00041	-0.00837	0.99996	0.00063	-0.00041	-0.00063	1.00000		-0.08429	4.49964	0.86489	0.10340	-0.05319	4.21061	0.33655	0.99730	-0.07342	0.00093	0.07342	0.99730	0.00180	-0.00106	-0.00173	1.00000	
86	0.43000	0.46181	-0.02170	0.07785	0.03890	-0.01691	-0.48049	1.58399	0.99996	0.00839	0.00030	-0.00839	0.99996	0.00068	-0.00029	-0.00068	1.00000		-0.07487	4.48759	0.86855	0.10370	-0.05680	4.20956	0.33457	0.99730	-0.07340	0.00099	0.07340	0.99730	0.00181	-0.00112	-0.00173	1.00000	
87	0.43500	0.44988	-0.01469	0.08049	0.03657	-0.01252	-0.47793	1.60300	0.99997	0.00834	0.00022	-0.00834	0.99997	0.00064	-0.00021	-0.00064	1.00000		-0.08005	4.48105	0.86902	0.10507	-0.05797	4.21159	0.33070	0.99730	-0.07344	0.00101	0.07344	0.99730	0.00183	-0.00114	-0.00175	1.00000	
88	0.44000	0.45698	-0.03788	0.06712	0.02974	-0.01641	-0.47545	1.60920	0.99997	0.00830	0.00029	-0.00830	0.99997	0.00052	-0.00028	-0.00052	1.00000		-0.09158	4.47408	0.85898	0.10338	-0.05633	4.20792	0.32295	0.99730	-0.07338	0.00098	0.07337	0.99730	0.00180	-0.00111	-0.00173	1.00000	
89	0.44500	0.46986	-0.04931	0.07265	0.02632	-0.01296	-0.47727	1.59276	0.99997	0.00833	0.00023	-0.00833	0.99997	0.00046	-0.00022	-0.00046	1.00000		-0.07673	4.47027	0.86961	0.10533	-0.05728	4.20918	0.33850	0.99730	-0.07340	0.00100	0.07340	0.99730	0.00184	-0.00113	-0.00176	1.00000	
90	0.45000	0.42277	-0.01649	0.06950	0.03099	-0.00323	-0.47675	1.59710	0.99997	0.00832	0.00006	-0.00832	0.99997	0.00054	-0.00005	-0.00054	1.00000		-0.08009	4.44869	0.87245	0.10307	-0.06070	4.20771	0.34142	0.99730	-0.07337	0.00106	0.07337	0.99730	0.00180	-0.00119	-0.00172	1.00000	
91	0.45500	0.43303	-0.04192	0.06772	0.02445	-0.00646	-0.47480	1.59764	0.99997	0.00829	0.00011	-0.00829	0.99997	0.00043	-0.00011	-0.00043	1.00000		-0.09801	4.43736	0.87680	0.10353	-0.05632	4.21037	0.34824	0.99730	-0.07342	0.00098	0.07342	0.99730	0.00181	-0.00111	-0.00173	1.00000	
92	0.46000	0.42119	-0.04212	0.07181	0.02353	-0.00145	-0.47497	1.61569	0.99997	0.00829	0.00003	-0.00829	0.99997	0.00041	-0.00002	-0.00041	1.00000		-0.10269	4.42938	0.85463	0.10514	-0.05932	4.20949	0.33411	0.99730	-0.07340	0.00104	0.07340	0.99730	0.00184	-0.00117	-0.00175	1.00000	
93	0.46500	0.38605	-0.03768	0.07206	0.02021	-0.00028	-0.47046	1.62525	0.99997	0.00821	0.00000	-0.00821	0.99997	0.00035	-0.00000	-0.00035	1.00000		-0.06774	4.43468	0.86603	0.10638	-0.06174	4.20916	0.33788	0.99730	-0.07340	0.00108	0.07340	0.99730	0.00186	-0.00121	-0.00177	1.00000	
94	0.47000	0.39569	-0.03836	0.08207	0.01835	0.00190	-0.47369	1.60539	0.99997	0.00827	-0.00003	-0.00827	0.99997	0.00032	0.00004	-0.00032	1.00000		-0.08602	4.41029	0.87232	0.10274	-0.06084	4.20787	0.34189	0.99730	-0.07338	0.00106	0.07337	0.99730	0.00179	-0.00119	-0.00171	1.00000	
95	0.47500	0.38799	-0.04109	0.06558	0.01835	0.00463	-0.47379	1.61850	0.99997	0.00827	-0.00008	-0.00827	0.99997	0.00032	0.00008	-0.00032	1.00000		-0.06303	4.41486	0.86802	0.10416	-0.06445	4.21136	0.34689	0.99730	-0.07344	0.00112	0.07343	0.99730	0.00182	-0.00126	-0.00173	1.00000	
96	0.48000	0.41790	-0.06627	0.07083	0.01125	0.00056	-0.47043	1.61345	0.99997	0.00821	-0.00001	-0.00821	0.99997	0.00020	0.00001	-0.00020	1.00000		-0.06863	4.38696	0.86675	0.10228	-0.06429	4.20978	0.34281	0.99730	-0.07341	0.00112	0.07341	0.99730	0.00179	-0.00125	-0.00170	1.00000	
97	0.48500	0.38811	-0.06761	0.07729	0.01284	0.00960	-0.47360	1.60782	0.99997	0.00827	-0.00017	-0.00827	0.99997	0.00022	0.00017	-0.00022	1.00000		-0.06572	4.41380	0.86185	0.10589	-0.06610	4.20800	0.33335	0.99730	-0.07338	0.00115	0.07338	0.99730	0.00185	-0.00129	-0.00176	1.00000	
98	0.49000	0.37022	-0.05604	0.07195	0.01368	0.01112	-0.47049	1.62327	0.99997	0.00821	-0.00019	-0.00821	0.99997	0.00024	0.00020	-0.00024	1.00000		-0.08512	4.36929	0.85193	0.09974	-0.06711	4.20800	0.34040	0.99730	-0.07338	0.00117	0.07338	0.99730	0.00174	-0.00130	-0.00165	1.00000	
99	0.49500	0.41422	-0.06916	0.06368	0.00757	0.00351	-0.47239	1.61556	0.99997	0.00824	-0.00006	-0.00824	0.99997	0.00013	0.00006	-0.00013	1.00000		-0.10401	4.36003	0.86471	0.09730	-0.06549	4.20854	0.33640	0.99730	-0.07339	0.00114	0.07338	0.99730	0.00170	-0.00126	-0.00161	1.00000	
100	0.50000	0.38627	-0.06958	0.08754	0.00710	0.01327	-0.47150	1.63060	0.99997	0.00823	-0.00023	-0.00823	0.99997	0.00012	0.00023	-0.00012	1.00000		-0.06082	4.35759	0.86928	0.09949	-0.06816	4.20693	0.34528	0.99730	-0.07336	0.00119	0.07336	0.99730	0.00174	-0.00131	-0.00164	1.00000	
101	0.50500	0.33342	-0.04166	0.05722	0.00890	0.01708	-0.46996	1.64935	0.99997	0.00820	-0.00030	-0.00820	0.99997	0.00016	0.00030	-0.00015	1.00000		-0.10802	4.34871	0.86768	0.09775	-0.06699	4.20944	0.34504	0.99730	-0.07340	0.00117	0.07340	0.99730	0.00171	-0.00129	-0.00162	1.00000	
102	0.51000	0.34351	-0.05116	0.07556	0.00714	0.01982	-0.46996	1.62856	0.99997	0.00820	-0.00035	-0.00820	0.99997	0.00012	0.00035	-0.00012	1.00000		-0.08104	4.36398	0.87237	0.10026	-0.07147	4.20633	0.33118	0.99731	-0.07335	0.00125	0.07335	0.99731	0.00175	-0.00137	-0.00165	1.00000	
103	0.51500	0.34966	-0.04095	0.08255	0.00848	0.01830	-0.46472	1.64226	0.99997	0.00811	-0.00032	-0.00811	0.99997	0.00015	0.00032	-0.00015	1.00000		-0.08730	4.34258	0.85152	0.09586	-0.06896	4.20649	0.35042	0.99731	-0.07335	0.00120	0.07335	0.99730	0.00167	-0.00132	-0.00158	1.00000	
104	0.52000	0.32914	-0.06806	0.07430	0.00077	0.01773	-0.47122	1.62920	0.99997	0.00822	-0.00031	-0.00822	0.99997	0.00001	0.00031	-0.00001	1.00000		-0.11456	4.32387	0.86025	0.09338	-0.06959	4.20800	0.35398	0.99730	-0.07338	0.00121	0.07338	0.99730	0.00163	-0.00133	-0.00154	1.00000	
105	0.52500	0.32162	-0.03286	0.07506	0.00689	0.02077	-0.47008	1.62143	0.99997	0.00820	-0.00036	-0.00820	0.99997	0.00012	0.00036	-0.00012	1.00000		-0.11504	4.32522	0.86116	0.09281	-0.07114	4.20752	0.34610	0.99730	-0.07337	0.00124	0.07337	0.99730	0.00162	-0.00136	-0.00152	1.00000	
106	0.53000	0.35394	-0.06415	0.07773	0.00016	0.02299	-0.46829	1.63917	0.99997	0.00817	-0.00040	-0.00817	0.99997	0.00000	0.00040	0.00000	1.00000		-0.08154	4.30247	0.86392	0.08946	-0.07695	4.20819	0.33611	0.99730	-0.07338	0.00134	0.07338	0.99730	0.00156	-0.00145	-0.00146	1.00000	
107	0.53500	0.32662	-0.03314	0.07695	0.00339	0.02253	-0.46695	1.63998	0.99997	0.00815	-0.00039	-0.00815	0.99997	0.00006	0.00039	-0.00006	1.00000		-0.08827	4.31426	0.85532	0.08935	-0.07582	4.20399	0.33244	0.99731	-0.07331	0.00132	0.07331	0.99731	0.00156	-0.00143	-0.00146	1.00000	
108	0.54000	0.35188	-0.06219	0.07639	-0.00062	0.02131	-0.46795	1.63313	0.99997	0.00817	-0.00037	-0.00817	0.99997	-0.00001	0.00037	0.00001	1.00000		-0.07682	4.31474	0.87487	0.08904	-0.07912	4.20642	0.33437	0.99731	-0.07335	0.00138	0.07335	0.99731	0.00155	-0.00149	-0.00145	1.00000	
109	0.54500	0.32326	-0.04692	0.07753	0.00269	0.02301	-0.46869	1.64310	0.99997	0.00818	-0.00040	-0.00818	0.99997	0.00005	0.00040	-0.00004	1.00000		-0.07859	4.30731	0.87424	0.08523	-0.08057	4.20397	0.34478	0.99731	-0.07331	0.00141	0.07331	0.99731	0.00149	-0.00151	-0.00138	1.00000	
110	0.55000	0.31414	-0.03919	0.07877	-0.00053	0.02460	-0.46747	1.64962	0.99997	0.00816	-0.00043	-0.00816	0.99997	-0.00001	0.00043	0.00001	1.00000		-0.09072	4.28654	0.87127	0.08089	-0.08031	4.20423	0.34900	0.99731	-0.07331	0.00140	0.07331	0.99731	0.00141	-0.00150	-0.00131	1.00000	
111	0.55500	0.33776	-0.05250	0.08600	-0.00143	0.02273	-0.46917	1.65435	0.99997	0.00819	-0.00040	-0.00819	0.99997	-0.00002	0.00040	0.00003	1.00000		-0.08911	4.27651	0.88071	0.07882	-0.08093	4.20038	0.33965	0.99731	-0.07324	0.00141	0.07324	0.99731	0.00138	-0.00151	-0.00127	1.00000	
112	0.56000	0.34647	-0.04485	0.08437	0.00003	0.02359	-0.47262	1.64212	0.99997	0.00825	-0.00041	-0.00825	0.99997	0.00000	0.00041	0.00000	1.00000		-0.09250	4.27777	0.86966	0.07656	-0.07969	4.20633	0.34236	0.99731	-0.07335	0.00139	0.07335	0.99731	0.00134	-0.00149	-0.00123	1.00000	
113	0.56500	0.29809	-0.05292	0.08282	-0.00327	0.02942	-0.46537	1.63243	0.99997	0.00812	-0.00051	-0.00812	0.99997	-0.00006	0.00051	0.00006	1.00000		-0.07042	4.26353	0.88163	0.07354	-0.08526	4.20468	0.34686	0.99731	-0.07332	0.00149	0.07332	0.99731	0.00128	-0.00158	-0.00117	1.00000	
114	0.57000	0.33474	-0.04702	0.09614	-0.00600	0.02589	-0.46718	1.63372	0.99997	0.00815	-0.00045	-0.00815	0.99997	-0.00010	0.00045	0.00011	1.00000		-0.05917	4.26563	0.88098	0.07135	-0.08534	4.20158	0.34167	0.99731	-0.07327	0.00149	0.07326	0.99731	0.00125	-0.00158	-0.00113	1.00000	
115	0.57500	0.30427	-0.03634	0.07981	-0.00326	0.02518	-0.46561	1.63920	0.99997	0.00813	-0.00044	-0.00813	0.99997	-0.00006	0.00044	0.00006	1.00000		-0.08271	4.25277	0.87965	0.06679	-0.08625	4.20271	0.33927	0.99731	-0.07329	0.00151	0.07328	0.99731	0.00117	-0.00159	-0.00105	1.00000	
116	0.58000	0.31844	-0.03484	0.08720	-0.00582	0.02501	-0.46624	1.63987	0.99997	0.00814	-0.00044	-0.00814	0.99997	-0.00010	0.00044	0.00011	1.00000		-0.07767	4.24247	0.87988	0.06285	-0.08861	4.20317	0.34303	0.99731	-0.07329	0.00155	0.07329	0.99731	0.00110	-0.00162	-0.00098	1.00000	
117	0.58500	0.30585	-0.03787	0.10203	-0.00346	0.03339	-0.46610	1.65107	0.99997	0.00813	-0.00058	-0.00813	0.99997	-0.00006	0.00058	0.00007	1.00000		-0.09153	4.25100	0.88714	0.06209	-0.08746	4.20498	0.33162	0.99731	-0.07332	0.00153	0.07332	0.99731	0.00108	-0.00160	-0.00097	1.00000	
118	0.59000	0.31478	-0.03326	0.09923	-0.00584	0.02961	-0.46559	1.63629	0.99997	0.00813	-0.00052	-0.00813	0.99997	-0.00010	0.00052	0.00011	1.00000		-0.07114	4.23667	0.88806	0.05779	-0.09114	4.19994	0.33125	0.99731	-0.07324	0.00159	0.07324	0.99731	0.00101	-0.00166	-0.00089	1.00000	
119	0.59500	0.32578	-0.03112	0.09887	-0.00443	0.02826	-0.46743	1.63754	0.99997	0.00816	-0.00049	-0.00816	0.99997	-0.00008	0.00049	0.00008	1.00000		-0.09031	4.24893	0.88024	0.05597	-0.09245	4.20110	0.34859	0.99731	-0.07326	0.00161	0.07326	0.99731	0.00098	-0.00168	-0.00086	1.00000	
120	0.60000	0.30929	-0.03363	0.10777	-0.00569	0.02987	-0.46991	1.63940	0.99997	0.00820	-0.00052	-0.00820	0.99997	-0.00010	0.00052	0.00010	1.00000		-0.06902	4.25800	0.89658	0.05406	-0.09358	4.20285	0.34688	0.99731	-0.07329	0.00163	0.07329	0.99731	0.00094	-0.00170	-0.00082	1.00000	
121	0.60500	0.34307	-0.04105	0.08511	-0.00699	0.02331	-0.46904	1.65004	0.99997	0.00819	-0.00041	-0.00819	0.99997	-0.00012	0.00041	0.00013	1.00000		-0.07012	4.24263	0.89631	0.04887	-0.09512	4.20001	0.34067	0.99731	-0.07324	0.00166	0.07324	0.99731	0.00085	-0.00172	-0.00073	1.00000	
122	0.61000	0.29189	-0.02182	0.10659	-0.00674	0.02800	-0.46626	1.64549	0.99997	0.00814	-0.00049	-0.00814	0.99997	-0.00012	0.00049	0.00012	1.00000		-0.08215	4.23455	0.89482	0.04745	-0.09327	4.20047	0.34468	0.99731	-0.07325	0.00163	0.07324	0.99731	0.00083	-0.00168	-0.00071	1.00000	
123	0.61500	0.36632	-0.02851	0.10083	-0.01030	0.02033	-0.46641	1.63160	0.99997	0.00814	-0.00035	-0.00814	0.99997	-0.00018	0.00035	0.00018	1.00000		-0.05278	4.24201	0.88754	0.04440	-0.09745	4.19995	0.33426	0.99731	-0.07324	0.00170	0.07324	0.99731	0.00077	-0.00175	-0.00065	1.00000	
124	0.62000	0.30692	-0.01896	0.10501	-0.00668	0.02664	-0.47042	1.62240	0.99997	0.00821	-0.00046	-0.00821	0.99997	-0.00012	0.00046	0.00012	1.00000		-0.07334	4.23475	0.87713	0.04068	-0.09552	4.20072	0.33699	0.99731	-0.07325	0.00167	0.07325	0.99731	0.00071	-0.00171	-0.00059	1.00000	
125	0.62500	0.32138	-0.00597	0.10626	-0.00431	0.02691	-0.46973	1.63893	0.99997	0.00820	-0.00047	-0.00820	0.99997	-0.00008	0.00047	0.00008	1.00000		-0.07909	4.22231	0.90084	0.03385	-0.09765	4.19906	0.34412	0.99731	-0.07322	0.00170	0.07322	0.99732	0.00059	-0.00174	-0.00046	1.00000	
126	0.63000	0.31598	-0.01144	0.10863	-0.00674	0.03066	-0.46769	1.63966	0.99997	0.00816	-0.00054	-0.00816	0.99997	-0.00012	0.00053	0.00012	1.00000		-0.10918	4.21427	0.89805	0.02967	-0.09758	4.19739	0.32940	0.99732	-0.07319	0.00170	0.07319	0.99732	0.00052	-0.00174	-0.00039	1.00000	
127	0.63500	0.29960	-0.01737	0.11557	-0.00824	0.02766	-0.47482	1.61562	0.99997	0.00829	-0.00048	-0.00829	0.99997	-0.00014	0.00048	0.00015	1.00000		-0.08339	4.23285	0.90000	0.02909	-0.09953	4.19591	0.32219	0.99732	-0.07317	0.00174	0.07317	0.99732	0.00051	-0.00177	-0.00038	1.00000	
128	0.64000	0.34671	0.00613	0.09989	-0.00477	0.02065	-0.46631	1.61987	0.99997	0.00814	-0.00036	-0.00814	0.99997	-0.00008	0.00036	0.00009	1.00000		-0.06482	4.23767	0.91773	0.02561	-0.10215	4.19722	0.35831	0.99732	-0.07319	0.00178	0.07319	0.99732	0.00045	-0.00181	-0.00032	1.00000	
129	0.64500	0.34803	0.00113	0.09670	-0.00646	0.01724	-0.47323	1.61403	0.99997	0.00826	-0.00030	-0.00826	0.99997	-0.00011	0.00030	0.00012	1.00000		-0.07676	4.23852	0.90783	0.02336	-0.10148	4.19737	0.34854	0.99732	-0.07319	0.00177	0.07319	0.99732	0.00041	-0.00180	-0.00028	1.00000	
130	0.65000	0.34381	0.01240	0.09020	-0.00393	0.01933	-0.46963	1.61310	0.99997	0.00820	-0.00034	-0.00820	0.99997	-0.00007	0.00034	0.00007	1.00000		-0.09410	4.23732	0.90500	0.01915	-0.09989	4.19720	0.34671	0.99732	-0.07319	0.00174	0.07319	0.99732	0.00033	-0.00176	-0.00021	1.00000	
131	0.65500	0.33987	0.00553	0.10837	-0.00666	0.02160	-0.47144	1.61468	0.99997	0.00823	-0.00038	-0.00823	0.99997	-0.00012	0.00038	0.00012	1.00000		-0.06946	4.23710	0.91449	0.01611	-0.10366	4.19548	0.32748	0.99732	-0.07316	0.00181	0.07316	0.99732	0.00028	-0.00182	-0.00015	1.00000	
132	0.66000	0.36286	0.01368	0.12304	-0.00455	0.01778	-0.46944	1.62080	0.99997	0.00819	-0.00031	-0.00819	0.99997	-0.00008	0.00031	0.00008	1.00000		-0.07343	4.23004	0.92235	0.01021	-0.10608	4.19454	0.35090	0.99732	-0.07314	0.00185	0.07314	0.99732	0.00018	-0.00186	-0.00004	1.00000	
133	0.66500	0.37728	-0.00809	0.11322	-0.00890	0.01733	-0.47723	1.60332	0.99997	0.00833	-0.00030	-0.00833	0.99997	-0.00016	0.00030	0.00016	1.00000		-0.05701	4.23833	0.92263	0.00716	-0.10808	4.19417	0.33647	0.99732	-0.07314	0.00189	0.07314	0.99732	0.00012	-0.00189	0.00001	1.00000	
134	0.67000	0.37798	0.00971	0.12010	-0.00777	0.01371	-0.47177	1.60876	0.99997	0.00823	-0.00024	-0.00823	0.99997	-0.00014	0.00024	0.00014	1.00000		-0.05016	4.23925	0.92044	0.00520	-0.10726	4.19521	0.33411	0.99732	-0.07315	0.00187	0.07315	0.99732	0.00009	-0.00187	0.00005	1.00000	
135	0.67500	0.38592	0.01163	0.12011	-0.00731	0.01576	-0.47313	1.61187	0.99997	0.00826	-0.00028	-0.00826	0.99997	-0.00013	0.00027	0.00013	1.00000		-0.06989	4.24624	0.92732	0.00203	-0.10522	4.19274	0.34580	0.99732	-0.07311	0.00184	0.07311	0.99732	0.00004	-0.00183	0.00010	1.00000	
136	0.68000	0.38260	0.00738	0.11900	-0.00741	0.01394	-0.47298	1.60467	0.99997	0.00826	-0.00024	-0.00826	0.99997	-0.00013	0.00024	0.00013	1.00000		-0.07235	4.27203	0.91875	0.00110	-0.10563	4.19411	0.33210	0.99732	-0.07314	0.00184	0.07314	0.99732	0.00002	-0.00184	0.00012	1.00000	
137	0.68500	0.40050	0.02219	0.11483	-0.00589	0.00751	-0.47041	1.61346	0.99997	0.00821	-0.00013	-0.00821	0.99997	-0.00010	0.00013	0.00010	1.00000		-0.07710	4.25864	0.92361	-0.00443	-0.10453	4.19235	0.34945	0.99732	-0.07310	0.00182	0.07311	0.99732	-0.00008	-0.00181	0.00021	1.00000	
138	0.69000	0.40494	0.03202	0.13109	-0.00512	0.00719	-0.47299	1.60498	0.99997	0.00826	-0.00013	-0.00826	0.99997	-0.00009	0.00012	0.00009	1.00000		-0.07740	4.25362	0.93184	-0.00894	-0.10580	4.19397	0.34045	0.99732	-0.07313	0.00185	0.07313	0.99732	-0.00016	-0.00183	0.00029	1.00000	
139	0.69500	0.42416	0.01904	0.10933	-0.00589	0.00253	-0.47341	1.60337	0.99997	0.00826	-0.00004	-0.00826	0.99997	-0.00010	0.00004	0.00010	1.00000		-0.06673	4.27344	0.92493	-0.00873	-0.10717	4.19174	0.35036	0.99732	-0.07309	0.00187	0.07309	0.99732	-0.00015	-0.00185	0.00029	1.00000	
140	0.70000	0.39929	0.02524	0.12088	-0.00788	0.00650	-0.47245	1.58420	0.99997	0.00825	-0.00011	-0.00825	0.99997	-0.00014	0.00011	0.00014	1.00000		-0.05106	4.28133	0.94870	-0.01122	-0.10755	4.19090	0.34633	0.99732	-0.07308	0.00188	0.07308	0.99733	-0.00020	-0.00186	0.00033	1.00000	
141	0.70500	0.41163	0.02725	0.12290	-0.00801	0.00615	-0.47524	1.57230	0.99997	0.00829	-0.00011	-0.00829	0.99997	-0.00014	0.00011	0.00014	1.00000		-0.04633	4.29023	0.93011	-0.01312	-0.10589	4.19464	0.32781	0.99732	-0.07314	0.00185	0.07315	0.99732	-0.00023	-0.00183	0.00036	1.00000	
