NO_OF_FRAMES	12034
NO_OF_CAMERAS	8
NO_OF_BODIES	2
FREQUENCY	200
NO_OF_ANALOG	0
ANALOG_FREQUENCY	0
DESCRIPTION	--
TIME_STAMP	2013-07-05, 14:08:03	192497.21321339
DATA_INCLUDED	6D
BODY_NAMES	Ice 2 V2	Ice 3
Frame	Time	Ice 2 V2 X	Y	Z	Roll	Pitch	Yaw	Residual	Rot[0]	Rot[1]	Rot[2]	Rot[3]	Rot[4]	Rot[5]	Rot[6]	Rot[7]	Rot[8]	Ice 3 X	Y	Z	Roll	Pitch	Yaw	Residual	Rot[0]	Rot[1]	Rot[2]	Rot[3]	Rot[4]	Rot[5]	Rot[6]	Rot[7]	Rot[8]	
1	0.00500	-11.03603	24.11289	0.57830	-0.13634	0.71207	-21.18975	0.64679	0.93232	0.36143	-0.01243	-0.36148	0.93238	-0.00238	0.01073	0.00671	0.99992		-3.46748	6.25668	0.92546	-0.54068	0.04347	3.67483	0.27227	0.99794	-0.06409	-0.00076	0.06408	0.99790	-0.00944	0.00136	0.00937	0.99996	
2	0.01000	-11.02913	24.15176	0.59159	-0.14094	0.71782	-21.19133	0.63619	0.93231	0.36146	-0.01253	-0.36151	0.93236	-0.00246	0.01079	0.00682	0.99992		-3.45776	6.22496	0.93812	-0.56779	0.03937	3.67703	0.27174	0.99794	-0.06413	-0.00069	0.06412	0.99789	-0.00991	0.00132	0.00985	0.99995	
3	0.01500	-11.04071	24.20741	0.61591	-0.14693	0.72643	-21.18870	0.62395	0.93232	0.36141	-0.01268	-0.36147	0.93238	-0.00256	0.01089	0.00697	0.99992		-3.50381	6.20848	0.95293	-0.59285	0.03926	3.67359	0.27991	0.99795	-0.06407	-0.00069	0.06406	0.99789	-0.01035	0.00135	0.01028	0.99995	
4	0.02000	-11.01750	24.26124	0.62442	-0.15204	0.72586	-21.18867	0.63643	0.93232	0.36141	-0.01267	-0.36147	0.93238	-0.00265	0.01085	0.00705	0.99992		-3.48996	6.20309	0.96923	-0.61511	0.03281	3.67264	0.28246	0.99795	-0.06406	-0.00057	0.06405	0.99789	-0.01074	0.00126	0.01068	0.99994	
5	0.02500	-11.02733	24.32498	0.63308	-0.15539	0.73101	-21.19176	0.61726	0.93230	0.36146	-0.01276	-0.36152	0.93236	-0.00271	0.01092	0.00714	0.99991		-3.47657	6.17195	0.98385	-0.63733	0.02887	3.67008	0.27317	0.99795	-0.06401	-0.00050	0.06400	0.99789	-0.01112	0.00121	0.01107	0.99994	
6	0.03000	-11.05538	24.38210	0.64221	-0.16033	0.73626	-21.19658	0.61936	0.93227	0.36154	-0.01285	-0.36160	0.93233	-0.00280	0.01097	0.00725	0.99991		-3.43564	6.19210	0.99144	-0.65791	0.01857	3.67044	0.27648	0.99795	-0.06402	-0.00032	0.06401	0.99788	-0.01148	0.00106	0.01144	0.99993	
7	0.03500	-11.03631	24.43861	0.65560	-0.16567	0.73613	-21.19040	0.62206	0.93231	0.36144	-0.01285	-0.36150	0.93237	-0.00289	0.01093	0.00734	0.99991		-3.44117	6.17733	1.01888	-0.67700	0.01617	3.66626	0.28425	0.99795	-0.06394	-0.00028	0.06394	0.99788	-0.01182	0.00104	0.01177	0.99993	
8	0.04000	-11.01670	24.48248	0.64858	-0.17256	0.73717	-21.19004	0.62513	0.93231	0.36143	-0.01287	-0.36150	0.93237	-0.00301	0.01091	0.00746	0.99991		-3.43011	6.18675	1.02635	-0.69026	0.00976	3.66956	0.27642	0.99795	-0.06400	-0.00017	0.06400	0.99788	-0.01205	0.00094	0.01201	0.99993	
9	0.04500	-11.00731	24.58119	0.65221	-0.17690	0.73580	-21.18681	0.62134	0.93233	0.36138	-0.01284	-0.36145	0.93239	-0.00309	0.01086	0.00752	0.99991		-3.44095	6.20419	1.02130	-0.70745	0.00747	3.66831	0.28791	0.99795	-0.06398	-0.00013	0.06397	0.99788	-0.01235	0.00092	0.01231	0.99992	
10	0.05000	-11.03362	24.62071	0.66495	-0.18386	0.73949	-21.18242	0.63863	0.93236	0.36131	-0.01291	-0.36138	0.93241	-0.00321	0.01087	0.00766	0.99991		-3.42063	6.21266	1.03770	-0.72085	0.00059	3.66365	0.27613	0.99796	-0.06390	-0.00001	0.06389	0.99788	-0.01258	0.00081	0.01255	0.99992	
11	0.05500	-11.00775	24.69387	0.64812	-0.18844	0.73368	-21.18458	0.62921	0.93234	0.36134	-0.01280	-0.36141	0.93240	-0.00329	0.01075	0.00769	0.99991		-3.43697	6.24525	1.04584	-0.72848	-0.00319	3.66460	0.28816	0.99796	-0.06392	0.00006	0.06391	0.99787	-0.01271	0.00076	0.01269	0.99992	
12	0.06000	-11.01044	24.76968	0.65059	-0.19295	0.73061	-21.19124	0.61411	0.93230	0.36145	-0.01275	-0.36152	0.93236	-0.00337	0.01067	0.00775	0.99991		-3.47693	6.28574	1.05306	-0.73910	-0.00739	3.66347	0.28588	0.99796	-0.06390	0.00013	0.06389	0.99787	-0.01290	0.00070	0.01288	0.99992	
13	0.06500	-11.00619	24.79247	0.65791	-0.20253	0.72700	-21.18558	0.61879	0.93234	0.36136	-0.01269	-0.36143	0.93239	-0.00353	0.01055	0.00788	0.99991		-3.42880	6.31817	1.05439	-0.74488	-0.01216	3.66099	0.28459	0.99796	-0.06385	0.00021	0.06385	0.99787	-0.01300	0.00062	0.01299	0.99992	
14	0.07000	-11.00322	24.87646	0.65246	-0.20772	0.72439	-21.18233	0.62153	0.93236	0.36131	-0.01264	-0.36138	0.93241	-0.00363	0.01048	0.00795	0.99991		-3.43258	6.36083	1.04340	-0.75069	-0.01781	3.66167	0.28021	0.99796	-0.06386	0.00031	0.06386	0.99787	-0.01310	0.00053	0.01309	0.99991	
15	0.07500	-11.00736	24.95525	0.64023	-0.21249	0.71845	-21.18462	0.62511	0.93235	0.36135	-0.01254	-0.36142	0.93240	-0.00371	0.01035	0.00799	0.99991		-3.44972	6.41262	1.03669	-0.75369	-0.02134	3.66123	0.27715	0.99796	-0.06386	0.00037	0.06386	0.99787	-0.01315	0.00047	0.01315	0.99991	
16	0.08000	-10.97334	24.99966	0.63229	-0.21853	0.71270	-21.18527	0.62729	0.93234	0.36136	-0.01244	-0.36143	0.93239	-0.00381	0.01022	0.00805	0.99992		-3.46208	6.42274	1.03315	-0.75979	-0.02495	3.66088	0.28874	0.99796	-0.06385	0.00044	0.06385	0.99787	-0.01326	0.00041	0.01326	0.99991	
17	0.08500	-11.02545	25.07871	0.60937	-0.22120	0.70959	-21.18921	0.60876	0.93232	0.36142	-0.01238	-0.36149	0.93237	-0.00386	0.01015	0.00808	0.99992		-3.47493	6.48976	1.01822	-0.75870	-0.03264	3.66070	0.27839	0.99796	-0.06385	0.00057	0.06385	0.99787	-0.01324	0.00028	0.01325	0.99991	
18	0.09000	-11.01393	25.13933	0.60789	-0.22625	0.70118	-21.18789	0.60426	0.93233	0.36140	-0.01224	-0.36147	0.93238	-0.00395	0.00998	0.00810	0.99992		-3.47185	6.53795	1.02458	-0.75836	-0.03511	3.65938	0.28146	0.99796	-0.06382	0.00061	0.06383	0.99787	-0.01324	0.00023	0.01325	0.99991	
19	0.09500	-11.00837	25.20469	0.58072	-0.23191	0.69195	-21.18538	0.60414	0.93235	0.36136	-0.01208	-0.36143	0.93239	-0.00405	0.00980	0.00814	0.99992		-3.46893	6.59203	1.00679	-0.75450	-0.04268	3.66042	0.26898	0.99796	-0.06384	0.00074	0.06385	0.99787	-0.01317	0.00010	0.01319	0.99991	
20	0.10000	-10.99681	25.27436	0.57036	-0.23962	0.67671	-21.18061	0.62192	0.93238	0.36128	-0.01181	-0.36135	0.93242	-0.00418	0.00950	0.00817	0.99992		-3.50416	6.66876	0.99484	-0.75062	-0.04694	3.65854	0.27219	0.99796	-0.06381	0.00082	0.06382	0.99788	-0.01310	0.00002	0.01313	0.99991	
21	0.10500	-10.98309	25.33535	0.56283	-0.24182	0.67216	-21.18457	0.60635	0.93236	0.36135	-0.01173	-0.36142	0.93239	-0.00422	0.00941	0.00817	0.99992		-3.47508	6.72957	0.98392	-0.74298	-0.05068	3.66059	0.26836	0.99796	-0.06385	0.00088	0.06385	0.99788	-0.01297	-0.00005	0.01300	0.99992	
22	0.11000	-10.97707	25.41954	0.52235	-0.24533	0.65721	-21.18319	0.61462	0.93237	0.36133	-0.01147	-0.36139	0.93240	-0.00428	0.00915	0.00814	0.99993		-3.51339	6.81394	0.94879	-0.73479	-0.05459	3.65860	0.27717	0.99796	-0.06381	0.00095	0.06382	0.99788	-0.01282	-0.00013	0.01286	0.99992	
23	0.11500	-11.01939	25.47899	0.50621	-0.25048	0.65122	-21.18093	0.61743	0.93238	0.36129	-0.01137	-0.36136	0.93242	-0.00437	0.00902	0.00818	0.99993		-3.52716	6.88490	0.91976	-0.72693	-0.05608	3.65838	0.26534	0.99796	-0.06381	0.00098	0.06381	0.99788	-0.01269	-0.00017	0.01272	0.99992	
24	0.12000	-10.97119	25.52508	0.48571	-0.25720	0.63430	-21.18303	0.60784	0.93237	0.36133	-0.01107	-0.36139	0.93240	-0.00449	0.00870	0.00819	0.99993		-3.50990	6.96399	0.91747	-0.71412	-0.06307	3.65961	0.27024	0.99796	-0.06383	0.00110	0.06384	0.99788	-0.01246	-0.00030	0.01251	0.99992	
25	0.12500	-10.99723	25.59403	0.45129	-0.25695	0.62772	-21.18586	0.60508	0.93236	0.36137	-0.01096	-0.36144	0.93239	-0.00448	0.00859	0.00814	0.99993		-3.52345	7.06156	0.89020	-0.69874	-0.06812	3.65904	0.26943	0.99796	-0.06382	0.00119	0.06383	0.99789	-0.01219	-0.00041	0.01225	0.99992	
26	0.13000	-10.97882	25.66640	0.42366	-0.26240	0.61257	-21.18245	0.60126	0.93238	0.36132	-0.01069	-0.36138	0.93241	-0.00458	0.00831	0.00813	0.99993		-3.51402	7.13258	0.85229	-0.68656	-0.07224	3.66011	0.26394	0.99796	-0.06384	0.00126	0.06385	0.99789	-0.01198	-0.00049	0.01204	0.99993	
27	0.13500	-10.97486	25.72814	0.38415	-0.26355	0.59934	-21.18893	0.59902	0.93234	0.36142	-0.01046	-0.36149	0.93237	-0.00460	0.00809	0.00807	0.99993		-3.52226	7.22375	0.83076	-0.67217	-0.07486	3.66006	0.25607	0.99796	-0.06384	0.00131	0.06385	0.99789	-0.01173	-0.00055	0.01179	0.99993	
28	0.14000	-11.00510	25.78549	0.35696	-0.26517	0.58502	-21.18464	0.59769	0.93237	0.36136	-0.01021	-0.36141	0.93239	-0.00463	0.00785	0.00801	0.99994		-3.58914	7.33427	0.77554	-0.65283	-0.07296	3.65995	0.27732	0.99796	-0.06383	0.00127	0.06385	0.99789	-0.01139	-0.00054	0.01145	0.99993	
29	0.14500	-11.00984	25.84199	0.32782	-0.26486	0.57431	-21.18114	0.60977	0.93240	0.36130	-0.01002	-0.36136	0.93242	-0.00462	0.00768	0.00793	0.99994		-3.53614	7.42089	0.75878	-0.63617	-0.08114	3.66019	0.25775	0.99796	-0.06384	0.00142	0.06385	0.99790	-0.01110	-0.00070	0.01117	0.99994	
30	0.15000	-10.98238	25.89193	0.27290	-0.26850	0.55738	-21.17787	0.61775	0.93242	0.36125	-0.00973	-0.36130	0.93244	-0.00469	0.00738	0.00788	0.99994		-3.54607	7.51198	0.71716	-0.61774	-0.08215	3.66190	0.26401	0.99796	-0.06387	0.00143	0.06388	0.99790	-0.01078	-0.00074	0.01085	0.99994	
31	0.15500	-11.00171	25.95900	0.24550	-0.26767	0.54313	-21.17990	0.61723	0.93241	0.36128	-0.00948	-0.36133	0.93242	-0.00467	0.00715	0.00778	0.99994		-3.60924	7.60301	0.69122	-0.59771	-0.07989	3.66287	0.28512	0.99796	-0.06389	0.00139	0.06390	0.99790	-0.01043	-0.00072	0.01050	0.99994	
32	0.16000	-11.00427	26.01048	0.21768	-0.26665	0.52856	-21.17731	0.61876	0.93243	0.36124	-0.00922	-0.36129	0.93244	-0.00465	0.00692	0.00767	0.99995		-3.56197	7.70398	0.66110	-0.57543	-0.08368	3.66544	0.27581	0.99795	-0.06393	0.00146	0.06394	0.99790	-0.01004	-0.00082	0.01012	0.99995	
33	0.16500	-11.00870	26.08021	0.16831	-0.26289	0.51427	-21.17794	0.61252	0.93243	0.36125	-0.00898	-0.36130	0.93244	-0.00459	0.00671	0.00752	0.99995		-3.59760	7.81653	0.62369	-0.55266	-0.08754	3.66285	0.27562	0.99796	-0.06389	0.00153	0.06390	0.99791	-0.00965	-0.00091	0.00972	0.99995	
34	0.17000	-11.01178	26.12516	0.11851	-0.26182	0.49903	-21.17377	0.61260	0.93245	0.36118	-0.00871	-0.36123	0.93247	-0.00457	0.00647	0.00741	0.99995		-3.58752	7.91119	0.60981	-0.52881	-0.08911	3.66466	0.27747	0.99795	-0.06392	0.00156	0.06393	0.99791	-0.00923	-0.00096	0.00931	0.99996	
35	0.17500	-10.97075	26.17770	0.07507	-0.25884	0.48163	-21.17882	0.61478	0.93242	0.36127	-0.00841	-0.36131	0.93243	-0.00452	0.00621	0.00725	0.99995		-3.60724	8.02462	0.54447	-0.50300	-0.08724	3.66524	0.27632	0.99795	-0.06393	0.00152	0.06394	0.99792	-0.00878	-0.00096	0.00886	0.99996	
36	0.18000	-10.97152	26.22131	0.01806	-0.25650	0.46244	-21.17435	0.61872	0.93246	0.36120	-0.00807	-0.36124	0.93246	-0.00448	0.00591	0.00709	0.99996		-3.65156	8.14739	0.49285	-0.47473	-0.08596	3.66972	0.26643	0.99795	-0.06400	0.00150	0.06402	0.99791	-0.00829	-0.00097	0.00836	0.99996	
37	0.18500	-10.99048	26.26300	-0.01405	-0.25016	0.45448	-21.17437	0.61745	0.93246	0.36120	-0.00793	-0.36124	0.93246	-0.00437	0.00582	0.00694	0.99996		-3.63445	8.25986	0.45636	-0.44571	-0.08715	3.67023	0.27167	0.99795	-0.06401	0.00152	0.06402	0.99792	-0.00778	-0.00102	0.00786	0.99997	
38	0.19000	-10.99839	26.32059	-0.08000	-0.24344	0.43577	-21.17476	0.60176	0.93246	0.36120	-0.00761	-0.36124	0.93246	-0.00425	0.00556	0.00671	0.99996		-3.68942	8.36525	0.41025	-0.42038	-0.08312	3.66844	0.27299	0.99795	-0.06398	0.00145	0.06399	0.99792	-0.00734	-0.00098	0.00741	0.99997	
39	0.19500	-10.98255	26.33907	-0.12505	-0.23946	0.42170	-21.17408	0.60328	0.93246	0.36119	-0.00736	-0.36123	0.93247	-0.00418	0.00535	0.00656	0.99996		-3.68878	8.46481	0.36847	-0.39037	-0.08207	3.67085	0.26858	0.99795	-0.06402	0.00143	0.06403	0.99792	-0.00681	-0.00099	0.00689	0.99998	
40	0.20000	-10.99254	26.39431	-0.17477	-0.22771	0.40852	-21.17271	0.60484	0.93247	0.36117	-0.00713	-0.36120	0.93248	-0.00397	0.00521	0.00628	0.99997		-3.70600	8.58723	0.31762	-0.36175	-0.08079	3.66953	0.26975	0.99795	-0.06400	0.00141	0.06401	0.99793	-0.00631	-0.00100	0.00639	0.99998	
41	0.20500	-10.99988	26.41500	-0.23215	-0.21910	0.39000	-21.17655	0.60635	0.93245	0.36123	-0.00681	-0.36126	0.93246	-0.00382	0.00497	0.00602	0.99997		-3.72052	8.68446	0.27447	-0.33311	-0.07887	3.67222	0.27032	0.99795	-0.06405	0.00138	0.06406	0.99793	-0.00581	-0.00100	0.00589	0.99998	
42	0.21000	-11.00702	26.45434	-0.27556	-0.20958	0.37902	-21.17230	0.61216	0.93248	0.36117	-0.00662	-0.36119	0.93248	-0.00366	0.00485	0.00580	0.99997		-3.73547	8.78708	0.22670	-0.30273	-0.07510	3.67487	0.26727	0.99794	-0.06409	0.00131	0.06410	0.99793	-0.00528	-0.00097	0.00536	0.99999	
43	0.21500	-10.99270	26.48586	-0.35555	-0.19947	0.35935	-21.16997	0.60444	0.93249	0.36113	-0.00627	-0.36115	0.93250	-0.00348	0.00459	0.00551	0.99997		-3.73863	8.89815	0.18054	-0.27238	-0.07310	3.67769	0.27472	0.99794	-0.06414	0.00128	0.06415	0.99793	-0.00475	-0.00097	0.00483	0.99999	
44	0.22000	-11.02762	26.51067	-0.39491	-0.18398	0.35500	-21.17289	0.60202	0.93248	0.36118	-0.00620	-0.36120	0.93248	-0.00321	0.00462	0.00523	0.99998		-3.76238	8.99986	0.13678	-0.24081	-0.06797	3.67940	0.26648	0.99794	-0.06417	0.00119	0.06418	0.99793	-0.00420	-0.00091	0.00427	0.99999	
45	0.22500	-11.00314	26.54970	-0.46964	-0.17458	0.33646	-21.17237	0.60808	0.93248	0.36117	-0.00587	-0.36119	0.93249	-0.00305	0.00438	0.00496	0.99998		-3.80134	9.11930	0.07491	-0.20720	-0.06526	3.68085	0.25698	0.99794	-0.06420	0.00114	0.06420	0.99793	-0.00362	-0.00090	0.00368	0.99999	
46	0.23000	-10.99459	26.54982	-0.52817	-0.16065	0.32339	-21.17410	0.60585	0.93247	0.36120	-0.00564	-0.36122	0.93248	-0.00280	0.00425	0.00465	0.99998		-3.79275	9.23322	0.01888	-0.17354	-0.05905	3.68038	0.26437	0.99794	-0.06419	0.00103	0.06419	0.99793	-0.00303	-0.00083	0.00309	0.99999	
47	0.23500	-11.07384	26.64677	-0.62428	-0.12386	0.32160	-21.18266	0.59542	0.93242	0.36134	-0.00561	-0.36135	0.93243	-0.00216	0.00445	0.00404	0.99998		-3.83677	9.33497	-0.02454	-0.14007	-0.05274	3.68067	0.26720	0.99794	-0.06420	0.00092	0.06420	0.99793	-0.00244	-0.00076	0.00250	1.00000	
48	0.24000	-11.09584	26.66658	-0.68496	-0.10993	0.31100	-21.17873	0.59900	0.93244	0.36127	-0.00543	-0.36129	0.93245	-0.00192	0.00437	0.00375	0.99998		-3.84728	9.44135	-0.07657	-0.10750	-0.04653	3.68335	0.27077	0.99793	-0.06424	0.00081	0.06424	0.99793	-0.00188	-0.00069	0.00192	1.00000	
49	0.24500	-11.06947	26.66645	-0.73135	-0.09344	0.29751	-21.18214	0.60279	0.93242	0.36133	-0.00519	-0.36134	0.93243	-0.00163	0.00425	0.00340	0.99999		-3.83999	9.54853	-0.11808	-0.07240	-0.04183	3.68506	0.25460	0.99793	-0.06427	0.00073	0.06427	0.99793	-0.00126	-0.00065	0.00131	1.00000	
50	0.25000	-11.03365	26.67548	-0.79150	-0.07896	0.28228	-21.17783	0.60651	0.93245	0.36126	-0.00493	-0.36127	0.93246	-0.00138	0.00410	0.00306	0.99999		-3.87739	9.64978	-0.18023	-0.03803	-0.03167	3.68684	0.27160	0.99793	-0.06430	0.00055	0.06430	0.99793	-0.00066	-0.00051	0.00070	1.00000	
51	0.25500	-11.08881	26.67965	-0.83800	-0.05990	0.27397	-21.17623	0.62159	0.93246	0.36123	-0.00478	-0.36124	0.93247	-0.00105	0.00408	0.00270	0.99999		-3.91041	9.78221	-0.22413	-0.00139	-0.02806	3.68857	0.25168	0.99793	-0.06433	0.00049	0.06433	0.99793	-0.00002	-0.00049	0.00006	1.00000	
52	0.26000	-11.04814	26.65676	-0.88384	-0.04381	0.26147	-21.17958	0.61359	0.93244	0.36129	-0.00456	-0.36130	0.93245	-0.00076	0.00398	0.00236	0.99999		-3.90644	9.86965	-0.26989	0.03342	-0.01683	3.69046	0.27263	0.99793	-0.06437	0.00029	0.06437	0.99793	0.00058	-0.00033	-0.00056	1.00000	
53	0.26500	-11.04167	26.65620	-0.95818	-0.02438	0.25106	-21.18058	0.60577	0.93244	0.36131	-0.00438	-0.36131	0.93245	-0.00043	0.00393	0.00198	0.99999		-3.96315	9.97068	-0.32340	0.06749	-0.00670	3.69139	0.27825	0.99793	-0.06438	0.00012	0.06438	0.99792	0.00118	-0.00019	-0.00117	1.00000	
54	0.27000	-11.04939	26.64934	-1.02638	-0.00441	0.24287	-21.17609	0.61981	0.93247	0.36123	-0.00424	-0.36124	0.93247	-0.00008	0.00392	0.00160	0.99999		-3.96559	10.04819	-0.38847	0.09979	0.00072	3.69302	0.26949	0.99792	-0.06441	-0.00001	0.06441	0.99792	0.00174	-0.00010	-0.00174	1.00000	
55	0.27500	-10.98570	26.64255	-1.06570	0.01879	0.23478	-21.17770	0.61749	0.93246	0.36126	-0.00410	-0.36126	0.93246	0.00033	0.00394	0.00117	0.99999		-3.95033	10.14686	-0.41509	0.13698	0.01044	3.69803	0.26834	0.99792	-0.06450	-0.00018	0.06450	0.99791	0.00239	0.00003	-0.00240	1.00000	
56	0.28000	-11.01838	26.62522	-1.14528	0.04115	0.22890	-21.17780	0.61565	0.93246	0.36126	-0.00400	-0.36126	0.93246	0.00072	0.00398	0.00077	0.99999		-3.99734	10.23637	-0.48856	0.17191	0.02043	3.70263	0.27572	0.99791	-0.06458	-0.00036	0.06458	0.99791	0.00300	0.00016	-0.00302	1.00000	
57	0.28500	-11.01436	26.59595	-1.20578	0.06212	0.21974	-21.17892	0.60974	0.93245	0.36128	-0.00384	-0.36128	0.93246	0.00108	0.00397	0.00037	0.99999		-4.02228	10.34271	-0.52315	0.20950	0.03010	3.70356	0.27312	0.99791	-0.06459	-0.00053	0.06460	0.99790	0.00366	0.00029	-0.00368	0.99999	
58	0.29000	-11.00937	26.59242	-1.26329	0.09099	0.21658	-21.17409	0.60491	0.93248	0.36120	-0.00378	-0.36120	0.93249	0.00159	0.00410	-0.00012	0.99999		-4.01043	10.41273	-0.55361	0.24269	0.04284	3.70213	0.28399	0.99791	-0.06457	-0.00075	0.06457	0.99790	0.00424	0.00047	-0.00428	0.99999	
59	0.29500	-11.01460	26.57009	-1.34953	0.11198	0.20709	-21.17396	0.61070	0.93248	0.36120	-0.00361	-0.36119	0.93249	0.00195	0.00408	-0.00052	0.99999		-4.04633	10.49075	-0.60554	0.27561	0.05073	3.70480	0.27691	0.99791	-0.06462	-0.00089	0.06462	0.99790	0.00481	0.00057	-0.00486	0.99999	
60	0.30000	-10.97963	26.53048	-1.38656	0.13460	0.20137	-21.16830	0.62055	0.93252	0.36111	-0.00351	-0.36110	0.93252	0.00235	0.00413	-0.00092	0.99999		-4.04050	10.57070	-0.62909	0.31057	0.06129	3.70538	0.28442	0.99791	-0.06463	-0.00107	0.06463	0.99789	0.00542	0.00072	-0.00548	0.99998	
61	0.30500	-11.02431	26.58152	-1.49324	0.18284	0.21040	-21.18478	0.59965	0.93241	0.36137	-0.00367	-0.36136	0.93242	0.00319	0.00458	-0.00165	0.99999		-4.06679	10.63203	-0.67572	0.34177	0.07257	3.71010	0.27703	0.99790	-0.06471	-0.00127	0.06471	0.99789	0.00596	0.00088	-0.00603	0.99998	
62	0.31000	-11.04097	26.54260	-1.56109	0.20173	0.20198	-21.18736	0.60537	0.93240	0.36142	-0.00353	-0.36141	0.93240	0.00352	0.00456	-0.00201	0.99999		-4.11009	10.70289	-0.71784	0.37268	0.08336	3.71343	0.28660	0.99790	-0.06477	-0.00145	0.06477	0.99788	0.00650	0.00103	-0.00659	0.99998	
63	0.31500	-11.02764	26.49660	-1.59436	0.22832	0.20171	-21.18116	0.60725	0.93244	0.36132	-0.00352	-0.36130	0.93244	0.00398	0.00472	-0.00244	0.99999		-4.12807	10.76718	-0.74694	0.40700	0.09591	3.71324	0.28854	0.99790	-0.06476	-0.00167	0.06477	0.99787	0.00710	0.00121	-0.00720	0.99997	
64	0.32000	-11.01095	26.46315	-1.66800	0.24924	0.19178	-21.18260	0.61841	0.93243	0.36134	-0.00335	-0.36132	0.93243	0.00435	0.00469	-0.00285	0.99998		-4.13140	10.82759	-0.80050	0.43947	0.10630	3.71447	0.27732	0.99790	-0.06478	-0.00186	0.06480	0.99787	0.00767	0.00135	-0.00777	0.99997	
65	0.32500	-11.06102	26.40714	-1.72021	0.27589	0.19433	-21.18208	0.60984	0.93243	0.36133	-0.00339	-0.36131	0.93243	0.00482	0.00490	-0.00326	0.99998		-4.16935	10.86729	-0.84413	0.47075	0.12040	3.71928	0.28429	0.99789	-0.06487	-0.00210	0.06488	0.99786	0.00822	0.00156	-0.00834	0.99996	
66	0.33000	-11.00862	26.36133	-1.75757	0.30131	0.19449	-21.18477	0.61027	0.93241	0.36137	-0.00339	-0.36136	0.93241	0.00526	0.00507	-0.00368	0.99998		-4.15353	10.91457	-0.87296	0.49989	0.13450	3.72258	0.27597	0.99789	-0.06493	-0.00235	0.06494	0.99785	0.00872	0.00178	-0.00886	0.99996	
67	0.33500	-11.05366	26.30997	-1.82375	0.32907	0.19555	-21.18770	0.61187	0.93240	0.36142	-0.00341	-0.36140	0.93239	0.00574	0.00526	-0.00412	0.99998		-4.21911	10.94911	-0.91254	0.52864	0.14679	3.72870	0.27860	0.99788	-0.06503	-0.00256	0.06505	0.99784	0.00923	0.00196	-0.00937	0.99995	
68	0.34000	-11.01982	26.26382	-1.88119	0.35526	0.19129	-21.18803	0.59639	0.93239	0.36143	-0.00334	-0.36140	0.93239	0.00620	0.00535	-0.00457	0.99998		-4.21961	10.97236	-0.94345	0.55811	0.15935	3.73169	0.28978	0.99788	-0.06508	-0.00278	0.06511	0.99783	0.00974	0.00214	-0.00990	0.99995	
69	0.34500	-11.02992	26.21898	-1.93935	0.38176	0.19154	-21.18028	0.60967	0.93244	0.36130	-0.00334	-0.36127	0.93244	0.00666	0.00552	-0.00501	0.99997		-4.24987	10.99902	-0.96909	0.58442	0.17355	3.73126	0.27550	0.99788	-0.06508	-0.00303	0.06510	0.99783	0.01020	0.00236	-0.01038	0.99994	
70	0.35000	-11.02581	26.15884	-2.00531	0.40545	0.19275	-21.18133	0.61158	0.93244	0.36132	-0.00336	-0.36129	0.93243	0.00708	0.00569	-0.00538	0.99997		-4.29367	11.01044	-1.01222	0.60936	0.18856	3.73606	0.29427	0.99787	-0.06516	-0.00329	0.06519	0.99782	0.01064	0.00259	-0.01083	0.99994	
71	0.35500	-11.02417	26.09359	-2.02917	0.42863	0.19255	-21.18342	0.60705	0.93242	0.36135	-0.00336	-0.36132	0.93241	0.00748	0.00584	-0.00576	0.99997		-4.29955	11.03565	-1.02103	0.63731	0.19856	3.73609	0.28949	0.99787	-0.06516	-0.00347	0.06520	0.99781	0.01112	0.00273	-0.01133	0.99993	
72	0.36000	-10.98223	26.03115	-2.08006	0.45342	0.19097	-21.17823	0.61823	0.93246	0.36127	-0.00333	-0.36123	0.93244	0.00791	0.00597	-0.00618	0.99996		-4.34223	11.03752	-1.04874	0.66165	0.21515	3.74341	0.30809	0.99786	-0.06529	-0.00376	0.06533	0.99780	0.01155	0.00299	-0.01177	0.99993	
73	0.36500	-10.94806	25.97751	-2.12220	0.47863	0.19003	-21.18195	0.61192	0.93243	0.36133	-0.00332	-0.36129	0.93242	0.00835	0.00611	-0.00659	0.99996		-4.34524	11.05176	-1.08418	0.68847	0.22616	3.74318	0.30551	0.99786	-0.06528	-0.00395	0.06533	0.99779	0.01202	0.00315	-0.01225	0.99992	
74	0.37000	-10.98321	25.97720	-2.21748	0.51654	0.19983	-21.19470	0.61255	0.93235	0.36154	-0.00349	-0.36149	0.93233	0.00902	0.00651	-0.00714	0.99995		-4.36037	11.07696	-1.11687	0.71377	0.23856	3.74787	0.29767	0.99785	-0.06537	-0.00416	0.06541	0.99778	0.01246	0.00334	-0.01270	0.99991	
75	0.37500	-11.01316	25.89027	-2.24768	0.54034	0.20817	-21.19156	0.60094	0.93237	0.36148	-0.00363	-0.36144	0.93235	0.00943	0.00680	-0.00748	0.99995		-4.39307	11.07495	-1.13956	0.73674	0.25280	3.74707	0.29950	0.99785	-0.06535	-0.00441	0.06540	0.99778	0.01286	0.00356	-0.01312	0.99991	
76	0.38000	-10.97493	25.81804	-2.28444	0.56020	0.20769	-21.18875	0.59916	0.93239	0.36144	-0.00362	-0.36139	0.93236	0.00978	0.00691	-0.00781	0.99995		-4.42926	11.06588	-1.15879	0.75875	0.26780	3.74878	0.30757	0.99785	-0.06538	-0.00467	0.06544	0.99777	0.01324	0.00380	-0.01352	0.99990	
77	0.38500	-11.01397	25.77236	-2.33864	0.58132	0.21161	-21.18992	0.61260	0.93238	0.36146	-0.00369	-0.36141	0.93235	0.01015	0.00711	-0.00812	0.99994		-4.46506	11.04388	-1.18121	0.77662	0.27795	3.75353	0.29568	0.99784	-0.06546	-0.00485	0.06552	0.99776	0.01355	0.00395	-0.01384	0.99990	
78	0.39000	-10.98147	25.67533	-2.35996	0.60098	0.21486	-21.19203	0.61357	0.93237	0.36149	-0.00375	-0.36144	0.93234	0.01049	0.00729	-0.00842	0.99994		-4.45800	10.98194	-1.18752	0.79218	0.29300	3.75219	0.30003	0.99784	-0.06544	-0.00511	0.06551	0.99776	0.01383	0.00420	-0.01413	0.99989	
79	0.39500	-10.98047	25.60203	-2.38543	0.62181	0.22333	-21.18891	0.61838	0.93239	0.36144	-0.00390	-0.36138	0.93235	0.01085	0.00756	-0.00871	0.99993		-4.49326	10.96736	-1.20358	0.80866	0.30489	3.75344	0.30639	0.99784	-0.06546	-0.00532	0.06553	0.99775	0.01411	0.00439	-0.01443	0.99989	
80	0.40000	-10.93977	25.53700	-2.42436	0.63861	0.21967	-21.19287	0.61307	0.93236	0.36151	-0.00383	-0.36145	0.93233	0.01115	0.00760	-0.00901	0.99993		-4.49766	10.93774	-1.20357	0.82350	0.31644	3.75309	0.29892	0.99784	-0.06546	-0.00552	0.06553	0.99775	0.01437	0.00457	-0.01470	0.99988	
81	0.40500	-11.01945	25.43952	-2.43910	0.65691	0.23002	-21.19116	0.62152	0.93237	0.36148	-0.00401	-0.36141	0.93233	0.01146	0.00789	-0.00924	0.99993		-4.48120	10.89096	-1.20197	0.83814	0.32563	3.75406	0.30627	0.99784	-0.06547	-0.00568	0.06555	0.99774	0.01463	0.00471	-0.01497	0.99988	
82	0.41000	-11.04619	25.38666	-2.48245	0.67529	0.23703	-21.19091	0.62941	0.93237	0.36147	-0.00414	-0.36141	0.93233	0.01179	0.00812	-0.00949	0.99992		-4.53034	10.85487	-1.20191	0.84990	0.33458	3.75357	0.29542	0.99784	-0.06546	-0.00584	0.06554	0.99774	0.01483	0.00486	-0.01518	0.99987	
83	0.41500	-11.00791	25.29867	-2.51144	0.68841	0.23453	-21.18986	0.61832	0.93238	0.36146	-0.00409	-0.36139	0.93234	0.01201	0.00816	-0.00972	0.99992		-4.51229	10.79285	-1.21065	0.86038	0.34353	3.75382	0.30204	0.99784	-0.06547	-0.00600	0.06555	0.99774	0.01502	0.00500	-0.01538	0.99987	
84	0.42000	-10.98416	25.21146	-2.53621	0.69945	0.23726	-21.18944	0.62222	0.93238	0.36145	-0.00414	-0.36138	0.93234	0.01221	0.00827	-0.00989	0.99992		-4.54343	10.74624	-1.21992	0.87367	0.35561	3.75395	0.30333	0.99784	-0.06547	-0.00621	0.06556	0.99773	0.01525	0.00519	-0.01562	0.99986	
85	0.42500	-11.01538	25.14120	-2.54629	0.71244	0.24229	-21.18804	0.62463	0.93239	0.36143	-0.00423	-0.36135	0.93235	0.01243	0.00844	-0.01007	0.99991		-4.55158	10.70639	-1.21584	0.88316	0.36316	3.75567	0.29817	0.99783	-0.06550	-0.00634	0.06559	0.99773	0.01541	0.00531	-0.01580	0.99986	
86	0.43000	-10.99903	25.03544	-2.55671	0.72134	0.24686	-21.18415	0.61453	0.93242	0.36136	-0.00431	-0.36129	0.93237	0.01259	0.00857	-0.01018	0.99991		-4.55632	10.63720	-1.20606	0.89131	0.36733	3.75441	0.29598	0.99783	-0.06548	-0.00641	0.06557	0.99773	0.01556	0.00538	-0.01594	0.99986	
87	0.43500	-11.01897	24.95062	-2.57489	0.73284	0.25238	-21.18581	0.62619	0.93240	0.36139	-0.00440	-0.36131	0.93236	0.01279	0.00873	-0.01033	0.99991		-4.55954	10.57266	-1.21300	0.89821	0.37694	3.75597	0.30071	0.99783	-0.06551	-0.00658	0.06560	0.99772	0.01568	0.00554	-0.01607	0.99986	
88	0.44000	-11.03246	24.88662	-2.58177	0.73834	0.25493	-21.18350	0.63565	0.93242	0.36135	-0.00445	-0.36127	0.93237	0.01289	0.00880	-0.01041	0.99991		-4.58447	10.51085	-1.21484	0.90439	0.38504	3.75623	0.30962	0.99783	-0.06551	-0.00672	0.06561	0.99772	0.01578	0.00567	-0.01619	0.99985	
89	0.44500	-11.02891	24.78589	-2.58217	0.74649	0.26126	-21.18445	0.62926	0.93241	0.36137	-0.00456	-0.36129	0.93236	0.01303	0.00896	-0.01050	0.99990		-4.55852	10.40622	-1.18909	0.90564	0.39084	3.75753	0.31373	0.99783	-0.06553	-0.00682	0.06563	0.99772	0.01581	0.00577	-0.01622	0.99985	
90	0.45000	-11.04543	24.70044	-2.59870	0.74957	0.26228	-21.18305	0.64089	0.93242	0.36134	-0.00458	-0.36126	0.93237	0.01308	0.00900	-0.01054	0.99990		-4.57976	10.34853	-1.18414	0.91014	0.39367	3.75601	0.30024	0.99783	-0.06551	-0.00687	0.06561	0.99772	0.01588	0.00581	-0.01630	0.99985	
91	0.45500	-11.06431	24.63286	-2.58216	0.75697	0.26791	-21.18254	0.63652	0.93242	0.36134	-0.00468	-0.36125	0.93237	0.01321	0.00913	-0.01063	0.99990		-4.61763	10.25972	-1.17798	0.90945	0.40235	3.75684	0.31002	0.99783	-0.06552	-0.00702	0.06563	0.99772	0.01587	0.00597	-0.01630	0.99985	
92	0.46000	-11.03850	24.51589	-2.57448	0.75642	0.27293	-21.18411	0.64215	0.93241	0.36136	-0.00476	-0.36128	0.93237	0.01320	0.00921	-0.01059	0.99990		-4.57361	10.15748	-1.13792	0.90912	0.40390	3.75981	0.31688	0.99782	-0.06557	-0.00705	0.06568	0.99771	0.01587	0.00599	-0.01629	0.99985	
93	0.46500	-11.06204	24.44302	-2.57841	0.75849	0.27932	-21.17858	0.64655	0.93245	0.36127	-0.00488	-0.36118	0.93240	0.01324	0.00933	-0.01058	0.99990		-4.60386	10.10497	-1.11845	0.91030	0.40675	3.75549	0.29792	0.99783	-0.06550	-0.00710	0.06560	0.99772	0.01589	0.00604	-0.01632	0.99985	
94	0.47000	-11.06021	24.34064	-2.55293	0.75632	0.28462	-21.18423	0.63824	0.93241	0.36136	-0.00497	-0.36128	0.93237	0.01320	0.00940	-0.01051	0.99990		-4.61748	9.96845	-1.10055	0.90443	0.41254	3.75897	0.30025	0.99782	-0.06556	-0.00720	0.06566	0.99772	0.01578	0.00615	-0.01622	0.99985	
95	0.47500	-11.06742	24.26092	-2.53856	0.75387	0.28649	-21.17935	0.65583	0.93244	0.36128	-0.00500	-0.36120	0.93240	0.01316	0.00942	-0.01046	0.99990		-4.61264	9.87998	-1.06723	0.90285	0.41106	3.76077	0.29892	0.99782	-0.06559	-0.00717	0.06570	0.99772	0.01576	0.00612	-0.01619	0.99985	
96	0.48000	-11.13766	24.17433	-2.53471	0.75186	0.29065	-21.17890	0.64814	0.93244	0.36128	-0.00507	-0.36119	0.93240	0.01312	0.00947	-0.01040	0.99990		-4.64551	9.80939	-1.03308	0.89867	0.41286	3.75754	0.30469	0.99782	-0.06553	-0.00721	0.06564	0.99772	0.01568	0.00616	-0.01612	0.99985	
97	0.48500	-11.09127	24.07284	-2.50703	0.74370	0.29299	-21.17903	0.63974	0.93244	0.36128	-0.00511	-0.36119	0.93240	0.01298	0.00946	-0.01026	0.99990		-4.64912	9.67134	-1.02042	0.88698	0.41550	3.75748	0.30746	0.99782	-0.06553	-0.00725	0.06564	0.99772	0.01548	0.00622	-0.01592	0.99985	
98	0.49000	-11.10526	23.98020	-2.48940	0.73377	0.29239	-21.17594	0.64587	0.93246	0.36123	-0.00510	-0.36114	0.93242	0.01281	0.00938	-0.01010	0.99990		-4.65241	9.57573	-0.98566	0.87980	0.41381	3.75482	0.29831	0.99783	-0.06549	-0.00722	0.06559	0.99773	0.01535	0.00620	-0.01579	0.99986	
99	0.49500	-11.14964	23.91453	-2.45668	0.72957	0.30098	-21.17913	0.64556	0.93244	0.36128	-0.00525	-0.36119	0.93240	0.01273	0.00950	-0.00998	0.99991		-4.66316	9.46418	-0.94611	0.86887	0.41362	3.75768	0.29902	0.99782	-0.06554	-0.00722	0.06564	0.99773	0.01516	0.00621	-0.01560	0.99986	
100	0.50000	-11.12165	23.81981	-2.41702	0.71823	0.30171	-21.17707	0.63929	0.93246	0.36125	-0.00527	-0.36116	0.93242	0.01254	0.00944	-0.00979	0.99991		-4.64725	9.35754	-0.90726	0.85942	0.41032	3.75618	0.30025	0.99783	-0.06551	-0.00716	0.06561	0.99773	0.01500	0.00616	-0.01544	0.99986	
101	0.50500	-11.17172	23.73992	-2.40131	0.70728	0.30377	-21.17853	0.62988	0.93245	0.36127	-0.00530	-0.36119	0.93241	0.01234	0.00940	-0.00960	0.99991		-4.63353	9.25178	-0.87615	0.84895	0.40472	3.75895	0.28518	0.99782	-0.06556	-0.00706	0.06566	0.99773	0.01482	0.00608	-0.01525	0.99987	
102	0.51000	-11.22363	23.68207	-2.35764	0.70145	0.31551	-21.18046	0.63466	0.93243	0.36130	-0.00551	-0.36122	0.93240	0.01224	0.00956	-0.00943	0.99991		-4.61466	9.14769	-0.84455	0.83692	0.39795	3.75765	0.29207	0.99783	-0.06553	-0.00695	0.06563	0.99774	0.01461	0.00597	-0.01503	0.99987	
103	0.51500	-11.19481	23.58221	-2.31885	0.68298	0.31404	-21.17625	0.63657	0.93246	0.36123	-0.00548	-0.36115	0.93243	0.01192	0.00942	-0.00914	0.99991		-4.65644	9.03443	-0.79882	0.82113	0.39794	3.75583	0.30296	0.99783	-0.06550	-0.00695	0.06560	0.99774	0.01433	0.00599	-0.01476	0.99987	
104	0.52000	-11.26317	23.50562	-2.26810	0.66991	0.31663	-21.17444	0.63738	0.93247	0.36120	-0.00553	-0.36112	0.93244	0.01169	0.00938	-0.00891	0.99992		-4.63506	8.91199	-0.75632	0.80593	0.39064	3.75410	0.29488	0.99783	-0.06547	-0.00682	0.06556	0.99775	0.01407	0.00588	-0.01448	0.99988	
105	0.52500	-11.25277	23.43455	-2.23448	0.65162	0.31976	-21.17966	0.63168	0.93244	0.36129	-0.00558	-0.36121	0.93241	0.01137	0.00931	-0.00859	0.99992		-4.67033	8.81459	-0.73296	0.78990	0.38695	3.75321	0.29452	0.99783	-0.06546	-0.00675	0.06555	0.99775	0.01379	0.00584	-0.01420	0.99988	
106	0.53000	-11.24998	23.35551	-2.17280	0.63464	0.31999	-21.17906	0.63655	0.93244	0.36128	-0.00558	-0.36120	0.93242	0.01108	0.00921	-0.00831	0.99992		-4.63997	8.68572	-0.68905	0.77252	0.38177	3.75436	0.29927	0.99783	-0.06548	-0.00666	0.06556	0.99776	0.01348	0.00577	-0.01389	0.99989	
107	0.53500	-11.25992	23.26725	-2.10963	0.61082	0.32139	-21.17614	0.64841	0.93246	0.36123	-0.00561	-0.36116	0.93244	0.01066	0.00908	-0.00791	0.99993		-4.61079	8.56356	-0.63262	0.75414	0.36983	3.74962	0.28827	0.99784	-0.06540	-0.00645	0.06548	0.99777	0.01316	0.00558	-0.01356	0.99989	
108	0.54000	-11.30310	23.22462	-2.06818	0.59187	0.32244	-21.17365	0.64300	0.93248	0.36119	-0.00563	-0.36112	0.93246	0.01033	0.00898	-0.00760	0.99993		-4.63837	8.45507	-0.58113	0.73220	0.36322	3.74622	0.30782	0.99784	-0.06534	-0.00634	0.06541	0.99778	0.01278	0.00549	-0.01317	0.99990	
109	0.54500	-11.33591	23.12683	-2.00595	0.57068	0.32849	-21.17574	0.63981	0.93246	0.36122	-0.00573	-0.36116	0.93245	0.00996	0.00894	-0.00722	0.99993		-4.63709	8.29276	-0.54671	0.70843	0.35559	3.74297	0.30047	0.99785	-0.06528	-0.00621	0.06535	0.99779	0.01236	0.00539	-0.01274	0.99990	
110	0.55000	-11.36651	23.08545	-1.95626	0.55040	0.32921	-21.17031	0.64829	0.93250	0.36114	-0.00575	-0.36107	0.93249	0.00961	0.00883	-0.00688	0.99994		-4.59237	8.18976	-0.49047	0.68798	0.34250	3.74484	0.30670	0.99785	-0.06531	-0.00598	0.06538	0.99779	0.01201	0.00518	-0.01237	0.99991	
111	0.55500	-11.38476	23.02145	-1.91176	0.52768	0.33393	-21.17100	0.65117	0.93249	0.36115	-0.00583	-0.36109	0.93249	0.00921	0.00876	-0.00648	0.99994		-4.62191	8.05078	-0.44916	0.66252	0.33584	3.74231	0.30391	0.99785	-0.06527	-0.00586	0.06533	0.99780	0.01156	0.00509	-0.01192	0.99992	
112	0.56000	-11.40027	22.89300	-1.78253	0.48895	0.32927	-21.16102	0.66050	0.93255	0.36098	-0.00575	-0.36093	0.93255	0.00853	0.00844	-0.00588	0.99995		-4.59375	7.92349	-0.39146	0.63896	0.32486	3.74019	0.30424	0.99785	-0.06523	-0.00567	0.06529	0.99780	0.01115	0.00493	-0.01150	0.99992	
113	0.56500	-11.40056	22.83231	-1.72947	0.46015	0.32754	-21.16346	0.66241	0.93254	0.36102	-0.00572	-0.36098	0.93254	0.00803	0.00823	-0.00543	0.99995		-4.62003	7.82390	-0.34380	0.61709	0.31184	3.73788	0.30573	0.99786	-0.06519	-0.00544	0.06525	0.99781	0.01077	0.00473	-0.01110	0.99993	
114	0.57000	-11.39844	22.76532	-1.65519	0.43010	0.33149	-21.16584	0.64801	0.93252	0.36106	-0.00579	-0.36102	0.93253	0.00751	0.00811	-0.00491	0.99996		-4.63593	7.71007	-0.29981	0.59225	0.30198	3.73568	0.30704	0.99786	-0.06515	-0.00527	0.06520	0.99782	0.01034	0.00459	-0.01066	0.99993	
115	0.57500	-11.41678	22.68277	-1.56661	0.40705	0.33805	-21.16657	0.65090	0.93252	0.36107	-0.00590	-0.36103	0.93253	0.00710	0.00807	-0.00449	0.99996		-4.59773	7.55768	-0.23932	0.56516	0.29048	3.73192	0.29942	0.99787	-0.06509	-0.00507	0.06513	0.99783	0.00986	0.00442	-0.01017	0.99994	
116	0.58000	-11.51422	22.67807	-1.50785	0.38387	0.34356	-21.16421	0.64670	0.93253	0.36104	-0.00600	-0.36100	0.93254	0.00670	0.00801	-0.00408	0.99996		-4.62757	7.44103	-0.19657	0.53673	0.28010	3.73097	0.30073	0.99787	-0.06507	-0.00489	0.06511	0.99783	0.00937	0.00427	-0.00967	0.99994	
117	0.58500	-11.52506	22.60786	-1.43822	0.35530	0.34644	-21.16381	0.64178	0.93254	0.36103	-0.00605	-0.36099	0.93255	0.00620	0.00788	-0.00360	0.99996		-4.59371	7.32408	-0.13983	0.51071	0.26349	3.72586	0.30572	0.99788	-0.06498	-0.00460	0.06502	0.99784	0.00891	0.00401	-0.00919	0.99995	
118	0.59000	-11.51193	22.54660	-1.33157	0.32488	0.34748	-21.16314	0.64366	0.93254	0.36102	-0.00606	-0.36099	0.93255	0.00567	0.00770	-0.00310	0.99997		-4.58810	7.19169	-0.05116	0.48071	0.25179	3.72421	0.31468	0.99788	-0.06495	-0.00439	0.06499	0.99785	0.00839	0.00384	-0.00866	0.99996	
119	0.59500	-11.54806	22.52062	-1.27830	0.29604	0.34510	-21.16090	0.64474	0.93255	0.36098	-0.00602	-0.36095	0.93257	0.00517	0.00748	-0.00264	0.99997		-4.56021	7.08727	-0.01466	0.45383	0.23343	3.71970	0.29342	0.99789	-0.06487	-0.00407	0.06491	0.99786	0.00792	0.00355	-0.00817	0.99996	
120	0.60000	-11.58512	22.48030	-1.19864	0.26854	0.34993	-21.16125	0.64919	0.93255	0.36099	-0.00611	-0.36096	0.93257	0.00469	0.00739	-0.00217	0.99997		-4.58775	6.95364	0.02825	0.42175	0.22081	3.71859	0.30885	0.99789	-0.06486	-0.00385	0.06488	0.99787	0.00736	0.00337	-0.00760	0.99997	
121	0.60500	-11.57743	22.43070	-1.10929	0.24252	0.35680	-21.16774	0.63719	0.93251	0.36109	-0.00623	-0.36107	0.93253	0.00423	0.00734	-0.00170	0.99997		-4.54716	6.82514	0.09170	0.39424	0.20644	3.71594	0.31843	0.99789	-0.06481	-0.00360	0.06483	0.99787	0.00688	0.00315	-0.00710	0.99997	
122	0.61000	-11.64118	22.42570	-1.04425	0.21516	0.35891	-21.16770	0.63510	0.93251	0.36109	-0.00626	-0.36107	0.93253	0.00376	0.00720	-0.00124	0.99997		-4.52786	6.74459	0.13231	0.36737	0.18862	3.71111	0.30754	0.99790	-0.06473	-0.00329	0.06475	0.99788	0.00641	0.00287	-0.00661	0.99997	
123	0.61500	-11.60197	22.32869	-0.94453	0.16707	0.35222	-21.15217	0.64547	0.93261	0.36084	-0.00615	-0.36083	0.93263	0.00292	0.00679	-0.00050	0.99998		-4.53158	6.62882	0.18498	0.33711	0.17581	3.71066	0.31662	0.99790	-0.06472	-0.00307	0.06473	0.99789	0.00588	0.00268	-0.00607	0.99998	
124	0.62000	-11.57055	22.26249	-0.85322	0.13549	0.35535	-21.15774	0.64263	0.93257	0.36093	-0.00620	-0.36092	0.93259	0.00236	0.00664	0.00003	0.99998		-4.52344	6.50532	0.26684	0.30592	0.16221	3.70565	0.32208	0.99791	-0.06463	-0.00283	0.06464	0.99789	0.00534	0.00248	-0.00551	0.99998	
125	0.62500	-11.66950	22.27471	-0.77275	0.10658	0.35960	-21.15498	0.64573	0.93259	0.36088	-0.00628	-0.36088	0.93261	0.00186	0.00652	0.00053	0.99998		-4.55530	6.41007	0.30620	0.27599	0.14481	3.70685	0.31397	0.99790	-0.06465	-0.00253	0.06466	0.99790	0.00482	0.00221	-0.00497	0.99999	
126	0.63000	-11.68605	22.25941	-0.68533	0.07881	0.36307	-21.15352	0.64453	0.93260	0.36086	-0.00634	-0.36086	0.93262	0.00138	0.00641	0.00100	0.99998		-4.52609	6.29083	0.36471	0.24476	0.12937	3.69977	0.31010	0.99791	-0.06453	-0.00226	0.06454	0.99791	0.00427	0.00198	-0.00441	0.99999	
127	0.63500	-11.66705	22.22572	-0.58349	0.04991	0.36831	-21.15092	0.66022	0.93261	0.36082	-0.00643	-0.36082	0.93263	0.00087	0.00631	0.00151	0.99998		-4.49829	6.17942	0.42023	0.21414	0.11835	3.69989	0.31882	0.99791	-0.06453	-0.00207	0.06454	0.99791	0.00374	0.00182	-0.00386	0.99999	
128	0.64000	-11.73505	22.22539	-0.52520	0.01919	0.37156	-21.15523	0.64660	0.93259	0.36089	-0.00648	-0.36089	0.93261	0.00033	0.00617	0.00203	0.99998		-4.52870	6.10980	0.45353	0.18527	0.09907	3.69304	0.31458	0.99792	-0.06441	-0.00173	0.06442	0.99792	0.00323	0.00152	-0.00334	0.99999	
129	0.64500	-11.73992	22.22820	-0.42827	-0.00545	0.37660	-21.15443	0.64683	0.93259	0.36088	-0.00657	-0.36088	0.93261	-0.00010	0.00610	0.00246	0.99998		-4.50829	6.01775	0.50157	0.15497	0.08793	3.68807	0.31325	0.99793	-0.06432	-0.00153	0.06433	0.99793	0.00270	0.00136	-0.00280	1.00000	
130	0.65000	-11.76904	22.21543	-0.34872	-0.03411	0.38615	-21.14930	0.65834	0.93262	0.36079	-0.00674	-0.36080	0.93264	-0.00060	0.00607	0.00299	0.99998		-4.47965	5.88852	0.55262	0.12102	0.06961	3.68532	0.30665	0.99793	-0.06428	-0.00121	0.06428	0.99793	0.00211	0.00108	-0.00219	1.00000	
131	0.65500	-11.82363	22.23665	-0.28818	-0.05778	0.39373	-21.15185	0.65684	0.93261	0.36083	-0.00687	-0.36085	0.93262	-0.00101	0.00604	0.00342	0.99998		-4.50734	5.82339	0.58978	0.09165	0.05693	3.68060	0.31398	0.99794	-0.06419	-0.00099	0.06420	0.99794	0.00160	0.00089	-0.00166	1.00000	
132	0.66000	-11.81211	22.24624	-0.19995	-0.08030	0.39908	-21.15155	0.65725	0.93261	0.36083	-0.00697	-0.36084	0.93262	-0.00140	0.00599	0.00382	0.99997		-4.45879	5.74448	0.67053	0.06219	0.04121	3.67512	0.30488	0.99794	-0.06410	-0.00072	0.06410	0.99794	0.00109	0.00065	-0.00113	1.00000	
133	0.66500	-11.78378	22.17313	-0.07448	-0.12908	0.39695	-21.14002	0.67500	0.93268	0.36064	-0.00693	-0.36066	0.93269	-0.00225	0.00565	0.00460	0.99997		-4.44798	5.67254	0.71791	0.03281	0.02585	3.67700	0.31004	0.99794	-0.06413	-0.00045	0.06413	0.99794	0.00057	0.00041	-0.00060	1.00000	
134	0.67000	-11.80215	22.18619	0.00435	-0.15315	0.40626	-21.14420	0.66512	0.93265	0.36071	-0.00709	-0.36073	0.93267	-0.00267	0.00565	0.00505	0.99997		-4.45254	5.57240	0.76506	0.00200	0.01038	3.67527	0.31515	0.99794	-0.06410	-0.00018	0.06410	0.99794	0.00003	0.00018	-0.00005	1.00000	
135	0.67500	-11.82417	22.20308	0.07013	-0.17953	0.40872	-21.14154	0.66417	0.93267	0.36066	-0.00713	-0.36069	0.93268	-0.00313	0.00552	0.00550	0.99997		-4.40525	5.51090	0.80830	-0.02778	-0.00468	3.66827	0.32352	0.99795	-0.06398	0.00008	0.06398	0.99795	-0.00048	-0.00005	0.00049	1.00000	
136	0.68000	-11.84309	22.20340	0.16486	-0.20289	0.42238	-21.14359	0.67541	0.93265	0.36070	-0.00737	-0.36073	0.93266	-0.00354	0.00560	0.00596	0.99997		-4.41350	5.43801	0.86115	-0.05708	-0.01546	3.66712	0.33844	0.99795	-0.06396	0.00027	0.06396	0.99795	-0.00100	-0.00021	0.00101	1.00000	
137	0.68500	-11.88349	22.23065	0.22700	-0.22567	0.43206	-21.14950	0.67357	0.93262	0.36079	-0.00754	-0.36083	0.93262	-0.00394	0.00561	0.00639	0.99996		-4.44037	5.38204	0.88782	-0.08609	-0.02996	3.65861	0.32201	0.99796	-0.06381	0.00052	0.06381	0.99796	-0.00150	-0.00043	0.00153	1.00000	
138	0.69000	-11.87583	22.25101	0.31129	-0.25014	0.43678	-21.14427	0.67248	0.93265	0.36071	-0.00762	-0.36075	0.93265	-0.00437	0.00554	0.00682	0.99996		-4.39031	5.30534	0.95283	-0.11769	-0.04169	3.65796	0.31837	0.99796	-0.06380	0.00073	0.06380	0.99796	-0.00205	-0.00060	0.00210	1.00000	
