NO_OF_FRAMES	12039
NO_OF_CAMERAS	8
NO_OF_BODIES	2
FREQUENCY	200
NO_OF_ANALOG	0
ANALOG_FREQUENCY	0
DESCRIPTION	--
TIME_STAMP	2013-07-04, 18:19:55	121210.79016594
DATA_INCLUDED	6D
BODY_NAMES	Ice 2 V2	Ice 3
Frame	Time	Ice 2 V2 X	Y	Z	Roll	Pitch	Yaw	Residual	Rot[0]	Rot[1]	Rot[2]	Rot[3]	Rot[4]	Rot[5]	Rot[6]	Rot[7]	Rot[8]	Ice 3 X	Y	Z	Roll	Pitch	Yaw	Residual	Rot[0]	Rot[1]	Rot[2]	Rot[3]	Rot[4]	Rot[5]	Rot[6]	Rot[7]	Rot[8]	
1	0.00500	2.64779	0.22122	-5.36310	0.12110	-0.03774	-0.40142	1.98128	0.99998	0.00701	0.00066	-0.00701	0.99997	0.00211	-0.00064	-0.00212	1.00000		-1.61744	4.44205	-4.78293	0.11131	0.10628	4.18082	0.18802	0.99734	-0.07290	-0.00185	0.07291	0.99734	0.00194	0.00171	-0.00207	1.00000	
2	0.01000	2.73090	0.21747	-5.34230	0.11921	-0.03772	-0.40470	1.93452	0.99997	0.00706	0.00066	-0.00706	0.99997	0.00208	-0.00064	-0.00209	1.00000		-1.51598	4.43082	-4.77861	0.10737	0.10290	4.18006	0.17705	0.99734	-0.07289	-0.00180	0.07289	0.99734	0.00187	0.00165	-0.00200	1.00000	
3	0.01500	2.87599	0.20546	-5.35465	0.11615	-0.04383	-0.39968	1.93753	0.99998	0.00698	0.00076	-0.00698	0.99997	0.00203	-0.00075	-0.00203	1.00000		-1.43943	4.40902	-4.83042	0.10224	0.10198	4.17977	0.18221	0.99734	-0.07289	-0.00178	0.07289	0.99734	0.00178	0.00165	-0.00191	1.00000	
4	0.02000	2.97974	0.22776	-5.34421	0.11554	-0.04782	-0.40046	1.92559	0.99998	0.00699	0.00083	-0.00699	0.99997	0.00202	-0.00082	-0.00202	1.00000		-1.31669	4.42549	-4.86039	0.10228	0.09699	4.17730	0.17889	0.99734	-0.07284	-0.00169	0.07285	0.99734	0.00179	0.00156	-0.00190	1.00000	
5	0.02500	3.08178	0.22691	-5.34237	0.11341	-0.05232	-0.39854	1.93005	0.99998	0.00696	0.00091	-0.00696	0.99997	0.00198	-0.00090	-0.00199	1.00000		-1.21311	4.42870	-4.88869	0.09936	0.09374	4.17722	0.18520	0.99734	-0.07284	-0.00164	0.07284	0.99734	0.00173	0.00151	-0.00185	1.00000	
6	0.03000	3.22795	0.23747	-5.35204	0.11448	-0.05813	-0.40035	1.92949	0.99998	0.00699	0.00101	-0.00699	0.99997	0.00200	-0.00100	-0.00201	1.00000		-1.08347	4.42219	-4.93212	0.09836	0.08922	4.17912	0.17604	0.99734	-0.07287	-0.00156	0.07288	0.99734	0.00172	0.00143	-0.00183	1.00000	
7	0.03500	3.34404	0.23678	-5.34886	0.11456	-0.06232	-0.40091	1.91078	0.99997	0.00700	0.00109	-0.00700	0.99997	0.00200	-0.00107	-0.00201	1.00000		-1.00166	4.41971	-4.95771	0.09759	0.08932	4.18180	0.17673	0.99734	-0.07292	-0.00156	0.07292	0.99734	0.00170	0.00143	-0.00181	1.00000	
8	0.04000	3.48757	0.23034	-5.34149	0.10873	-0.07097	-0.39517	1.91745	0.99998	0.00690	0.00124	-0.00690	0.99997	0.00190	-0.00123	-0.00191	1.00000		-0.89876	4.42818	-4.99162	0.09530	0.08272	4.17947	0.17379	0.99734	-0.07288	-0.00144	0.07288	0.99734	0.00166	0.00132	-0.00176	1.00000	
9	0.04500	3.59416	0.23492	-5.32542	0.10822	-0.07288	-0.39725	1.93437	0.99998	0.00693	0.00127	-0.00694	0.99997	0.00189	-0.00126	-0.00190	1.00000		-0.76487	4.43432	-5.03185	0.09388	0.07933	4.17863	0.17020	0.99734	-0.07287	-0.00138	0.07287	0.99734	0.00164	0.00126	-0.00174	1.00000	
10	0.05000	3.71697	0.23739	-5.32626	0.10871	-0.08071	-0.40286	1.92742	0.99997	0.00703	0.00141	-0.00703	0.99997	0.00190	-0.00140	-0.00191	1.00000		-0.65672	4.42931	-5.05601	0.09154	0.07641	4.17522	0.17418	0.99735	-0.07281	-0.00133	0.07281	0.99734	0.00160	0.00121	-0.00169	1.00000	
11	0.05500	3.84013	0.23555	-5.31503	0.10419	-0.08575	-0.40191	1.92571	0.99997	0.00701	0.00150	-0.00702	0.99997	0.00182	-0.00148	-0.00183	1.00000		-0.56095	4.43367	-5.07718	0.08912	0.07476	4.17895	0.17146	0.99734	-0.07287	-0.00130	0.07287	0.99734	0.00156	0.00119	-0.00165	1.00000	
12	0.06000	3.95652	0.22189	-5.29723	0.10353	-0.08938	-0.39924	1.91523	0.99997	0.00697	0.00156	-0.00697	0.99997	0.00181	-0.00155	-0.00182	1.00000		-0.45574	4.42467	-5.11820	0.08613	0.07213	4.17565	0.18425	0.99734	-0.07281	-0.00126	0.07282	0.99734	0.00150	0.00115	-0.00159	1.00000	
13	0.06500	4.07828	0.23317	-5.30428	0.10149	-0.09417	-0.39572	1.90552	0.99997	0.00691	0.00164	-0.00691	0.99997	0.00177	-0.00163	-0.00178	1.00000		-0.33505	4.43199	-5.13628	0.08432	0.06647	4.17738	0.17523	0.99734	-0.07284	-0.00116	0.07285	0.99734	0.00147	0.00105	-0.00155	1.00000	
14	0.07000	4.24070	0.22090	-5.29826	0.09767	-0.10631	-0.39400	1.91688	0.99997	0.00688	0.00186	-0.00688	0.99997	0.00170	-0.00184	-0.00172	1.00000		-0.22710	4.43077	-5.17130	0.08379	0.06207	4.17769	0.16222	0.99734	-0.07285	-0.00108	0.07285	0.99734	0.00146	0.00097	-0.00154	1.00000	
15	0.07500	4.30748	0.24825	-5.28201	0.10144	-0.10601	-0.39968	1.89878	0.99997	0.00698	0.00185	-0.00698	0.99997	0.00177	-0.00184	-0.00178	1.00000		-0.13321	4.44563	-5.18306	0.08247	0.06032	4.17555	0.17449	0.99735	-0.07281	-0.00105	0.07281	0.99734	0.00144	0.00095	-0.00151	1.00000	
16	0.08000	4.44244	0.23646	-5.26995	0.10037	-0.11600	-0.39961	1.89417	0.99997	0.00697	0.00202	-0.00698	0.99997	0.00175	-0.00201	-0.00177	1.00000		-0.04277	4.45371	-5.21259	0.08071	0.05953	4.17983	0.18195	0.99734	-0.07289	-0.00104	0.07289	0.99734	0.00141	0.00093	-0.00148	1.00000	
17	0.08500	4.54649	0.24570	-5.25862	0.09880	-0.11478	-0.39448	1.91331	0.99997	0.00688	0.00200	-0.00689	0.99997	0.00172	-0.00199	-0.00174	1.00000		0.08469	4.45304	-5.23025	0.07941	0.05356	4.17737	0.16736	0.99734	-0.07284	-0.00093	0.07285	0.99734	0.00139	0.00083	-0.00145	1.00000	
18	0.09000	4.67446	0.25492	-5.23711	0.09968	-0.12490	-0.39688	1.90289	0.99997	0.00693	0.00218	-0.00693	0.99997	0.00174	-0.00217	-0.00175	1.00000		0.25046	4.44850	-5.24811	0.07622	0.04676	4.17991	0.16056	0.99734	-0.07289	-0.00082	0.07289	0.99734	0.00133	0.00072	-0.00139	1.00000	
19	0.09500	4.79271	0.24671	-5.20612	0.09638	-0.12811	-0.39605	1.89173	0.99997	0.00691	0.00224	-0.00692	0.99997	0.00168	-0.00222	-0.00170	1.00000		0.35169	4.46453	-5.26749	0.07507	0.04384	4.17726	0.16547	0.99734	-0.07284	-0.00077	0.07284	0.99734	0.00131	0.00067	-0.00136	1.00000	
20	0.10000	4.89941	0.24972	-5.20012	0.09646	-0.13256	-0.39879	1.90477	0.99997	0.00696	0.00231	-0.00696	0.99997	0.00168	-0.00230	-0.00170	1.00000		0.44799	4.44411	-5.28748	0.07265	0.04096	4.17681	0.17096	0.99734	-0.07283	-0.00071	0.07284	0.99734	0.00127	0.00062	-0.00132	1.00000	
21	0.10500	5.02234	0.24990	-5.16667	0.09613	-0.13572	-0.40069	1.89550	0.99997	0.00699	0.00237	-0.00700	0.99997	0.00168	-0.00236	-0.00169	1.00000		0.53775	4.46023	-5.30559	0.07161	0.03661	4.17518	0.17762	0.99735	-0.07281	-0.00064	0.07281	0.99735	0.00125	0.00055	-0.00129	1.00000	
22	0.11000	5.15282	0.24667	-5.14909	0.09555	-0.14594	-0.39574	1.91215	0.99997	0.00691	0.00255	-0.00691	0.99997	0.00167	-0.00254	-0.00169	1.00000		0.65937	4.46289	-5.31507	0.07108	0.03178	4.17544	0.18084	0.99735	-0.07281	-0.00055	0.07281	0.99734	0.00124	0.00046	-0.00128	1.00000	
23	0.11500	5.28570	0.26172	-5.12609	0.09789	-0.14965	-0.40265	1.88714	0.99997	0.00703	0.00261	-0.00703	0.99997	0.00171	-0.00260	-0.00173	1.00000		0.77485	4.45843	-5.34392	0.06848	0.02963	4.17447	0.19767	0.99735	-0.07279	-0.00052	0.07279	0.99735	0.00120	0.00043	-0.00123	1.00000	
24	0.12000	5.30864	0.13032	-5.32756	0.06889	-0.13738	-0.40018	1.85567	0.99997	0.00698	0.00240	-0.00699	0.99997	0.00120	-0.00239	-0.00122	1.00000		0.92854	4.34332	-5.23508	0.04795	0.01623	4.17519	0.22224	0.99735	-0.07281	-0.00028	0.07281	0.99735	0.00084	0.00022	-0.00086	1.00000	
25	0.12500	5.44119	0.12498	-5.30053	0.06580	-0.14476	-0.39962	1.86335	0.99997	0.00697	0.00253	-0.00698	0.99998	0.00115	-0.00252	-0.00117	1.00000		1.04955	4.36173	-5.24149	0.04850	0.00850	4.17469	0.21511	0.99735	-0.07280	-0.00015	0.07280	0.99735	0.00085	0.00009	-0.00086	1.00000	
26	0.13000	5.55029	0.14407	-5.28460	0.06616	-0.15044	-0.39818	1.86000	0.99997	0.00695	0.00263	-0.00695	0.99998	0.00115	-0.00262	-0.00117	1.00000		1.16531	4.33416	-5.25139	0.04182	0.00584	4.17241	0.22233	0.99735	-0.07276	-0.00010	0.07276	0.99735	0.00073	0.00005	-0.00074	1.00000	
27	0.13500	5.66783	0.14252	-5.23724	0.06853	-0.15505	-0.40028	1.85204	0.99997	0.00699	0.00271	-0.00699	0.99997	0.00120	-0.00270	-0.00121	1.00000		1.27337	4.34963	-5.26380	0.04102	0.00202	4.17246	0.22879	0.99735	-0.07276	-0.00004	0.07276	0.99735	0.00072	-0.00002	-0.00072	1.00000	
28	0.14000	5.78605	0.12802	-5.22775	0.06636	-0.16320	-0.40358	1.84044	0.99997	0.00704	0.00285	-0.00705	0.99997	0.00116	-0.00284	-0.00118	1.00000		1.41553	4.35421	-5.28528	0.03995	-0.00587	4.17631	0.21867	0.99734	-0.07283	0.00010	0.07283	0.99734	0.00070	-0.00015	-0.00069	1.00000	
29	0.14500	5.91690	0.12692	-5.18887	0.06554	-0.17269	-0.40529	1.84814	0.99997	0.00707	0.00301	-0.00708	0.99997	0.00114	-0.00301	-0.00117	0.99999		1.53006	4.35801	-5.28268	0.03896	-0.01107	4.17755	0.23021	0.99734	-0.07285	0.00019	0.07285	0.99734	0.00068	-0.00024	-0.00066	1.00000	
30	0.15000	6.01576	0.12245	-5.15475	0.06382	-0.17426	-0.40358	1.83883	0.99997	0.00704	0.00304	-0.00705	0.99997	0.00111	-0.00303	-0.00114	0.99999		1.64527	4.35387	-5.28224	0.03583	-0.01365	4.17166	0.24272	0.99735	-0.07274	0.00024	0.07274	0.99735	0.00063	-0.00028	-0.00061	1.00000	
31	0.15500	6.18905	0.11236	-5.11540	0.06290	-0.18633	-0.40895	1.84808	0.99997	0.00714	0.00325	-0.00714	0.99997	0.00110	-0.00324	-0.00112	0.99999		1.75445	4.36004	-5.28068	0.03589	-0.01964	4.17318	0.23261	0.99735	-0.07277	0.00034	0.07277	0.99735	0.00063	-0.00039	-0.00060	1.00000	
32	0.16000	6.26949	0.11166	-5.08549	0.06199	-0.18730	-0.40458	1.82717	0.99997	0.00706	0.00327	-0.00706	0.99997	0.00108	-0.00326	-0.00111	0.99999		1.86383	4.36059	-5.28201	0.03421	-0.02394	4.17401	0.23345	0.99735	-0.07279	0.00042	0.07279	0.99735	0.00060	-0.00046	-0.00057	1.00000	
33	0.16500	6.35320	0.10539	-5.03729	0.06056	-0.19012	-0.40841	1.84316	0.99997	0.00713	0.00332	-0.00713	0.99997	0.00106	-0.00331	-0.00108	0.99999		1.99580	4.37536	-5.28603	0.03288	-0.02994	4.17491	0.23824	0.99735	-0.07280	0.00052	0.07280	0.99735	0.00057	-0.00056	-0.00053	1.00000	
34	0.17000	6.51222	0.09722	-5.00721	0.05864	-0.20359	-0.40615	1.81284	0.99997	0.00709	0.00355	-0.00709	0.99997	0.00102	-0.00355	-0.00105	0.99999		2.13555	4.35686	-5.28795	0.02976	-0.03652	4.17435	0.22556	0.99735	-0.07279	0.00064	0.07279	0.99735	0.00052	-0.00067	-0.00047	1.00000	
35	0.17500	6.55750	0.12142	-4.95978	0.06170	-0.20127	-0.40692	1.81928	0.99997	0.00710	0.00351	-0.00711	0.99997	0.00108	-0.00351	-0.00110	0.99999		2.22578	4.37598	-5.27157	0.03099	-0.04078	4.17540	0.23450	0.99735	-0.07281	0.00071	0.07281	0.99735	0.00054	-0.00075	-0.00049	1.00000	
36	0.18000	6.73889	0.09505	-4.91950	0.05838	-0.21559	-0.40738	1.80899	0.99997	0.00711	0.00376	-0.00711	0.99997	0.00102	-0.00376	-0.00105	0.99999		2.35821	4.35985	-5.26679	0.02798	-0.04613	4.17343	0.23749	0.99735	-0.07278	0.00081	0.07278	0.99735	0.00049	-0.00084	-0.00043	1.00000	
37	0.18500	6.84241	0.09456	-4.87500	0.05947	-0.21929	-0.40745	1.80784	0.99997	0.00711	0.00383	-0.00712	0.99997	0.00104	-0.00382	-0.00107	0.99999		2.45376	4.37052	-5.26500	0.02712	-0.04980	4.17488	0.23615	0.99735	-0.07280	0.00087	0.07280	0.99735	0.00047	-0.00090	-0.00041	1.00000	
38	0.19000	6.95920	0.08936	-4.82691	0.05982	-0.22227	-0.41146	1.79083	0.99997	0.00718	0.00388	-0.00719	0.99997	0.00104	-0.00387	-0.00107	0.99999		2.54813	4.35752	-5.26203	0.02445	-0.05539	4.17449	0.23861	0.99735	-0.07279	0.00097	0.07279	0.99735	0.00043	-0.00100	-0.00036	1.00000	
39	0.19500	7.05323	0.09608	-4.77183	0.06169	-0.22704	-0.40271	1.80659	0.99997	0.00703	0.00396	-0.00703	0.99997	0.00108	-0.00395	-0.00110	0.99999		2.69574	4.37688	-5.24197	0.02758	-0.06289	4.17262	0.23561	0.99735	-0.07276	0.00110	0.07276	0.99735	0.00048	-0.00113	-0.00040	1.00000	
40	0.20000	7.20189	0.09281	-4.72850	0.06075	-0.23982	-0.40470	1.81051	0.99997	0.00706	0.00419	-0.00707	0.99997	0.00106	-0.00418	-0.00109	0.99999		2.81589	4.38148	-5.23699	0.02518	-0.06880	4.17345	0.23485	0.99735	-0.07278	0.00120	0.07278	0.99735	0.00044	-0.00123	-0.00035	1.00000	
41	0.20500	7.29876	0.08014	-4.68183	0.05883	-0.24307	-0.40650	1.79224	0.99997	0.00709	0.00424	-0.00710	0.99997	0.00103	-0.00423	-0.00106	0.99999		2.93962	4.37883	-5.21401	0.02545	-0.07428	4.17451	0.24048	0.99735	-0.07279	0.00130	0.07279	0.99735	0.00044	-0.00133	-0.00035	1.00000	
42	0.21000	7.38770	0.09566	-4.62069	0.06079	-0.24816	-0.40522	1.77974	0.99997	0.00707	0.00433	-0.00708	0.99997	0.00106	-0.00432	-0.00109	0.99999		3.04591	4.38819	-5.21630	0.02605	-0.07975	4.17615	0.23324	0.99734	-0.07282	0.00139	0.07282	0.99734	0.00045	-0.00142	-0.00035	1.00000	
43	0.21500	7.49885	0.06032	-4.56744	0.05937	-0.25332	-0.40892	1.77848	0.99996	0.00714	0.00442	-0.00714	0.99997	0.00104	-0.00441	-0.00107	0.99999		3.14803	4.39988	-5.19180	0.02481	-0.08467	4.17166	0.24577	0.99735	-0.07274	0.00148	0.07274	0.99735	0.00043	-0.00151	-0.00032	1.00000	
44	0.22000	7.59210	0.05728	-4.51043	0.05617	-0.26065	-0.40568	1.76711	0.99996	0.00708	0.00455	-0.00708	0.99997	0.00098	-0.00454	-0.00101	0.99999		3.25720	4.37515	-5.19035	0.02244	-0.08829	4.16982	0.25444	0.99735	-0.07271	0.00154	0.07271	0.99735	0.00039	-0.00157	-0.00028	1.00000	
45	0.22500	7.72380	0.08031	-4.45732	0.06007	-0.26695	-0.40670	1.76538	0.99996	0.00710	0.00466	-0.00710	0.99997	0.00105	-0.00465	-0.00108	0.99999		3.38140	4.39826	-5.17520	0.02338	-0.09451	4.17254	0.26144	0.99735	-0.07276	0.00165	0.07276	0.99735	0.00041	-0.00167	-0.00029	1.00000	
46	0.23000	7.81544	0.07379	-4.37274	0.06058	-0.27417	-0.40408	1.74713	0.99996	0.00705	0.00479	-0.00706	0.99997	0.00106	-0.00478	-0.00109	0.99999		3.53475	4.40524	-5.14606	0.02821	-0.10653	4.17578	0.23847	0.99734	-0.07282	0.00186	0.07282	0.99735	0.00049	-0.00189	-0.00036	1.00000	
47	0.23500	7.91058	0.05703	-4.30393	0.06002	-0.27593	-0.40169	1.76290	0.99996	0.00701	0.00482	-0.00702	0.99997	0.00105	-0.00481	-0.00108	0.99999		3.65196	4.37971	-5.14009	0.02121	-0.11096	4.17462	0.25184	0.99734	-0.07280	0.00194	0.07280	0.99735	0.00037	-0.00196	-0.00023	1.00000	
48	0.24000	7.99201	0.05966	-4.24539	0.05979	-0.28001	-0.40744	1.75067	0.99996	0.00711	0.00489	-0.00712	0.99997	0.00104	-0.00488	-0.00108	0.99999		3.73887	4.40972	-5.12730	0.02641	-0.11669	4.17428	0.25852	0.99735	-0.07279	0.00204	0.07279	0.99735	0.00046	-0.00206	-0.00031	1.00000	
49	0.24500	8.11514	0.05134	-4.18516	0.06093	-0.28771	-0.40297	1.75733	0.99996	0.00703	0.00502	-0.00704	0.99997	0.00106	-0.00501	-0.00110	0.99999		3.88974	4.41159	-5.09982	0.02655	-0.12613	4.17805	0.25039	0.99734	-0.07286	0.00220	0.07286	0.99734	0.00046	-0.00223	-0.00030	1.00000	
50	0.25000	8.19806	0.03375	-4.09976	0.05820	-0.29184	-0.40548	1.75550	0.99996	0.00708	0.00509	-0.00708	0.99997	0.00102	-0.00509	-0.00105	0.99999		4.03015	4.41735	-5.08102	0.02729	-0.13258	4.17603	0.24815	0.99734	-0.07282	0.00231	0.07282	0.99734	0.00048	-0.00234	-0.00031	1.00000	
51	0.25500	8.27253	0.03627	-4.03468	0.06041	-0.29786	-0.40943	1.75701	0.99996	0.00715	0.00520	-0.00715	0.99997	0.00105	-0.00519	-0.00109	0.99999		4.10336	4.41706	-5.05358	0.02811	-0.13478	4.17683	0.26235	0.99734	-0.07283	0.00235	0.07283	0.99734	0.00049	-0.00238	-0.00032	1.00000	
52	0.26000	8.39915	0.04395	-3.98650	0.05903	-0.30613	-0.40944	1.75279	0.99996	0.00715	0.00534	-0.00715	0.99997	0.00103	-0.00534	-0.00107	0.99999		4.21730	4.41264	-5.02231	0.02936	-0.14218	4.17638	0.27113	0.99734	-0.07283	0.00248	0.07283	0.99734	0.00051	-0.00251	-0.00033	1.00000	
53	0.26500	8.45218	0.02964	-3.88741	0.05778	-0.31010	-0.41000	1.76667	0.99996	0.00716	0.00541	-0.00716	0.99997	0.00101	-0.00540	-0.00105	0.99998		4.34881	4.43675	-4.98884	0.03161	-0.15005	4.17470	0.25619	0.99734	-0.07280	0.00262	0.07280	0.99735	0.00055	-0.00265	-0.00036	1.00000	
54	0.27000	8.55654	0.05243	-3.83223	0.06380	-0.31770	-0.40694	1.73685	0.99996	0.00710	0.00554	-0.00711	0.99997	0.00111	-0.00554	-0.00115	0.99998		4.46607	4.41720	-4.98103	0.03048	-0.15813	4.17533	0.23821	0.99734	-0.07281	0.00276	0.07281	0.99735	0.00053	-0.00279	-0.00033	1.00000	
55	0.27500	8.65191	0.03514	-3.74523	0.06034	-0.32486	-0.40572	1.74089	0.99996	0.00708	0.00567	-0.00709	0.99997	0.00105	-0.00566	-0.00109	0.99998		4.60053	4.41649	-4.93246	0.03044	-0.16676	4.17633	0.24955	0.99734	-0.07283	0.00291	0.07282	0.99734	0.00053	-0.00294	-0.00032	1.00000	
56	0.28000	8.73918	0.03248	-3.68652	0.06412	-0.33179	-0.40573	1.74333	0.99996	0.00708	0.00579	-0.00709	0.99997	0.00112	-0.00578	-0.00116	0.99998		4.69024	4.43557	-4.88855	0.03367	-0.16983	4.17534	0.26855	0.99734	-0.07281	0.00296	0.07281	0.99735	0.00059	-0.00300	-0.00037	1.00000	
57	0.28500	8.82283	0.04103	-3.60886	0.06735	-0.33985	-0.40823	1.74285	0.99996	0.00712	0.00593	-0.00713	0.99997	0.00118	-0.00592	-0.00122	0.99998		4.79950	4.42680	-4.85913	0.03444	-0.17622	4.17722	0.26073	0.99734	-0.07284	0.00308	0.07284	0.99734	0.00060	-0.00311	-0.00038	1.00000	
58	0.29000	8.92481	0.05231	-3.53643	0.06785	-0.34882	-0.40691	1.73556	0.99996	0.00710	0.00609	-0.00711	0.99997	0.00118	-0.00608	-0.00123	0.99998		4.88641	4.42835	-4.83649	0.03551	-0.18405	4.17622	0.24957	0.99734	-0.07282	0.00321	0.07282	0.99734	0.00062	-0.00325	-0.00038	0.99999	
59	0.29500	9.03403	0.04560	-3.46027	0.06906	-0.35535	-0.40760	1.72365	0.99996	0.00711	0.00620	-0.00712	0.99997	0.00121	-0.00619	-0.00125	0.99998		5.03065	4.43025	-4.78961	0.03534	-0.18922	4.17828	0.26673	0.99734	-0.07286	0.00330	0.07286	0.99734	0.00062	-0.00334	-0.00037	0.99999	
60	0.30000	9.08532	0.05013	-3.37536	0.07111	-0.35615	-0.40764	1.73046	0.99996	0.00711	0.00622	-0.00712	0.99997	0.00124	-0.00621	-0.00129	0.99998		5.14550	4.41655	-4.76031	0.03656	-0.19696	4.17799	0.26019	0.99734	-0.07285	0.00344	0.07285	0.99734	0.00064	-0.00347	-0.00039	0.99999	
61	0.30500	9.17808	0.04700	-3.28314	0.07236	-0.36584	-0.41256	1.71504	0.99995	0.00720	0.00639	-0.00721	0.99997	0.00126	-0.00638	-0.00131	0.99998		5.25225	4.42830	-4.72744	0.04055	-0.20301	4.17853	0.26094	0.99734	-0.07286	0.00354	0.07286	0.99734	0.00071	-0.00359	-0.00045	0.99999	
62	0.31000	9.27374	0.03826	-3.19972	0.06865	-0.37546	-0.40565	1.72921	0.99995	0.00708	0.00655	-0.00709	0.99997	0.00120	-0.00654	-0.00124	0.99998		5.33990	4.43615	-4.67849	0.04172	-0.20926	4.17552	0.25514	0.99734	-0.07281	0.00365	0.07281	0.99735	0.00073	-0.00370	-0.00046	0.99999	
63	0.31500	9.38477	0.02872	-3.11923	0.06884	-0.38441	-0.41113	1.69741	0.99995	0.00718	0.00671	-0.00718	0.99997	0.00120	-0.00670	-0.00125	0.99998		5.45507	4.40328	-4.64671	0.03941	-0.21532	4.17909	0.26325	0.99733	-0.07287	0.00376	0.07287	0.99734	0.00069	-0.00380	-0.00041	0.99999	
64	0.32000	9.46551	0.03924	-3.04339	0.06930	-0.39509	-0.40405	1.69541	0.99995	0.00705	0.00690	-0.00706	0.99997	0.00121	-0.00689	-0.00126	0.99998		5.57605	4.42624	-4.59696	0.04342	-0.22141	4.18210	0.25441	0.99733	-0.07293	0.00386	0.07292	0.99734	0.00076	-0.00391	-0.00047	0.99999	
65	0.32500	9.55319	0.04708	-2.93875	0.07339	-0.39802	-0.40642	1.69692	0.99995	0.00709	0.00695	-0.00710	0.99997	0.00128	-0.00694	-0.00133	0.99998		5.67904	4.42811	-4.55160	0.04710	-0.22373	4.18191	0.25554	0.99733	-0.07292	0.00390	0.07292	0.99734	0.00082	-0.00395	-0.00054	0.99999	
66	0.33000	9.60981	0.04428	-2.86075	0.07085	-0.40537	-0.40639	1.68279	0.99995	0.00709	0.00708	-0.00710	0.99997	0.00124	-0.00707	-0.00129	0.99997		5.76552	4.41291	-4.50403	0.04637	-0.23333	4.18253	0.25986	0.99733	-0.07293	0.00407	0.07293	0.99734	0.00081	-0.00412	-0.00051	0.99999	
67	0.33500	9.70981	0.02424	-2.75955	0.06870	-0.41209	-0.41197	1.68267	0.99995	0.00719	0.00719	-0.00720	0.99997	0.00120	-0.00718	-0.00125	0.99997		5.88589	4.42206	-4.44191	0.04997	-0.24161	4.18223	0.26375	0.99733	-0.07293	0.00422	0.07293	0.99734	0.00087	-0.00427	-0.00056	0.99999	
68	0.34000	9.78201	0.00959	-2.66296	0.06646	-0.42469	-0.40772	1.66620	0.99995	0.00712	0.00741	-0.00712	0.99997	0.00116	-0.00740	-0.00121	0.99997		5.99097	4.40978	-4.40780	0.05025	-0.24740	4.18573	0.24926	0.99732	-0.07299	0.00432	0.07299	0.99733	0.00088	-0.00437	-0.00056	0.99999	
69	0.34500	9.85206	0.00671	-2.57917	0.06737	-0.42876	-0.40812	1.67057	0.99995	0.00712	0.00748	-0.00713	0.99997	0.00118	-0.00747	-0.00123	0.99997		6.11388	4.42894	-4.36391	0.05423	-0.25452	4.18113	0.26785	0.99733	-0.07291	0.00444	0.07291	0.99734	0.00095	-0.00450	-0.00062	0.99999	
70	0.35000	9.90868	0.00371	-2.47138	0.06474	-0.43231	-0.40877	1.65648	0.99995	0.00713	0.00755	-0.00714	0.99997	0.00113	-0.00754	-0.00118	0.99997		6.19451	4.41754	-4.29644	0.05600	-0.25965	4.18544	0.26716	0.99732	-0.07298	0.00453	0.07298	0.99733	0.00098	-0.00459	-0.00064	0.99999	
71	0.35500	9.96827	-0.01698	-2.37366	0.06328	-0.43610	-0.41163	1.66736	0.99995	0.00718	0.00761	-0.00719	0.99997	0.00110	-0.00760	-0.00116	0.99997		6.30975	4.39708	-4.24005	0.05515	-0.26603	4.18355	0.27310	0.99732	-0.07295	0.00464	0.07295	0.99734	0.00096	-0.00470	-0.00062	0.99999	
72	0.36000	10.03792	-0.00229	-2.28713	0.06463	-0.44292	-0.41349	1.66119	0.99994	0.00722	0.00773	-0.00723	0.99997	0.00113	-0.00772	-0.00118	0.99997		6.38867	4.40978	-4.19909	0.05900	-0.27081	4.18442	0.28273	0.99732	-0.07297	0.00473	0.07296	0.99733	0.00103	-0.00479	-0.00068	0.99999	
73	0.36500	10.09354	-0.00952	-2.14987	0.06385	-0.44803	-0.40976	1.64653	0.99994	0.00715	0.00782	-0.00716	0.99997	0.00111	-0.00781	-0.00117	0.99997		6.53411	4.41200	-4.13030	0.06258	-0.28158	4.18518	0.26918	0.99732	-0.07298	0.00491	0.07297	0.99733	0.00109	-0.00498	-0.00073	0.99999	
74	0.37000	10.16213	-0.01147	-2.04782	0.06330	-0.45521	-0.41101	1.65905	0.99994	0.00717	0.00794	-0.00718	0.99997	0.00110	-0.00794	-0.00116	0.99997		6.62669	4.42471	-4.08591	0.06757	-0.28682	4.18782	0.27517	0.99732	-0.07303	0.00501	0.07302	0.99733	0.00118	-0.00508	-0.00081	0.99999	
75	0.37500	10.16902	-0.00019	-1.94275	0.06466	-0.45329	-0.40689	1.66591	0.99994	0.00710	0.00791	-0.00711	0.99997	0.00113	-0.00790	-0.00118	0.99997		6.68853	4.41347	-4.02353	0.06764	-0.29076	4.18561	0.27973	0.99732	-0.07299	0.00507	0.07298	0.99733	0.00118	-0.00515	-0.00081	0.99999	
76	0.38000	10.22180	0.01115	-1.80514	0.06774	-0.46363	-0.40672	1.66235	0.99994	0.00710	0.00809	-0.00711	0.99997	0.00118	-0.00808	-0.00124	0.99997		6.80608	4.40472	-3.97316	0.06885	-0.29741	4.18457	0.27591	0.99732	-0.07297	0.00519	0.07296	0.99733	0.00120	-0.00526	-0.00082	0.99999	
77	0.38500	10.27349	0.02260	-1.70678	0.07087	-0.46675	-0.41159	1.66281	0.99994	0.00718	0.00815	-0.00719	0.99997	0.00124	-0.00814	-0.00130	0.99997		6.92586	4.43351	-3.89783	0.07548	-0.30666	4.18871	0.28083	0.99731	-0.07304	0.00535	0.07303	0.99733	0.00132	-0.00543	-0.00092	0.99998	
78	0.39000	10.36129	0.03085	-1.61758	0.07303	-0.47670	-0.41093	1.65623	0.99994	0.00717	0.00832	-0.00718	0.99997	0.00127	-0.00831	-0.00133	0.99996		7.00457	4.39589	-3.84200	0.07303	-0.31053	4.18868	0.28373	0.99731	-0.07304	0.00542	0.07303	0.99733	0.00127	-0.00550	-0.00088	0.99998	
79	0.39500	10.37304	0.03752	-1.48756	0.07575	-0.47323	-0.41286	1.66560	0.99994	0.00721	0.00826	-0.00722	0.99997	0.00132	-0.00825	-0.00138	0.99997		7.10106	4.38531	-3.75522	0.07601	-0.31884	4.18749	0.27467	0.99732	-0.07302	0.00556	0.07301	0.99733	0.00133	-0.00565	-0.00092	0.99998	
80	0.40000	10.42539	0.03424	-1.36171	0.07284	-0.47851	-0.40683	1.65208	0.99994	0.00710	0.00835	-0.00711	0.99997	0.00127	-0.00834	-0.00133	0.99996		7.20200	4.37669	-3.70494	0.07682	-0.32725	4.19017	0.28819	0.99731	-0.07307	0.00571	0.07306	0.99733	0.00134	-0.00579	-0.00092	0.99998	
81	0.40500	10.48951	0.01672	-1.27246	0.06978	-0.48656	-0.40682	1.62575	0.99994	0.00710	0.00849	-0.00711	0.99997	0.00122	-0.00848	-0.00128	0.99996		7.30472	4.38265	-3.61574	0.08106	-0.33277	4.18895	0.30611	0.99731	-0.07304	0.00581	0.07304	0.99733	0.00141	-0.00590	-0.00099	0.99998	
82	0.41000	10.52689	0.04889	-1.13766	0.07554	-0.48959	-0.40950	1.62110	0.99994	0.00715	0.00854	-0.00716	0.99997	0.00132	-0.00854	-0.00138	0.99996		7.43330	4.38293	-3.54026	0.08381	-0.34224	4.19349	0.28370	0.99731	-0.07312	0.00597	0.07312	0.99732	0.00146	-0.00606	-0.00102	0.99998	
83	0.41500	10.59254	0.02002	-1.04948	0.07003	-0.50196	-0.40867	1.62486	0.99994	0.00713	0.00876	-0.00714	0.99997	0.00122	-0.00875	-0.00128	0.99996		7.50206	4.37959	-3.48970	0.08706	-0.34738	4.19349	0.28650	0.99730	-0.07312	0.00606	0.07312	0.99732	0.00152	-0.00616	-0.00107	0.99998	
84	0.42000	10.61762	0.00700	-0.92812	0.06687	-0.50747	-0.40775	1.62203	0.99994	0.00712	0.00886	-0.00713	0.99997	0.00117	-0.00885	-0.00123	0.99996		7.60340	4.36446	-3.41385	0.08628	-0.35617	4.19259	0.28393	0.99730	-0.07311	0.00622	0.07310	0.99732	0.00151	-0.00631	-0.00105	0.99998	
85	0.42500	10.66590	0.01961	-0.80210	0.06869	-0.51294	-0.41315	1.62650	0.99993	0.00721	0.00895	-0.00722	0.99997	0.00120	-0.00894	-0.00126	0.99996		7.67494	4.37668	-3.33665	0.09131	-0.35989	4.19171	0.27129	0.99731	-0.07309	0.00628	0.07308	0.99732	0.00159	-0.00638	-0.00113	0.99998	
86	0.43000	10.71056	0.01685	-0.71965	0.06507	-0.52288	-0.40921	1.62055	0.99993	0.00714	0.00913	-0.00715	0.99997	0.00114	-0.00912	-0.00120	0.99996		7.75072	4.36911	-3.27260	0.09122	-0.36230	4.19469	0.28361	0.99730	-0.07314	0.00632	0.07314	0.99732	0.00159	-0.00642	-0.00113	0.99998	
87	0.43500	10.77780	0.01389	-0.60191	0.06620	-0.53167	-0.41503	1.61643	0.99993	0.00724	0.00928	-0.00725	0.99997	0.00116	-0.00927	-0.00122	0.99996		7.85300	4.34788	-3.20549	0.09181	-0.36994	4.19469	0.28272	0.99730	-0.07314	0.00646	0.07314	0.99732	0.00160	-0.00656	-0.00113	0.99998	
88	0.44000	10.78657	0.01120	-0.48132	0.06412	-0.53571	-0.41356	1.60496	0.99993	0.00722	0.00935	-0.00723	0.99997	0.00112	-0.00934	-0.00119	0.99996		7.93689	4.34573	-3.13824	0.09378	-0.37740	4.19347	0.27628	0.99730	-0.07312	0.00659	0.07311	0.99732	0.00164	-0.00669	-0.00115	0.99998	
89	0.44500	10.81019	-0.00143	-0.36611	0.06011	-0.54225	-0.41130	1.60798	0.99993	0.00718	0.00946	-0.00719	0.99997	0.00105	-0.00946	-0.00112	0.99995		8.00732	4.34222	-3.06070	0.09640	-0.38446	4.19443	0.26415	0.99730	-0.07314	0.00671	0.07313	0.99732	0.00168	-0.00682	-0.00119	0.99998	
90	0.45000	10.83804	-0.02206	-0.23714	0.05493	-0.54924	-0.41107	1.59348	0.99993	0.00717	0.00959	-0.00718	0.99997	0.00096	-0.00958	-0.00103	0.99995		8.10018	4.33473	-2.98369	0.10000	-0.38869	4.19454	0.27363	0.99730	-0.07314	0.00678	0.07313	0.99732	0.00175	-0.00689	-0.00124	0.99998	
91	0.45500	10.90972	-0.01589	-0.11499	0.05462	-0.55988	-0.41239	1.58652	0.99993	0.00720	0.00977	-0.00721	0.99997	0.00095	-0.00976	-0.00102	0.99995		8.17529	4.33182	-2.93038	0.09922	-0.39409	4.19823	0.27428	0.99729	-0.07321	0.00688	0.07320	0.99732	0.00173	-0.00699	-0.00122	0.99997	
92	0.46000	10.91577	-0.00123	0.00279	0.05720	-0.56523	-0.40787	1.60290	0.99993	0.00712	0.00986	-0.00713	0.99997	0.00100	-0.00986	-0.00107	0.99995		8.27535	4.33917	-2.85596	0.10570	-0.40248	4.20099	0.25807	0.99729	-0.07325	0.00702	0.07324	0.99731	0.00184	-0.00714	-0.00133	0.99997	
93	0.46500	10.95060	0.00798	0.14851	0.05820	-0.56542	-0.40567	1.58944	0.99993	0.00708	0.00987	-0.00709	0.99997	0.00102	-0.00986	-0.00109	0.99995		8.34435	4.31135	-2.76997	0.10420	-0.40625	4.20210	0.27144	0.99729	-0.07327	0.00709	0.07326	0.99731	0.00182	-0.00720	-0.00129	0.99997	
94	0.47000	10.93526	0.01850	0.25706	0.06022	-0.57222	-0.41051	1.59080	0.99992	0.00716	0.00999	-0.00718	0.99997	0.00105	-0.00998	-0.00112	0.99995		8.38384	4.31615	-2.68923	0.10580	-0.40915	4.20518	0.26433	0.99728	-0.07333	0.00714	0.07332	0.99731	0.00185	-0.00726	-0.00132	0.99997	
95	0.47500	10.94669	0.03589	0.39468	0.06434	-0.56904	-0.40736	1.58731	0.99993	0.00711	0.00993	-0.00712	0.99997	0.00112	-0.00992	-0.00119	0.99995		8.51610	4.32162	-2.60250	0.10822	-0.41771	4.20577	0.25730	0.99728	-0.07334	0.00729	0.07332	0.99731	0.00189	-0.00741	-0.00135	0.99997	
96	0.48000	10.96720	0.01231	0.49972	0.05968	-0.57798	-0.41241	1.58975	0.99992	0.00720	0.01009	-0.00721	0.99997	0.00104	-0.01008	-0.00111	0.99995		8.56402	4.31218	-2.51963	0.11020	-0.41939	4.20589	0.25828	0.99728	-0.07334	0.00732	0.07333	0.99731	0.00192	-0.00744	-0.00138	0.99997	
97	0.48500	10.97187	0.01933	0.64799	0.05940	-0.58034	-0.40570	1.60681	0.99992	0.00708	0.01013	-0.00709	0.99997	0.00104	-0.01012	-0.00111	0.99995		8.65057	4.31095	-2.43431	0.11332	-0.42562	4.20681	0.26490	0.99728	-0.07335	0.00743	0.07334	0.99730	0.00198	-0.00755	-0.00143	0.99997	
98	0.49000	10.97296	0.01835	0.78312	0.05829	-0.58245	-0.40764	1.57595	0.99992	0.00711	0.01017	-0.00712	0.99997	0.00102	-0.01016	-0.00109	0.99995		8.71945	4.29864	-2.34635	0.11457	-0.43243	4.20859	0.26570	0.99728	-0.07339	0.00755	0.07337	0.99730	0.00200	-0.00767	-0.00144	0.99997	
99	0.49500	10.98988	0.01011	0.91146	0.05554	-0.58834	-0.40998	1.57954	0.99992	0.00716	0.01027	-0.00717	0.99997	0.00097	-0.01026	-0.00104	0.99995		8.76953	4.28710	-2.25537	0.11442	-0.43799	4.20623	0.27603	0.99728	-0.07334	0.00764	0.07333	0.99731	0.00200	-0.00777	-0.00143	0.99997	
100	0.50000	11.01428	0.03386	1.02316	0.05783	-0.59545	-0.41190	1.57293	0.99992	0.00719	0.01039	-0.00720	0.99997	0.00101	-0.01038	-0.00108	0.99995		8.86913	4.29882	-2.16708	0.11753	-0.44426	4.20666	0.28094	0.99728	-0.07335	0.00775	0.07334	0.99731	0.00205	-0.00788	-0.00148	0.99997	
101	0.50500	10.97482	0.02757	1.16071	0.05596	-0.59686	-0.41572	1.54729	0.99992	0.00726	0.01042	-0.00727	0.99997	0.00098	-0.01041	-0.00105	0.99995		8.91356	4.27930	-2.10004	0.11713	-0.44709	4.20779	0.28742	0.99727	-0.07337	0.00780	0.07336	0.99730	0.00204	-0.00793	-0.00147	0.99997	
102	0.51000	10.99480	0.02027	1.29552	0.05415	-0.60326	-0.42233	1.55324	0.99992	0.00737	0.01053	-0.00738	0.99997	0.00095	-0.01052	-0.00102	0.99994		9.01263	4.25986	-1.98740	0.11720	-0.45675	4.21380	0.27767	0.99727	-0.07348	0.00797	0.07346	0.99730	0.00205	-0.00810	-0.00145	0.99997	
103	0.51500	10.98955	0.02105	1.42205	0.05383	-0.60696	-0.42197	1.57285	0.99992	0.00736	0.01059	-0.00737	0.99997	0.00094	-0.01059	-0.00102	0.99994		9.05412	4.24217	-1.90314	0.11465	-0.46069	4.21343	0.29067	0.99727	-0.07347	0.00804	0.07346	0.99730	0.00200	-0.00817	-0.00140	0.99997	
104	0.52000	11.01368	-0.01200	1.54678	0.04552	-0.61615	-0.41567	1.55202	0.99992	0.00725	0.01075	-0.00726	0.99997	0.00079	-0.01075	-0.00087	0.99994		9.14615	4.25552	-1.80083	0.11984	-0.46898	4.21711	0.26569	0.99726	-0.07353	0.00819	0.07352	0.99729	0.00209	-0.00832	-0.00148	0.99996	
105	0.52500	10.98924	-0.01471	1.68874	0.04533	-0.61878	-0.41771	1.52597	0.99992	0.00729	0.01080	-0.00730	0.99997	0.00079	-0.01079	-0.00087	0.99994		9.18655	4.25467	-1.70660	0.12111	-0.47411	4.21867	0.27865	0.99726	-0.07356	0.00827	0.07355	0.99729	0.00211	-0.00841	-0.00150	0.99996	
106	0.53000	10.97715	-0.01586	1.82008	0.04263	-0.62070	-0.41886	1.54131	0.99991	0.00731	0.01083	-0.00732	0.99997	0.00074	-0.01083	-0.00082	0.99994		9.23654	4.26312	-1.60142	0.12466	-0.47903	4.21902	0.27869	0.99726	-0.07357	0.00836	0.07355	0.99729	0.00218	-0.00850	-0.00155	0.99996	
107	0.53500	10.99720	-0.03231	1.95346	0.03895	-0.62856	-0.41692	1.53457	0.99991	0.00728	0.01097	-0.00728	0.99997	0.00068	-0.01097	-0.00076	0.99994		9.33328	4.25836	-1.49034	0.12602	-0.48897	4.21531	0.28268	0.99726	-0.07350	0.00853	0.07349	0.99729	0.00220	-0.00867	-0.00157	0.99996	
108	0.54000	10.97960	-0.01019	2.06259	0.04254	-0.63527	-0.41670	1.51985	0.99991	0.00727	0.01109	-0.00728	0.99997	0.00074	-0.01108	-0.00082	0.99994		9.38296	4.23224	-1.37167	0.12293	-0.49258	4.21578	0.29973	0.99726	-0.07351	0.00860	0.07349	0.99729	0.00215	-0.00873	-0.00151	0.99996	
109	0.54500	10.94388	-0.00088	2.20525	0.04532	-0.63467	-0.41791	1.53625	0.99991	0.00729	0.01108	-0.00730	0.99997	0.00079	-0.01107	-0.00087	0.99994		9.46471	4.24033	-1.28164	0.12537	-0.49915	4.21676	0.28668	0.99726	-0.07353	0.00871	0.07351	0.99729	0.00219	-0.00885	-0.00154	0.99996	
110	0.55000	10.91356	0.01625	2.33097	0.04715	-0.63949	-0.41680	1.52337	0.99991	0.00727	0.01116	-0.00728	0.99997	0.00082	-0.01115	-0.00090	0.99994		9.49146	4.21189	-1.19425	0.12285	-0.50391	4.22046	0.29733	0.99725	-0.07359	0.00879	0.07358	0.99729	0.00214	-0.00893	-0.00149	0.99996	
111	0.55500	10.91015	0.02029	2.46636	0.04679	-0.64642	-0.42160	1.51383	0.99991	0.00736	0.01128	-0.00737	0.99997	0.00082	-0.01128	-0.00090	0.99994		9.54883	4.19710	-1.09374	0.12322	-0.50893	4.21989	0.28657	0.99725	-0.07358	0.00888	0.07357	0.99729	0.00215	-0.00902	-0.00149	0.99996	
112	0.56000	10.91936	0.03243	2.61306	0.04868	-0.65314	-0.41916	1.51790	0.99991	0.00732	0.01140	-0.00733	0.99997	0.00085	-0.01139	-0.00093	0.99993		9.61568	4.20543	-1.00318	0.12435	-0.51609	4.22426	0.27950	0.99724	-0.07366	0.00901	0.07364	0.99728	0.00217	-0.00914	-0.00150	0.99996	
113	0.56500	10.82287	0.02254	2.73601	0.04514	-0.64674	-0.41914	1.51378	0.99991	0.00731	0.01129	-0.00732	0.99997	0.00079	-0.01128	-0.00087	0.99994		9.62389	4.20851	-0.91235	0.12461	-0.51774	4.22186	0.28887	0.99725	-0.07362	0.00904	0.07360	0.99729	0.00217	-0.00917	-0.00150	0.99996	
114	0.57000	10.87485	0.01937	2.86748	0.04747	-0.65846	-0.42588	1.50385	0.99991	0.00743	0.01149	-0.00744	0.99997	0.00083	-0.01149	-0.00091	0.99993		9.69462	4.18556	-0.81769	0.12293	-0.52321	4.22076	0.27032	0.99725	-0.07360	0.00913	0.07358	0.99729	0.00215	-0.00926	-0.00147	0.99996	
115	0.57500	10.83064	0.01530	3.00534	0.04403	-0.66113	-0.42427	1.50603	0.99991	0.00740	0.01154	-0.00741	0.99997	0.00077	-0.01153	-0.00085	0.99993		9.72578	4.18748	-0.72902	0.12207	-0.52823	4.22102	0.26512	0.99725	-0.07360	0.00922	0.07358	0.99729	0.00213	-0.00935	-0.00145	0.99996	
116	0.58000	10.74669	0.02377	3.13366	0.04238	-0.65694	-0.42291	1.50796	0.99991	0.00738	0.01147	-0.00739	0.99997	0.00074	-0.01146	-0.00082	0.99993		9.78310	4.19528	-0.63763	0.12340	-0.53597	4.22207	0.27479	0.99724	-0.07362	0.00935	0.07360	0.99729	0.00215	-0.00949	-0.00146	0.99995	
117	0.58500	10.73090	0.01739	3.26505	0.04432	-0.66155	-0.42967	1.49268	0.99991	0.00750	0.01155	-0.00751	0.99997	0.00077	-0.01154	-0.00086	0.99993		9.83732	4.18452	-0.52832	0.12386	-0.53839	4.22366	0.27352	0.99724	-0.07365	0.00940	0.07363	0.99728	0.00216	-0.00953	-0.00146	0.99995	
118	0.59000	10.67909	0.00657	3.43018	0.04093	-0.65765	-0.43587	1.48122	0.99991	0.00761	0.01148	-0.00762	0.99997	0.00071	-0.01147	-0.00080	0.99993		9.82742	4.18650	-0.41316	0.12190	-0.54135	4.22486	0.26861	0.99724	-0.07367	0.00945	0.07365	0.99728	0.00213	-0.00958	-0.00143	0.99995	
119	0.59500	10.63117	-0.00632	3.53952	0.03695	-0.65945	-0.42862	1.49432	0.99991	0.00748	0.01151	-0.00749	0.99997	0.00064	-0.01150	-0.00073	0.99993		9.90027	4.15158	-0.33048	0.12060	-0.54944	4.22424	0.27986	0.99724	-0.07366	0.00959	0.07364	0.99728	0.00210	-0.00972	-0.00139	0.99995	
120	0.60000	10.61809	-0.00786	3.68014	0.03756	-0.66577	-0.43863	1.47381	0.99990	0.00766	0.01162	-0.00766	0.99997	0.00066	-0.01161	-0.00074	0.99993		9.91410	4.16031	-0.20788	0.12057	-0.55149	4.22377	0.28464	0.99724	-0.07365	0.00963	0.07363	0.99728	0.00210	-0.00975	-0.00139	0.99995	
121	0.60500	10.54465	0.00190	3.81047	0.03734	-0.66582	-0.43648	1.47367	0.99990	0.00762	0.01162	-0.00763	0.99997	0.00065	-0.01162	-0.00074	0.99993		9.95419	4.18347	-0.08927	0.12333	-0.55773	4.22310	0.28563	0.99724	-0.07364	0.00973	0.07362	0.99728	0.00215	-0.00987	-0.00143	0.99995	
122	0.61000	10.51872	-0.03181	3.95192	0.03387	-0.66803	-0.43256	1.46442	0.99990	0.00755	0.01166	-0.00756	0.99997	0.00059	-0.01165	-0.00068	0.99993		10.01109	4.17063	0.00942	0.12207	-0.56048	4.22563	0.27740	0.99723	-0.07368	0.00978	0.07366	0.99728	0.00213	-0.00991	-0.00140	0.99995	
123	0.61500	10.43959	-0.01101	4.07325	0.03612	-0.67154	-0.43239	1.46099	0.99990	0.00755	0.01172	-0.00755	0.99997	0.00063	-0.01172	-0.00072	0.99993		9.99079	4.15463	0.12302	0.12020	-0.56230	4.22823	0.28852	0.99723	-0.07373	0.00981	0.07371	0.99728	0.00210	-0.00994	-0.00137	0.99995	
124	0.62000	10.41708	0.00435	4.20873	0.03943	-0.67184	-0.43637	1.43677	0.99990	0.00762	0.01173	-0.00762	0.99997	0.00069	-0.01172	-0.00078	0.99993		10.05812	4.16429	0.22553	0.11968	-0.56951	4.22957	0.27036	0.99723	-0.07375	0.00994	0.07373	0.99728	0.00209	-0.01007	-0.00135	0.99995	
125	0.62500	10.38913	-0.01817	4.32445	0.03745	-0.67590	-0.43421	1.43222	0.99990	0.00758	0.01180	-0.00759	0.99997	0.00065	-0.01179	-0.00074	0.99993		10.07899	4.16831	0.35142	0.12070	-0.57622	4.23054	0.27524	0.99722	-0.07377	0.01006	0.07375	0.99727	0.00211	-0.01018	-0.00136	0.99995	
126	0.63000	10.29184	0.00874	4.47472	0.03944	-0.67118	-0.43755	1.43890	0.99990	0.00764	0.01171	-0.00764	0.99997	0.00069	-0.01171	-0.00078	0.99993		10.11782	4.15985	0.48220	0.11879	-0.58448	4.22879	0.27127	0.99723	-0.07374	0.01020	0.07372	0.99728	0.00207	-0.01033	-0.00132	0.99995	
127	0.63500	10.24742	0.01295	4.57605	0.04075	-0.67321	-0.43832	1.43030	0.99990	0.00765	0.01175	-0.00766	0.99997	0.00071	-0.01174	-0.00080	0.99993		10.12429	4.16666	0.62034	0.11851	-0.58858	4.22949	0.27415	0.99722	-0.07375	0.01027	0.07373	0.99728	0.00207	-0.01040	-0.00131	0.99995	
128	0.64000	10.16551	0.03919	4.72285	0.04742	-0.67077	-0.44032	1.43826	0.99990	0.00768	0.01171	-0.00769	0.99997	0.00083	-0.01170	-0.00092	0.99993		10.14057	4.17222	0.72327	0.11857	-0.59307	4.22750	0.30019	0.99723	-0.07371	0.01035	0.07370	0.99728	0.00207	-0.01048	-0.00130	0.99994	
129	0.64500	10.09728	0.01577	4.87854	0.04395	-0.67830	-0.44332	1.42928	0.99990	0.00774	0.01184	-0.00775	0.99997	0.00077	-0.01183	-0.00086	0.99993		10.17570	4.15916	0.84750	0.11627	-0.59722	4.22978	0.29317	0.99722	-0.07375	0.01042	0.07374	0.99728	0.00203	-0.01054	-0.00125	0.99994	
130	0.65000	10.03752	0.00448	5.00516	0.04185	-0.67524	-0.43801	1.43558	0.99990	0.00764	0.01178	-0.00765	0.99997	0.00073	-0.01178	-0.00082	0.99993		10.15754	4.13594	0.96030	0.11504	-0.59952	4.23472	0.29426	0.99722	-0.07384	0.01046	0.07382	0.99727	0.00201	-0.01058	-0.00123	0.99994	
131	0.65500	9.98266	-0.00590	5.14862	0.03746	-0.68018	-0.44119	1.40896	0.99990	0.00770	0.01187	-0.00771	0.99997	0.00065	-0.01187	-0.00075	0.99993		10.18086	4.13658	1.05542	0.11387	-0.60315	4.23493	0.31274	0.99721	-0.07384	0.01053	0.07383	0.99727	0.00199	-0.01064	-0.00120	0.99994	
132	0.66000	9.89886	0.00831	5.27750	0.04339	-0.67543	-0.44955	1.39633	0.99990	0.00785	0.01179	-0.00786	0.99997	0.00076	-0.01178	-0.00085	0.99993		10.20261	4.12766	1.17690	0.11394	-0.61170	4.23893	0.29895	0.99721	-0.07391	0.01068	0.07389	0.99726	0.00199	-0.01079	-0.00119	0.99994	
133	0.66500	9.80827	0.00740	5.41287	0.04102	-0.67937	-0.44658	1.39490	0.99990	0.00779	0.01186	-0.00780	0.99997	0.00072	-0.01185	-0.00081	0.99993		10.17395	4.13467	1.29430	0.11163	-0.61328	4.23853	0.30106	0.99721	-0.07390	0.01070	0.07389	0.99726	0.00195	-0.01082	-0.00115	0.99994	
134	0.67000	9.70852	0.00396	5.54890	0.04199	-0.67279	-0.45363	1.38349	0.99990	0.00792	0.01174	-0.00793	0.99997	0.00073	-0.01174	-0.00083	0.99993		10.16194	4.11556	1.40254	0.10741	-0.61659	4.23787	0.30638	0.99721	-0.07389	0.01076	0.07388	0.99727	0.00187	-0.01087	-0.00107	0.99994	
135	0.67500	9.63679	-0.00974	5.68534	0.03859	-0.66979	-0.45277	1.38266	0.99990	0.00790	0.01169	-0.00791	0.99997	0.00067	-0.01168	-0.00077	0.99993		10.18748	4.09501	1.52925	0.10444	-0.62427	4.23907	0.27914	0.99721	-0.07391	0.01090	0.07390	0.99726	0.00182	-0.01100	-0.00101	0.99994	
136	0.68000	9.53189	-0.01679	5.81312	0.03826	-0.66677	-0.45884	1.37843	0.99990	0.00801	0.01164	-0.00802	0.99997	0.00067	-0.01163	-0.00076	0.99993		10.16423	4.10201	1.62334	0.10279	-0.62855	4.23706	0.29814	0.99721	-0.07388	0.01097	0.07386	0.99727	0.00179	-0.01107	-0.00098	0.99994	
137	0.68500	9.46206	-0.01716	5.93567	0.03869	-0.67148	-0.45970	1.36635	0.99990	0.00802	0.01172	-0.00803	0.99997	0.00068	-0.01171	-0.00077	0.99993		10.17678	4.10585	1.76124	0.10200	-0.63382	4.23692	0.29779	0.99721	-0.07388	0.01106	0.07386	0.99727	0.00178	-0.01116	-0.00096	0.99994	
138	0.69000	9.35092	-0.02796	6.06174	0.03786	-0.66128	-0.46151	1.35927	0.99990	0.00805	0.01154	-0.00806	0.99997	0.00066	-0.01154	-0.00075	0.99993		10.14215	4.09948	1.88106	0.09995	-0.63300	4.23902	0.31555	0.99720	-0.07391	0.01105	0.07390	0.99726	0.00174	-0.01115	-0.00092	0.99994	
139	0.69500	9.25319	-0.01621	6.17865	0.04061	-0.65972	-0.45999	1.35809	0.99990	0.00803	0.01151	-0.00804	0.99997	0.00071	-0.01151	-0.00080	0.99993		10.14797	4.11171	1.99095	0.10009	-0.64063	4.23491	0.29888	0.99721	-0.07384	0.01118	0.07383	0.99727	0.00175	-0.01128	-0.00092	0.99994	
140	0.70000	9.15280	0.00038	6.31211	0.04424	-0.65920	-0.46233	1.36136	0.99990	0.00807	0.01150	-0.00808	0.99997	0.00077	-0.01150	-0.00086	0.99993		10.13450	4.09456	2.10419	0.09784	-0.64151	4.24214	0.30930	0.99720	-0.07397	0.01120	0.07395	0.99726	0.00171	-0.01129	-0.00087	0.99994	
