NO_OF_FRAMES	12035
NO_OF_CAMERAS	8
NO_OF_BODIES	2
FREQUENCY	200
NO_OF_ANALOG	0
ANALOG_FREQUENCY	0
DESCRIPTION	--
TIME_STAMP	2013-07-04, 18:08:28	120523.82380621
DATA_INCLUDED	6D
BODY_NAMES	Ice 2 V2	Ice 3
Frame	Time	Ice 2 V2 X	Y	Z	Roll	Pitch	Yaw	Residual	Rot[0]	Rot[1]	Rot[2]	Rot[3]	Rot[4]	Rot[5]	Rot[6]	Rot[7]	Rot[8]	Ice 3 X	Y	Z	Roll	Pitch	Yaw	Residual	Rot[0]	Rot[1]	Rot[2]	Rot[3]	Rot[4]	Rot[5]	Rot[6]	Rot[7]	Rot[8]	
1	0.00500	0.81356	0.43519	1.22047	0.17841	-0.09458	-0.48396	1.64919	0.99996	0.00845	0.00165	-0.00845	0.99996	0.00311	-0.00162	-0.00313	0.99999		0.32271	4.45749	0.97143	0.11252	-0.08168	4.21698	0.13959	0.99729	-0.07353	0.00143	0.07353	0.99729	0.00196	-0.00157	-0.00185	1.00000	
2	0.01000	0.81659	0.40668	1.24163	0.17637	-0.09948	-0.48375	1.61325	0.99996	0.00844	0.00174	-0.00845	0.99996	0.00308	-0.00171	-0.00309	0.99999		0.29830	4.43179	0.99125	0.11350	-0.07572	4.21581	0.15154	0.99729	-0.07351	0.00132	0.07351	0.99729	0.00198	-0.00146	-0.00188	1.00000	
3	0.01500	0.79322	0.39432	1.24898	0.17522	-0.10148	-0.48962	1.61130	0.99996	0.00855	0.00177	-0.00855	0.99996	0.00306	-0.00174	-0.00307	0.99999		0.29877	4.46010	0.99484	0.11644	-0.07456	4.21906	0.14473	0.99729	-0.07357	0.00130	0.07357	0.99729	0.00203	-0.00145	-0.00193	1.00000	
4	0.02000	0.77944	0.39814	1.25998	0.17724	-0.10004	-0.48786	1.62201	0.99996	0.00851	0.00175	-0.00852	0.99996	0.00309	-0.00172	-0.00311	0.99999		0.26749	4.45452	0.98667	0.11439	-0.06830	4.21878	0.15790	0.99729	-0.07357	0.00119	0.07356	0.99729	0.00200	-0.00134	-0.00190	1.00000	
5	0.02500	0.79295	0.38990	1.25636	0.17909	-0.10490	-0.48887	1.61031	0.99996	0.00853	0.00183	-0.00854	0.99996	0.00313	-0.00180	-0.00314	0.99999		0.27367	4.43565	0.99324	0.11247	-0.06785	4.21772	0.14887	0.99729	-0.07355	0.00118	0.07354	0.99729	0.00196	-0.00133	-0.00187	1.00000	
6	0.03000	0.77817	0.38728	1.26099	0.18002	-0.10661	-0.48732	1.61136	0.99996	0.00851	0.00186	-0.00851	0.99996	0.00314	-0.00183	-0.00316	0.99999		0.23341	4.46749	0.99245	0.11571	-0.06358	4.21818	0.15109	0.99729	-0.07355	0.00111	0.07355	0.99729	0.00202	-0.00126	-0.00193	1.00000	
7	0.03500	0.76334	0.40002	1.27042	0.18447	-0.10108	-0.48968	1.60262	0.99996	0.00855	0.00176	-0.00855	0.99996	0.00322	-0.00174	-0.00323	0.99999		0.24469	4.50437	0.99917	0.11949	-0.06351	4.21514	0.14298	0.99729	-0.07350	0.00111	0.07350	0.99729	0.00209	-0.00126	-0.00200	1.00000	
8	0.04000	0.77031	0.40347	1.29198	0.18520	-0.10264	-0.48963	1.60273	0.99996	0.00855	0.00179	-0.00855	0.99996	0.00323	-0.00176	-0.00325	0.99999		0.25422	4.44510	0.99116	0.11328	-0.05860	4.22061	0.15851	0.99729	-0.07360	0.00102	0.07359	0.99729	0.00198	-0.00117	-0.00190	1.00000	
9	0.04500	0.78027	0.39333	1.27602	0.18551	-0.10888	-0.49115	1.60631	0.99996	0.00857	0.00190	-0.00858	0.99996	0.00324	-0.00187	-0.00325	0.99999		0.18782	4.44446	0.97538	0.11209	-0.05353	4.21863	0.16705	0.99729	-0.07356	0.00093	0.07356	0.99729	0.00196	-0.00108	-0.00188	1.00000	
10	0.05000	0.77346	0.39824	1.27652	0.18611	-0.10840	-0.49141	1.59565	0.99996	0.00858	0.00189	-0.00858	0.99996	0.00325	-0.00186	-0.00326	0.99999		0.23735	4.50175	0.99702	0.11879	-0.05603	4.21825	0.15373	0.99729	-0.07356	0.00098	0.07355	0.99729	0.00207	-0.00113	-0.00200	1.00000	
11	0.05500	0.74801	0.41078	1.28870	0.19005	-0.10524	-0.49299	1.59332	0.99996	0.00860	0.00184	-0.00861	0.99996	0.00332	-0.00181	-0.00333	0.99999		0.15751	4.43935	0.97094	0.11169	-0.04789	4.21783	0.15062	0.99729	-0.07355	0.00084	0.07355	0.99729	0.00195	-0.00098	-0.00188	1.00000	
12	0.06000	0.73360	0.41087	1.28339	0.19070	-0.10677	-0.49830	1.59742	0.99996	0.00870	0.00186	-0.00870	0.99996	0.00333	-0.00183	-0.00334	0.99999		0.18163	4.43473	0.98146	0.11074	-0.04524	4.21935	0.15263	0.99729	-0.07358	0.00079	0.07357	0.99729	0.00193	-0.00093	-0.00187	1.00000	
13	0.06500	0.77924	0.38158	1.28850	0.18626	-0.11151	-0.49383	1.58736	0.99996	0.00862	0.00195	-0.00863	0.99996	0.00325	-0.00192	-0.00327	0.99999		0.19040	4.49045	0.97698	0.11678	-0.04568	4.21865	0.17199	0.99729	-0.07356	0.00080	0.07356	0.99729	0.00204	-0.00095	-0.00197	1.00000	
14	0.07000	0.75336	0.38157	1.29448	0.18550	-0.11149	-0.49407	1.58025	0.99996	0.00862	0.00195	-0.00863	0.99996	0.00324	-0.00192	-0.00325	0.99999		0.13916	4.46234	0.96406	0.11133	-0.03700	4.21812	0.17605	0.99729	-0.07355	0.00065	0.07355	0.99729	0.00194	-0.00079	-0.00189	1.00000	
15	0.07500	0.74424	0.38893	1.29651	0.18642	-0.11060	-0.49323	1.58569	0.99996	0.00861	0.00193	-0.00861	0.99996	0.00325	-0.00190	-0.00327	0.99999		0.18472	4.45218	0.97210	0.11074	-0.03935	4.21980	0.15980	0.99729	-0.07358	0.00069	0.07358	0.99729	0.00193	-0.00083	-0.00188	1.00000	
16	0.08000	0.73184	0.39958	1.30686	0.18601	-0.11225	-0.49084	1.58739	0.99996	0.00857	0.00196	-0.00857	0.99996	0.00325	-0.00193	-0.00326	0.99999		0.17196	4.47607	0.98579	0.11389	-0.03739	4.21952	0.16055	0.99729	-0.07358	0.00065	0.07358	0.99729	0.00199	-0.00080	-0.00193	1.00000	
17	0.08500	0.69850	0.39629	1.31918	0.18751	-0.10719	-0.49863	1.56829	0.99996	0.00870	0.00187	-0.00871	0.99996	0.00327	-0.00184	-0.00329	0.99999		0.16187	4.46445	0.97489	0.11213	-0.03609	4.21940	0.15603	0.99729	-0.07358	0.00063	0.07357	0.99729	0.00196	-0.00077	-0.00191	1.00000	
18	0.09000	0.72261	0.38377	1.30205	0.18587	-0.10928	-0.49497	1.57346	0.99996	0.00864	0.00191	-0.00864	0.99996	0.00324	-0.00188	-0.00326	0.99999		0.11288	4.47342	0.96648	0.11210	-0.03089	4.21977	0.15102	0.99729	-0.07358	0.00054	0.07358	0.99729	0.00196	-0.00068	-0.00191	1.00000	
19	0.09500	0.71485	0.39587	1.30929	0.18510	-0.11326	-0.49188	1.59041	0.99996	0.00858	0.00198	-0.00859	0.99996	0.00323	-0.00195	-0.00325	0.99999		0.15766	4.48876	0.98542	0.11558	-0.03520	4.22011	0.15929	0.99729	-0.07359	0.00061	0.07359	0.99729	0.00202	-0.00076	-0.00197	1.00000	
20	0.10000	0.74593	0.38520	1.31689	0.18278	-0.11639	-0.49430	1.58868	0.99996	0.00863	0.00203	-0.00863	0.99996	0.00319	-0.00200	-0.00321	0.99999		0.10332	4.46693	0.95248	0.11023	-0.02759	4.21984	0.17022	0.99729	-0.07358	0.00048	0.07358	0.99729	0.00192	-0.00062	-0.00188	1.00000	
21	0.10500	0.70057	0.39666	1.31240	0.18452	-0.11314	-0.49793	1.58373	0.99996	0.00869	0.00197	-0.00870	0.99996	0.00322	-0.00195	-0.00324	0.99999		0.08159	4.46771	0.95832	0.11004	-0.02464	4.21949	0.16438	0.99729	-0.07358	0.00043	0.07358	0.99729	0.00192	-0.00057	-0.00188	1.00000	
22	0.11000	0.67201	0.39658	1.30343	0.18261	-0.11008	-0.49684	1.58089	0.99996	0.00867	0.00192	-0.00868	0.99996	0.00319	-0.00189	-0.00320	0.99999		0.11913	4.45947	0.95316	0.11002	-0.02833	4.21892	0.16642	0.99729	-0.07357	0.00049	0.07357	0.99729	0.00192	-0.00063	-0.00188	1.00000	
23	0.11500	0.68433	0.39466	1.31355	0.18291	-0.11170	-0.49772	1.57774	0.99996	0.00869	0.00195	-0.00869	0.99996	0.00319	-0.00192	-0.00321	0.99999		0.15063	4.46188	0.96084	0.11111	-0.02851	4.22121	0.14880	0.99729	-0.07361	0.00050	0.07361	0.99729	0.00194	-0.00064	-0.00190	1.00000	
24	0.12000	0.54263	0.11426	0.89048	0.11741	-0.08579	-0.49279	1.54852	0.99996	0.00860	0.00150	-0.00860	0.99996	0.00205	-0.00148	-0.00206	1.00000		0.50048	4.46574	1.38659	0.11624	-0.07708	4.22918	0.26877	0.99728	-0.07375	0.00135	0.07374	0.99728	0.00203	-0.00149	-0.00192	1.00000	
25	0.12500	0.52269	0.13207	0.88510	0.11891	-0.08195	-0.49332	1.54013	0.99996	0.00861	0.00143	-0.00861	0.99996	0.00208	-0.00141	-0.00209	1.00000		0.49288	4.46359	1.39750	0.11367	-0.07929	4.22293	0.25648	0.99728	-0.07364	0.00138	0.07363	0.99728	0.00198	-0.00153	-0.00188	1.00000	
26	0.13000	0.52061	0.10537	0.87404	0.11280	-0.08034	-0.48857	1.53262	0.99996	0.00853	0.00140	-0.00853	0.99996	0.00197	-0.00139	-0.00198	1.00000		0.46997	4.43573	1.37734	0.11162	-0.07626	4.22455	0.25415	0.99728	-0.07367	0.00133	0.07366	0.99728	0.00195	-0.00147	-0.00184	1.00000	
27	0.13500	0.53020	0.09399	0.86680	0.10748	-0.08790	-0.48936	1.53377	0.99996	0.00854	0.00153	-0.00854	0.99996	0.00188	-0.00152	-0.00189	1.00000		0.52113	4.45614	1.40167	0.11475	-0.08053	4.22744	0.25236	0.99728	-0.07372	0.00141	0.07371	0.99728	0.00200	-0.00155	-0.00189	1.00000	
28	0.14000	0.49327	0.10578	0.86299	0.10872	-0.08200	-0.48798	1.55437	0.99996	0.00852	0.00143	-0.00852	0.99996	0.00190	-0.00141	-0.00191	1.00000		0.46063	4.42994	1.38099	0.10884	-0.07202	4.22795	0.26362	0.99728	-0.07372	0.00126	0.07372	0.99728	0.00190	-0.00139	-0.00180	1.00000	
29	0.14500	0.53969	0.11227	0.86447	0.10500	-0.08424	-0.48544	1.55931	0.99996	0.00847	0.00147	-0.00848	0.99996	0.00183	-0.00145	-0.00185	1.00000		0.46704	4.43806	1.38595	0.11131	-0.07728	4.22571	0.26287	0.99728	-0.07369	0.00135	0.07368	0.99728	0.00194	-0.00149	-0.00184	1.00000	
30	0.15000	0.47510	0.10946	0.84231	0.10474	-0.07828	-0.48703	1.56208	0.99996	0.00850	0.00137	-0.00850	0.99996	0.00183	-0.00135	-0.00184	1.00000		0.44615	4.39209	1.38939	0.10615	-0.07613	4.22861	0.26836	0.99728	-0.07374	0.00133	0.07373	0.99728	0.00185	-0.00146	-0.00175	1.00000	
31	0.15500	0.47160	0.09176	0.84800	0.09916	-0.07574	-0.48545	1.53755	0.99996	0.00847	0.00132	-0.00847	0.99996	0.00173	-0.00131	-0.00174	1.00000		0.49064	4.43305	1.41973	0.11093	-0.08056	4.22610	0.26899	0.99728	-0.07369	0.00141	0.07369	0.99728	0.00194	-0.00154	-0.00183	1.00000	
32	0.16000	0.48273	0.09637	0.83989	0.09865	-0.08149	-0.48701	1.54684	0.99996	0.00850	0.00142	-0.00850	0.99996	0.00172	-0.00141	-0.00173	1.00000		0.44960	4.39766	1.39697	0.10594	-0.07858	4.22775	0.25893	0.99728	-0.07372	0.00137	0.07372	0.99728	0.00185	-0.00150	-0.00174	1.00000	
33	0.16500	0.45794	0.09384	0.82475	0.09344	-0.07632	-0.48683	1.55731	0.99996	0.00850	0.00133	-0.00850	0.99996	0.00163	-0.00132	-0.00164	1.00000		0.44978	4.41842	1.39463	0.10884	-0.07843	4.22769	0.26228	0.99728	-0.07372	0.00137	0.07372	0.99728	0.00190	-0.00151	-0.00179	1.00000	
34	0.17000	0.47593	0.10325	0.83466	0.09455	-0.07772	-0.48603	1.56138	0.99996	0.00848	0.00136	-0.00849	0.99996	0.00165	-0.00134	-0.00166	1.00000		0.47742	4.42865	1.41677	0.11166	-0.08006	4.22901	0.28239	0.99728	-0.07374	0.00140	0.07374	0.99728	0.00195	-0.00154	-0.00184	1.00000	
35	0.17500	0.43038	0.07384	0.82054	0.08566	-0.07551	-0.48397	1.54244	0.99996	0.00845	0.00132	-0.00845	0.99996	0.00149	-0.00131	-0.00151	1.00000		0.47740	4.42535	1.41671	0.11120	-0.08005	4.22903	0.28196	0.99728	-0.07374	0.00140	0.07374	0.99728	0.00194	-0.00154	-0.00183	1.00000	
36	0.18000	0.43121	0.09451	0.80393	0.08584	-0.07136	-0.48364	1.56538	0.99996	0.00844	0.00125	-0.00844	0.99996	0.00150	-0.00123	-0.00151	1.00000		0.46672	4.43289	1.41542	0.11191	-0.08262	4.22771	0.24656	0.99728	-0.07372	0.00144	0.07372	0.99728	0.00195	-0.00158	-0.00184	1.00000	
37	0.18500	0.40923	0.09262	0.81919	0.08209	-0.06813	-0.48244	1.55567	0.99996	0.00842	0.00119	-0.00842	0.99996	0.00143	-0.00118	-0.00144	1.00000		0.46344	4.41756	1.39818	0.10817	-0.08190	4.22824	0.27328	0.99728	-0.07373	0.00143	0.07373	0.99728	0.00189	-0.00156	-0.00178	1.00000	
38	0.19000	0.39397	0.09247	0.81198	0.07933	-0.06435	-0.47836	1.56275	0.99996	0.00835	0.00112	-0.00835	0.99996	0.00138	-0.00111	-0.00139	1.00000		0.47385	4.41279	1.43267	0.11000	-0.08664	4.23133	0.27087	0.99727	-0.07378	0.00151	0.07378	0.99727	0.00192	-0.00165	-0.00180	1.00000	
39	0.19500	0.39658	0.07771	0.80352	0.07241	-0.06782	-0.47926	1.57194	0.99996	0.00836	0.00118	-0.00837	0.99996	0.00126	-0.00117	-0.00127	1.00000		0.42741	4.40162	1.40238	0.10822	-0.08290	4.22850	0.27485	0.99728	-0.07373	0.00145	0.07373	0.99728	0.00189	-0.00158	-0.00178	1.00000	
40	0.20000	0.39542	0.08936	0.78799	0.07478	-0.06485	-0.48289	1.55963	0.99996	0.00843	0.00113	-0.00843	0.99996	0.00131	-0.00112	-0.00131	1.00000		0.44353	4.40694	1.43079	0.10814	-0.08706	4.22783	0.26943	0.99728	-0.07372	0.00152	0.07372	0.99728	0.00189	-0.00165	-0.00177	1.00000	
41	0.20500	0.36638	0.09318	0.78116	0.07123	-0.06239	-0.48271	1.55114	0.99996	0.00842	0.00109	-0.00843	0.99996	0.00124	-0.00108	-0.00125	1.00000		0.42751	4.38647	1.41365	0.10508	-0.08508	4.22764	0.26154	0.99728	-0.07372	0.00148	0.07372	0.99728	0.00183	-0.00162	-0.00172	1.00000	
42	0.21000	0.34074	0.06650	0.76070	0.06486	-0.05668	-0.47945	1.56656	0.99996	0.00837	0.00099	-0.00837	0.99996	0.00113	-0.00098	-0.00114	1.00000		0.41170	4.39549	1.42567	0.10735	-0.08735	4.22504	0.25491	0.99728	-0.07367	0.00152	0.07367	0.99728	0.00187	-0.00166	-0.00176	1.00000	
43	0.21500	0.35053	0.07179	0.77311	0.06142	-0.05711	-0.47304	1.58045	0.99997	0.00826	0.00100	-0.00826	0.99997	0.00107	-0.00099	-0.00108	1.00000		0.40519	4.37420	1.41293	0.10348	-0.08461	4.22521	0.27248	0.99728	-0.07368	0.00148	0.07367	0.99728	0.00181	-0.00161	-0.00169	1.00000	
44	0.22000	0.32081	0.08506	0.74897	0.06040	-0.05443	-0.47528	1.58040	0.99997	0.00830	0.00095	-0.00830	0.99997	0.00105	-0.00094	-0.00106	1.00000		0.41443	4.36949	1.41245	0.10531	-0.08918	4.22828	0.26949	0.99728	-0.07373	0.00156	0.07373	0.99728	0.00184	-0.00169	-0.00172	1.00000	
45	0.22500	0.31263	0.08374	0.75379	0.05769	-0.05419	-0.47983	1.56287	0.99996	0.00837	0.00095	-0.00838	0.99996	0.00101	-0.00094	-0.00101	1.00000		0.45657	4.38913	1.43139	0.10861	-0.09471	4.22888	0.28448	0.99728	-0.07374	0.00165	0.07374	0.99728	0.00190	-0.00179	-0.00177	1.00000	
46	0.23000	0.30449	0.06735	0.73702	0.05176	-0.05102	-0.47457	1.58792	0.99997	0.00828	0.00089	-0.00828	0.99997	0.00090	-0.00088	-0.00091	1.00000		0.41108	4.37878	1.41972	0.10675	-0.09518	4.22496	0.25553	0.99728	-0.07367	0.00166	0.07367	0.99728	0.00186	-0.00179	-0.00174	1.00000	
47	0.23500	0.29604	0.06131	0.72882	0.04839	-0.04773	-0.47129	1.59124	0.99997	0.00823	0.00083	-0.00823	0.99997	0.00084	-0.00083	-0.00085	1.00000		0.41909	4.34609	1.43805	0.10488	-0.09576	4.22919	0.28165	0.99728	-0.07375	0.00167	0.07374	0.99728	0.00183	-0.00180	-0.00170	1.00000	
48	0.24000	0.29100	0.07917	0.72100	0.04608	-0.04546	-0.47038	1.58340	0.99997	0.00821	0.00079	-0.00821	0.99997	0.00080	-0.00079	-0.00081	1.00000		0.42964	4.35224	1.43338	0.10514	-0.09874	4.22968	0.29319	0.99727	-0.07375	0.00172	0.07375	0.99727	0.00184	-0.00185	-0.00170	1.00000	
49	0.24500	0.22377	0.06105	0.72497	0.04173	-0.03988	-0.47122	1.58944	0.99997	0.00822	0.00070	-0.00822	0.99997	0.00073	-0.00069	-0.00073	1.00000		0.37254	4.32477	1.42496	0.10143	-0.09699	4.22892	0.29886	0.99728	-0.07374	0.00169	0.07374	0.99728	0.00177	-0.00182	-0.00164	1.00000	
50	0.25000	0.25429	0.06155	0.71344	0.04047	-0.04040	-0.46992	1.59299	0.99997	0.00820	0.00071	-0.00820	0.99997	0.00071	-0.00070	-0.00071	1.00000		0.39513	4.33973	1.42294	0.10550	-0.10399	4.22884	0.26185	0.99728	-0.07374	0.00181	0.07374	0.99728	0.00184	-0.00195	-0.00170	1.00000	
51	0.25500	0.22293	0.06350	0.72248	0.03650	-0.03353	-0.47109	1.57478	0.99997	0.00822	0.00059	-0.00822	0.99997	0.00064	-0.00058	-0.00064	1.00000		0.39875	4.36774	1.44325	0.10882	-0.10569	4.23002	0.27734	0.99727	-0.07376	0.00184	0.07376	0.99727	0.00190	-0.00198	-0.00176	1.00000	
52	0.26000	0.22986	0.05646	0.69695	0.03080	-0.03342	-0.46778	1.60106	0.99997	0.00816	0.00058	-0.00816	0.99997	0.00054	-0.00058	-0.00054	1.00000		0.36904	4.34337	1.41571	0.10442	-0.10640	4.22659	0.27308	0.99728	-0.07370	0.00186	0.07370	0.99728	0.00182	-0.00199	-0.00168	1.00000	
53	0.26500	0.21975	0.06090	0.69616	0.03065	-0.02959	-0.46901	1.59697	0.99997	0.00819	0.00052	-0.00819	0.99997	0.00053	-0.00051	-0.00054	1.00000		0.35546	4.29854	1.43277	0.10051	-0.10715	4.22628	0.28968	0.99728	-0.07370	0.00187	0.07369	0.99728	0.00175	-0.00199	-0.00161	1.00000	
54	0.27000	0.20982	0.05331	0.67704	0.02522	-0.03309	-0.46478	1.61284	0.99997	0.00811	0.00058	-0.00811	0.99997	0.00044	-0.00057	-0.00044	1.00000		0.35089	4.30507	1.41892	0.10160	-0.11001	4.22719	0.27651	0.99728	-0.07371	0.00192	0.07371	0.99728	0.00177	-0.00205	-0.00163	1.00000	
55	0.27500	0.18448	0.06307	0.67859	0.02685	-0.02115	-0.46823	1.61813	0.99997	0.00817	0.00037	-0.00817	0.99997	0.00047	-0.00037	-0.00047	1.00000		0.39929	4.31271	1.42668	0.10477	-0.11707	4.22654	0.25860	0.99728	-0.07370	0.00204	0.07370	0.99728	0.00183	-0.00217	-0.00167	1.00000	
56	0.28000	0.13995	0.06834	0.66041	0.02331	-0.01893	-0.46399	1.62476	0.99997	0.00810	0.00033	-0.00810	0.99997	0.00041	-0.00033	-0.00041	1.00000		0.38690	4.31977	1.42637	0.10498	-0.11678	4.22753	0.26616	0.99728	-0.07372	0.00204	0.07371	0.99728	0.00183	-0.00217	-0.00168	1.00000	
57	0.28500	0.14986	0.04755	0.65670	0.01786	-0.01938	-0.46732	1.59943	0.99997	0.00816	0.00034	-0.00816	0.99997	0.00031	-0.00034	-0.00031	1.00000		0.33150	4.29180	1.41772	0.10109	-0.11538	4.22594	0.27072	0.99728	-0.07369	0.00201	0.07369	0.99728	0.00176	-0.00214	-0.00161	1.00000	
58	0.29000	0.14483	0.04293	0.65717	0.01629	-0.01837	-0.46411	1.61812	0.99997	0.00810	0.00032	-0.00810	0.99997	0.00028	-0.00032	-0.00029	1.00000		0.38260	4.30597	1.44997	0.10473	-0.12411	4.22738	0.26663	0.99728	-0.07371	0.00217	0.07371	0.99728	0.00183	-0.00230	-0.00166	1.00000	
59	0.29500	0.11020	0.04970	0.65285	0.01382	-0.01248	-0.45931	1.61708	0.99997	0.00802	0.00022	-0.00802	0.99997	0.00024	-0.00022	-0.00024	1.00000		0.39058	4.32520	1.44641	0.10973	-0.12846	4.22948	0.26492	0.99727	-0.07375	0.00224	0.07375	0.99728	0.00192	-0.00238	-0.00174	1.00000	
60	0.30000	0.09177	0.05103	0.64370	0.01174	-0.00807	-0.45738	1.63171	0.99997	0.00798	0.00014	-0.00798	0.99997	0.00020	-0.00014	-0.00021	1.00000		0.34712	4.29252	1.42311	0.10500	-0.12528	4.22677	0.26656	0.99728	-0.07370	0.00219	0.07370	0.99728	0.00183	-0.00232	-0.00167	1.00000	
61	0.30500	0.07783	0.04503	0.63123	0.01130	-0.00381	-0.45876	1.62799	0.99997	0.00801	0.00007	-0.00801	0.99997	0.00020	-0.00006	-0.00020	1.00000		0.38955	4.28835	1.44153	0.10500	-0.13109	4.22745	0.27773	0.99728	-0.07372	0.00229	0.07371	0.99728	0.00183	-0.00242	-0.00166	1.00000	
62	0.31000	0.07499	0.06505	0.63556	0.01086	-0.00366	-0.45775	1.63755	0.99997	0.00799	0.00006	-0.00799	0.99997	0.00019	-0.00006	-0.00019	1.00000		0.34937	4.27257	1.44200	0.10503	-0.13151	4.22764	0.27818	0.99728	-0.07372	0.00230	0.07372	0.99728	0.00183	-0.00242	-0.00166	1.00000	
63	0.31500	0.07491	0.04870	0.63368	0.00563	-0.00200	-0.45639	1.64503	0.99997	0.00797	0.00003	-0.00797	0.99997	0.00010	-0.00003	-0.00010	1.00000		0.33958	4.26718	1.42666	0.10167	-0.13170	4.22800	0.29601	0.99728	-0.07373	0.00230	0.07372	0.99728	0.00177	-0.00242	-0.00160	1.00000	
64	0.32000	0.06731	0.04072	0.62084	0.00630	0.00301	-0.45999	1.63486	0.99997	0.00803	-0.00005	-0.00803	0.99997	0.00011	0.00005	-0.00011	1.00000		0.36973	4.28230	1.43423	0.10502	-0.13769	4.22823	0.28425	0.99728	-0.07373	0.00240	0.07373	0.99728	0.00183	-0.00253	-0.00165	1.00000	
65	0.32500	0.05168	0.03951	0.59850	0.00427	-0.00029	-0.45813	1.63004	0.99997	0.00800	0.00001	-0.00800	0.99997	0.00007	-0.00000	-0.00007	1.00000		0.35165	4.28208	1.44025	0.10607	-0.14057	4.22996	0.26528	0.99727	-0.07376	0.00245	0.07375	0.99727	0.00185	-0.00258	-0.00167	1.00000	
66	0.33000	0.02635	0.02778	0.60231	0.00304	0.00759	-0.45887	1.63481	0.99997	0.00801	-0.00013	-0.00801	0.99997	0.00005	0.00013	-0.00005	1.00000		0.35573	4.24372	1.43537	0.10221	-0.14186	4.22891	0.28861	0.99727	-0.07374	0.00248	0.07374	0.99728	0.00178	-0.00260	-0.00160	1.00000	
67	0.33500	0.02103	0.03714	0.58079	0.00222	0.00887	-0.45462	1.64438	0.99997	0.00793	-0.00015	-0.00793	0.99997	0.00004	0.00016	-0.00004	1.00000		0.35189	4.25229	1.43965	0.10233	-0.14332	4.22792	0.27830	0.99728	-0.07372	0.00250	0.07372	0.99728	0.00179	-0.00263	-0.00160	1.00000	
68	0.34000	-0.02258	0.03236	0.57284	-0.00109	0.01416	-0.45462	1.66183	0.99997	0.00793	-0.00025	-0.00793	0.99997	-0.00002	0.00025	0.00002	1.00000		0.37016	4.27679	1.44521	0.10608	-0.14920	4.22826	0.27154	0.99727	-0.07373	0.00260	0.07373	0.99728	0.00185	-0.00273	-0.00165	0.99999	
69	0.34500	-0.01772	0.02597	0.58015	-0.00169	0.01429	-0.45563	1.65888	0.99997	0.00795	-0.00025	-0.00795	0.99997	-0.00003	0.00025	0.00003	1.00000		0.36079	4.26516	1.43651	0.10487	-0.15037	4.22691	0.28910	0.99728	-0.07371	0.00262	0.07370	0.99728	0.00183	-0.00275	-0.00163	0.99999	
70	0.35000	-0.04666	0.05033	0.56361	0.00266	0.01861	-0.45570	1.65199	0.99997	0.00795	-0.00032	-0.00795	0.99997	0.00005	0.00033	-0.00004	1.00000		0.38657	4.28820	1.47564	0.10809	-0.15786	4.22527	0.26397	0.99728	-0.07368	0.00276	0.07367	0.99728	0.00189	-0.00289	-0.00168	0.99999	
71	0.35500	-0.03595	0.04322	0.55487	0.00004	0.01870	-0.45461	1.65528	0.99997	0.00793	-0.00033	-0.00793	0.99997	0.00000	0.00033	0.00000	1.00000		0.34242	4.26076	1.45864	0.10500	-0.15727	4.22683	0.29367	0.99728	-0.07370	0.00274	0.07370	0.99728	0.00183	-0.00287	-0.00163	0.99999	
72	0.36000	-0.04187	0.03022	0.54061	-0.00160	0.02223	-0.45493	1.65882	0.99997	0.00794	-0.00039	-0.00794	0.99997	-0.00003	0.00039	0.00003	1.00000		0.34243	4.22991	1.44003	0.10132	-0.15612	4.22573	0.27913	0.99728	-0.07369	0.00272	0.07368	0.99728	0.00177	-0.00285	-0.00156	0.99999	
73	0.36500	-0.07492	0.03746	0.54264	-0.00006	0.02496	-0.45603	1.65155	0.99997	0.00796	-0.00044	-0.00796	0.99997	-0.00000	0.00044	0.00000	1.00000		0.31564	4.26881	1.45202	0.10483	-0.15927	4.22561	0.26133	0.99728	-0.07368	0.00278	0.07368	0.99728	0.00183	-0.00291	-0.00162	0.99999	
74	0.37000	-0.07920	0.03528	0.54068	0.00133	0.02915	-0.45658	1.66828	0.99997	0.00797	-0.00051	-0.00797	0.99997	0.00002	0.00051	-0.00002	1.00000		0.35923	4.25466	1.44583	0.10523	-0.16165	4.22692	0.27481	0.99728	-0.07371	0.00282	0.07370	0.99728	0.00184	-0.00295	-0.00162	0.99999	
75	0.37500	-0.09326	0.05566	0.52450	0.00336	0.02788	-0.45567	1.65641	0.99997	0.00795	-0.00049	-0.00795	0.99997	0.00006	0.00049	-0.00005	1.00000		0.35187	4.28168	1.45960	0.10752	-0.16652	4.22403	0.29280	0.99728	-0.07366	0.00291	0.07365	0.99728	0.00188	-0.00304	-0.00166	0.99999	
76	0.38000	-0.08913	0.05284	0.52297	0.00401	0.02923	-0.45608	1.66206	0.99997	0.00796	-0.00051	-0.00796	0.99997	0.00007	0.00051	-0.00007	1.00000		0.34692	4.24630	1.46924	0.10591	-0.16739	4.22785	0.29185	0.99727	-0.07372	0.00292	0.07372	0.99728	0.00185	-0.00305	-0.00163	0.99999	
77	0.38500	-0.13178	0.04231	0.51903	0.00476	0.03584	-0.45584	1.66058	0.99997	0.00796	-0.00063	-0.00796	0.99997	0.00008	0.00063	-0.00008	1.00000		0.34485	4.22841	1.44534	0.10238	-0.16935	4.22698	0.27751	0.99728	-0.07371	0.00296	0.07370	0.99728	0.00179	-0.00308	-0.00156	0.99999	
78	0.39000	-0.11722	0.04991	0.52546	0.00750	0.03488	-0.45508	1.66144	0.99997	0.00794	-0.00061	-0.00794	0.99997	0.00013	0.00061	-0.00013	1.00000		0.34556	4.22609	1.44333	0.10207	-0.16945	4.22699	0.27737	0.99728	-0.07371	0.00296	0.07370	0.99728	0.00178	-0.00308	-0.00156	0.99999	
79	0.39500	-0.15112	0.03009	0.51002	0.00579	0.03844	-0.45698	1.64460	0.99997	0.00798	-0.00067	-0.00798	0.99997	0.00010	0.00067	-0.00010	1.00000		0.34252	4.27370	1.45975	0.10524	-0.17578	4.22653	0.27996	0.99728	-0.07370	0.00307	0.07369	0.99728	0.00184	-0.00319	-0.00161	0.99999	
80	0.40000	-0.11718	0.03264	0.50228	0.00504	0.03337	-0.45458	1.66457	0.99997	0.00793	-0.00058	-0.00793	0.99997	0.00009	0.00058	-0.00008	1.00000		0.30748	4.28826	1.46706	0.10740	-0.17685	4.22480	0.27819	0.99728	-0.07367	0.00309	0.07366	0.99728	0.00187	-0.00322	-0.00164	0.99999	
81	0.40500	-0.11923	0.03727	0.50785	0.00821	0.03718	-0.45653	1.66922	0.99997	0.00797	-0.00065	-0.00797	0.99997	0.00014	0.00065	-0.00014	1.00000		0.30311	4.23349	1.46752	0.10187	-0.17654	4.22681	0.27674	0.99728	-0.07370	0.00308	0.07370	0.99728	0.00178	-0.00320	-0.00155	0.99999	
82	0.41000	-0.15480	0.02743	0.50776	0.00646	0.03893	-0.45220	1.64406	0.99997	0.00789	-0.00068	-0.00789	0.99997	0.00011	0.00068	-0.00011	1.00000		0.29103	4.24316	1.43413	0.10244	-0.17628	4.22778	0.28515	0.99727	-0.07372	0.00308	0.07372	0.99728	0.00179	-0.00320	-0.00156	0.99999	
83	0.41500	-0.19010	0.04825	0.50055	0.01174	0.04293	-0.45419	1.66488	0.99997	0.00793	-0.00075	-0.00793	0.99997	0.00020	0.00075	-0.00020	1.00000		0.33720	4.25309	1.47577	0.10589	-0.18302	4.22709	0.26666	0.99727	-0.07371	0.00319	0.07370	0.99728	0.00185	-0.00332	-0.00161	0.99999	
84	0.42000	-0.16035	0.04104	0.49620	0.01345	0.03714	-0.45801	1.66746	0.99997	0.00799	-0.00065	-0.00799	0.99997	0.00023	0.00065	-0.00023	1.00000		0.29119	4.23847	1.46842	0.10179	-0.17632	4.22780	0.28458	0.99727	-0.07372	0.00308	0.07372	0.99728	0.00178	-0.00320	-0.00154	0.99999	
85	0.42500	-0.15786	0.05023	0.48109	0.01748	0.04094	-0.45584	1.66789	0.99997	0.00796	-0.00071	-0.00796	0.99997	0.00031	0.00072	-0.00030	1.00000		0.32005	4.24650	1.48483	0.10309	-0.18426	4.22712	0.26087	0.99727	-0.07371	0.00322	0.07370	0.99728	0.00180	-0.00334	-0.00156	0.99999	
86	0.43000	-0.14307	0.02949	0.49275	0.01607	0.03856	-0.45862	1.64940	0.99997	0.00800	-0.00067	-0.00800	0.99997	0.00028	0.00068	-0.00028	1.00000		0.29822	4.23279	1.47105	0.09933	-0.18098	4.22734	0.28162	0.99727	-0.07371	0.00316	0.07371	0.99728	0.00173	-0.00328	-0.00150	0.99999	
87	0.43500	-0.19385	0.03036	0.48597	0.01819	0.04218	-0.45393	1.65944	0.99997	0.00792	-0.00074	-0.00792	0.99997	0.00032	0.00074	-0.00031	1.00000		0.29376	4.25600	1.48310	0.10258	-0.18382	4.22734	0.26887	0.99727	-0.07371	0.00321	0.07371	0.99728	0.00179	-0.00333	-0.00155	0.99999	
88	0.44000	-0.17938	0.04387	0.47728	0.01924	0.03923	-0.45506	1.63567	0.99997	0.00794	-0.00068	-0.00794	0.99997	0.00034	0.00069	-0.00033	1.00000		0.25932	4.25349	1.48049	0.10112	-0.18363	4.22377	0.26707	0.99728	-0.07365	0.00320	0.07365	0.99728	0.00176	-0.00333	-0.00152	0.99999	
89	0.44500	-0.17767	0.04409	0.48266	0.02166	0.03855	-0.45701	1.64025	0.99997	0.00798	-0.00067	-0.00798	0.99997	0.00038	0.00068	-0.00037	1.00000		0.26205	4.23087	1.48662	0.09803	-0.18423	4.22388	0.26437	0.99728	-0.07365	0.00322	0.07365	0.99728	0.00171	-0.00333	-0.00147	0.99999	
90	0.45000	-0.15587	0.03269	0.46200	0.02474	0.03620	-0.45524	1.65796	0.99997	0.00795	-0.00063	-0.00795	0.99997	0.00043	0.00064	-0.00043	1.00000		0.26254	4.23087	1.48711	0.09803	-0.18428	4.22389	0.26449	0.99728	-0.07365	0.00322	0.07365	0.99728	0.00171	-0.00333	-0.00147	0.99999	
91	0.45500	-0.18769	0.04121	0.48057	0.02886	0.03829	-0.45738	1.64861	0.99997	0.00798	-0.00067	-0.00798	0.99997	0.00050	0.00067	-0.00050	1.00000		0.23419	4.22624	1.47645	0.09452	-0.18194	4.22393	0.27689	0.99728	-0.07365	0.00318	0.07365	0.99728	0.00165	-0.00329	-0.00141	0.99999	
92	0.46000	-0.19331	0.04018	0.46568	0.03135	0.03550	-0.45997	1.63989	0.99997	0.00803	-0.00062	-0.00803	0.99997	0.00055	0.00062	-0.00054	1.00000		0.24139	4.24252	1.48924	0.09772	-0.18482	4.22381	0.25880	0.99728	-0.07365	0.00323	0.07365	0.99728	0.00171	-0.00334	-0.00146	0.99999	
93	0.46500	-0.19469	0.03307	0.47970	0.03184	0.04037	-0.45761	1.63837	0.99997	0.00799	-0.00070	-0.00799	0.99997	0.00056	0.00071	-0.00055	1.00000		0.26631	4.24366	1.48561	0.09822	-0.18819	4.22420	0.26606	0.99728	-0.07366	0.00328	0.07365	0.99728	0.00171	-0.00340	-0.00147	0.99999	
94	0.47000	-0.20384	0.03459	0.47671	0.03382	0.03601	-0.46062	1.65238	0.99997	0.00804	-0.00063	-0.00804	0.99997	0.00059	0.00063	-0.00059	1.00000		0.23541	4.25588	1.48321	0.09815	-0.18697	4.22521	0.27692	0.99728	-0.07368	0.00326	0.07367	0.99728	0.00171	-0.00338	-0.00147	0.99999	
95	0.47500	-0.20702	0.05766	0.48208	0.04108	0.03742	-0.45760	1.65376	0.99997	0.00799	-0.00065	-0.00799	0.99997	0.00072	0.00066	-0.00071	1.00000		0.24707	4.22195	1.49843	0.09493	-0.18578	4.22396	0.25727	0.99728	-0.07365	0.00324	0.07365	0.99728	0.00166	-0.00336	-0.00141	0.99999	
96	0.48000	-0.21554	0.03746	0.47269	0.04119	0.03391	-0.46232	1.63376	0.99997	0.00807	-0.00059	-0.00807	0.99997	0.00072	0.00060	-0.00071	1.00000		0.23418	4.25589	1.48467	0.09814	-0.18683	4.22519	0.27669	0.99728	-0.07368	0.00326	0.07367	0.99728	0.00171	-0.00338	-0.00147	0.99999	
97	0.48500	-0.21046	0.02780	0.47187	0.04200	0.03364	-0.46369	1.62856	0.99997	0.00809	-0.00059	-0.00809	0.99997	0.00073	0.00059	-0.00073	1.00000		0.22985	4.26422	1.48810	0.09820	-0.18819	4.22418	0.26556	0.99728	-0.07366	0.00328	0.07365	0.99728	0.00171	-0.00340	-0.00147	0.99999	
98	0.49000	-0.21325	0.03109	0.47584	0.04504	0.03130	-0.45979	1.63526	0.99997	0.00802	-0.00055	-0.00802	0.99997	0.00079	0.00055	-0.00078	1.00000		0.23109	4.23759	1.49313	0.09452	-0.18863	4.22429	0.26205	0.99728	-0.07366	0.00329	0.07366	0.99728	0.00165	-0.00340	-0.00140	0.99999	
99	0.49500	-0.20659	0.04550	0.46264	0.05039	0.02470	-0.46206	1.63061	0.99997	0.00806	-0.00043	-0.00806	0.99997	0.00088	0.00044	-0.00088	1.00000		0.21008	4.26487	1.49479	0.09801	-0.18551	4.22387	0.26003	0.99728	-0.07365	0.00324	0.07365	0.99728	0.00171	-0.00336	-0.00147	0.99999	
100	0.50000	-0.21776	0.03229	0.49220	0.05165	0.02670	-0.46210	1.60619	0.99997	0.00807	-0.00047	-0.00806	0.99997	0.00090	0.00047	-0.00090	1.00000		0.21632	4.22174	1.48100	0.09158	-0.18428	4.22554	0.29806	0.99728	-0.07368	0.00322	0.07368	0.99728	0.00160	-0.00333	-0.00136	0.99999	
101	0.50500	-0.20733	0.04534	0.47741	0.05541	0.02174	-0.46237	1.61883	0.99997	0.00807	-0.00038	-0.00807	0.99997	0.00097	0.00039	-0.00096	1.00000		0.19144	4.25598	1.50238	0.09489	-0.18658	4.22389	0.25336	0.99728	-0.07365	0.00326	0.07365	0.99728	0.00166	-0.00337	-0.00141	0.99999	
102	0.51000	-0.22490	0.04676	0.48217	0.05605	0.02282	-0.45934	1.63395	0.99997	0.00802	-0.00040	-0.00802	0.99997	0.00098	0.00041	-0.00098	1.00000		0.18414	4.28875	1.50621	0.09776	-0.18485	4.22422	0.28567	0.99728	-0.07366	0.00323	0.07365	0.99728	0.00171	-0.00334	-0.00146	0.99999	
103	0.51500	-0.19321	0.03610	0.48520	0.05701	0.01582	-0.46632	1.60320	0.99997	0.00814	-0.00028	-0.00814	0.99997	0.00099	0.00028	-0.00099	1.00000		0.13548	4.28048	1.50802	0.09635	-0.18074	4.22133	0.28954	0.99728	-0.07361	0.00315	0.07360	0.99729	0.00168	-0.00327	-0.00144	0.99999	
104	0.52000	-0.18850	0.02582	0.48615	0.06185	0.01592	-0.46471	1.60640	0.99997	0.00811	-0.00028	-0.00811	0.99997	0.00108	0.00029	-0.00108	1.00000		0.14517	4.26993	1.49477	0.09462	-0.17976	4.22365	0.27165	0.99728	-0.07365	0.00314	0.07364	0.99728	0.00165	-0.00325	-0.00142	0.99999	
105	0.52500	-0.22035	0.05357	0.48262	0.06713	0.01217	-0.46712	1.62006	0.99997	0.00815	-0.00021	-0.00815	0.99997	0.00117	0.00022	-0.00117	1.00000		0.15808	4.29581	1.49807	0.09730	-0.17944	4.22277	0.28277	0.99728	-0.07363	0.00313	0.07363	0.99728	0.00170	-0.00325	-0.00146	0.99999	
106	0.53000	-0.18779	0.04649	0.46960	0.06782	0.00955	-0.46604	1.60615	0.99997	0.00813	-0.00017	-0.00813	0.99997	0.00118	0.00018	-0.00118	1.00000		0.17472	4.33553	1.53764	0.10344	-0.18391	4.22060	0.24933	0.99728	-0.07360	0.00321	0.07359	0.99729	0.00181	-0.00333	-0.00156	0.99999	
107	0.53500	-0.19176	0.03217	0.49074	0.06816	0.00468	-0.46476	1.61745	0.99997	0.00811	-0.00008	-0.00811	0.99997	0.00119	0.00009	-0.00119	1.00000		0.18241	4.28596	1.50187	0.09657	-0.18178	4.22075	0.25913	0.99728	-0.07360	0.00317	0.07359	0.99729	0.00169	-0.00329	-0.00145	0.99999	
108	0.54000	-0.22451	0.05079	0.48047	0.07280	0.00382	-0.46715	1.61129	0.99997	0.00815	-0.00007	-0.00815	0.99997	0.00127	0.00008	-0.00127	1.00000		0.16530	4.31731	1.52820	0.09994	-0.18079	4.22070	0.26659	0.99728	-0.07360	0.00316	0.07359	0.99729	0.00174	-0.00328	-0.00151	0.99999	
109	0.54500	-0.22056	0.03439	0.48952	0.07473	0.00444	-0.46864	1.59728	0.99997	0.00818	-0.00008	-0.00818	0.99997	0.00130	0.00009	-0.00130	1.00000		0.13038	4.28672	1.52878	0.09775	-0.17551	4.22427	0.28068	0.99728	-0.07366	0.00306	0.07366	0.99728	0.00171	-0.00318	-0.00148	0.99999	
110	0.55000	-0.20601	0.06461	0.48393	0.07944	-0.00316	-0.47083	1.59572	0.99997	0.00822	0.00006	-0.00822	0.99997	0.00139	-0.00004	-0.00139	1.00000		0.15559	4.29106	1.50947	0.09719	-0.17769	4.22153	0.27095	0.99728	-0.07361	0.00310	0.07361	0.99729	0.00170	-0.00322	-0.00146	0.99999	
111	0.55500	-0.18424	0.04764	0.48938	0.07841	-0.00619	-0.46816	1.59156	0.99997	0.00817	0.00011	-0.00817	0.99997	0.00137	-0.00010	-0.00137	1.00000		0.13427	4.34345	1.53009	0.10357	-0.17577	4.22225	0.28239	0.99728	-0.07363	0.00307	0.07362	0.99728	0.00181	-0.00319	-0.00158	0.99999	
112	0.56000	-0.22316	0.05381	0.49013	0.08425	-0.00661	-0.46986	1.59103	0.99997	0.00820	0.00012	-0.00820	0.99997	0.00147	-0.00010	-0.00147	1.00000		0.12732	4.35962	1.53114	0.10633	-0.17319	4.22089	0.27340	0.99728	-0.07360	0.00302	0.07360	0.99729	0.00186	-0.00315	-0.00163	0.99999	
113	0.56500	-0.21268	0.05006	0.50196	0.08334	-0.01267	-0.46814	1.58660	0.99997	0.00817	0.00022	-0.00817	0.99997	0.00145	-0.00021	-0.00146	1.00000		0.10601	4.35246	1.53788	0.10339	-0.17388	4.22086	0.26497	0.99728	-0.07360	0.00303	0.07360	0.99729	0.00180	-0.00316	-0.00158	0.99999	
114	0.57000	-0.18505	0.05826	0.49289	0.08914	-0.01580	-0.46881	1.58394	0.99997	0.00818	0.00028	-0.00818	0.99997	0.00156	-0.00026	-0.00156	1.00000		0.09204	4.34684	1.54292	0.10346	-0.17001	4.22156	0.27090	0.99728	-0.07361	0.00297	0.07361	0.99729	0.00181	-0.00309	-0.00158	0.99999	
115	0.57500	-0.23084	0.05466	0.50313	0.09042	-0.01058	-0.47031	1.57291	0.99997	0.00821	0.00018	-0.00821	0.99997	0.00158	-0.00017	-0.00158	1.00000		0.08280	4.35143	1.54322	0.10293	-0.17073	4.22049	0.25819	0.99728	-0.07359	0.00298	0.07359	0.99729	0.00180	-0.00310	-0.00157	0.99999	
116	0.58000	-0.19359	0.05935	0.51035	0.09129	-0.02354	-0.47127	1.56572	0.99997	0.00823	0.00041	-0.00823	0.99996	0.00159	-0.00040	-0.00160	1.00000		0.06955	4.37217	1.54574	0.10666	-0.16670	4.22113	0.26826	0.99728	-0.07361	0.00291	0.07360	0.99729	0.00186	-0.00304	-0.00164	0.99999	
117	0.58500	-0.17868	0.06197	0.50840	0.09227	-0.02696	-0.47368	1.57547	0.99997	0.00827	0.00047	-0.00827	0.99996	0.00161	-0.00046	-0.00161	1.00000		0.05948	4.36602	1.55060	0.10641	-0.16378	4.22064	0.25772	0.99728	-0.07360	0.00286	0.07359	0.99729	0.00186	-0.00299	-0.00164	0.99999	
118	0.59000	-0.19885	0.05741	0.51296	0.09292	-0.02760	-0.47285	1.58902	0.99997	0.00825	0.00048	-0.00825	0.99996	0.00162	-0.00047	-0.00163	1.00000		0.04097	4.40229	1.56009	0.11188	-0.16295	4.21934	0.29480	0.99729	-0.07357	0.00284	0.07357	0.99729	0.00195	-0.00298	-0.00174	0.99999	
119	0.59500	-0.19143	0.05164	0.51179	0.09394	-0.03235	-0.46996	1.57226	0.99997	0.00820	0.00056	-0.00820	0.99997	0.00164	-0.00055	-0.00164	1.00000		0.02922	4.36701	1.54720	0.10816	-0.15861	4.21773	0.26882	0.99729	-0.07355	0.00277	0.07354	0.99729	0.00189	-0.00290	-0.00168	0.99999	
120	0.60000	-0.20961	0.07774	0.51021	0.09850	-0.03624	-0.47445	1.57815	0.99997	0.00828	0.00063	-0.00828	0.99996	0.00172	-0.00062	-0.00172	1.00000		-0.02071	4.38219	1.55229	0.10823	-0.15476	4.21842	0.27419	0.99729	-0.07356	0.00270	0.07355	0.99729	0.00189	-0.00283	-0.00169	0.99999	
121	0.60500	-0.19377	0.07189	0.52356	0.10017	-0.03783	-0.47266	1.55417	0.99997	0.00825	0.00066	-0.00825	0.99996	0.00175	-0.00065	-0.00175	1.00000		0.00159	4.39094	1.53878	0.10955	-0.15120	4.22198	0.29652	0.99728	-0.07362	0.00264	0.07362	0.99728	0.00191	-0.00277	-0.00171	0.99999	
122	0.61000	-0.18929	0.06501	0.53020	0.10077	-0.04411	-0.47527	1.58045	0.99997	0.00829	0.00077	-0.00830	0.99996	0.00176	-0.00076	-0.00177	1.00000		-0.02252	4.37133	1.55807	0.10846	-0.15098	4.21900	0.27517	0.99729	-0.07357	0.00264	0.07356	0.99729	0.00189	-0.00277	-0.00169	0.99999	
123	0.61500	-0.24321	0.07282	0.53827	0.10134	-0.04239	-0.47445	1.56019	0.99997	0.00828	0.00074	-0.00828	0.99996	0.00177	-0.00073	-0.00177	1.00000		-0.04498	4.37224	1.56451	0.10828	-0.14795	4.21863	0.26899	0.99729	-0.07356	0.00258	0.07356	0.99729	0.00189	-0.00271	-0.00169	0.99999	
124	0.62000	-0.17929	0.06241	0.52702	0.10266	-0.04917	-0.47274	1.56341	0.99997	0.00825	0.00086	-0.00825	0.99996	0.00179	-0.00084	-0.00180	1.00000		-0.03288	4.38777	1.56022	0.11120	-0.14797	4.21759	0.26538	0.99729	-0.07354	0.00258	0.07354	0.99729	0.00194	-0.00272	-0.00175	0.99999	
125	0.62500	-0.21447	0.08395	0.52500	0.10373	-0.04882	-0.47422	1.55978	0.99997	0.00828	0.00085	-0.00828	0.99996	0.00181	-0.00084	-0.00182	1.00000		-0.01980	4.40585	1.56380	0.11288	-0.14859	4.22105	0.26222	0.99728	-0.07360	0.00259	0.07360	0.99729	0.00197	-0.00273	-0.00177	0.99999	
126	0.63000	-0.20703	0.08170	0.53055	0.10599	-0.05335	-0.47308	1.54634	0.99997	0.00826	0.00093	-0.00826	0.99996	0.00185	-0.00092	-0.00186	1.00000		-0.07356	4.39766	1.54700	0.11161	-0.13974	4.21920	0.29821	0.99729	-0.07357	0.00244	0.07357	0.99729	0.00195	-0.00258	-0.00176	1.00000	
127	0.63500	-0.24507	0.09182	0.55749	0.10845	-0.05347	-0.47452	1.57049	0.99997	0.00828	0.00093	-0.00828	0.99996	0.00189	-0.00092	-0.00190	1.00000		-0.07325	4.40800	1.56551	0.11462	-0.14011	4.21864	0.26973	0.99729	-0.07356	0.00245	0.07356	0.99729	0.00200	-0.00259	-0.00182	0.99999	
128	0.64000	-0.21781	0.07461	0.55329	0.10442	-0.05952	-0.47350	1.56767	0.99997	0.00826	0.00104	-0.00827	0.99996	0.00182	-0.00102	-0.00183	1.00000		-0.04718	4.37081	1.55462	0.11135	-0.13684	4.21874	0.28743	0.99729	-0.07356	0.00239	0.07356	0.99729	0.00194	-0.00252	-0.00176	1.00000	
129	0.64500	-0.19332	0.06473	0.55052	0.10432	-0.06158	-0.47534	1.57202	0.99997	0.00830	0.00107	-0.00830	0.99996	0.00182	-0.00106	-0.00183	1.00000		-0.05847	4.36696	1.57810	0.11149	-0.13737	4.21837	0.26106	0.99729	-0.07356	0.00240	0.07355	0.99729	0.00195	-0.00253	-0.00176	1.00000	
130	0.65000	-0.20436	0.07856	0.55862	0.10698	-0.06384	-0.47458	1.55781	0.99997	0.00828	0.00111	-0.00828	0.99996	0.00187	-0.00110	-0.00188	1.00000		-0.08505	4.39761	1.56133	0.11680	-0.13390	4.21664	0.28793	0.99729	-0.07353	0.00234	0.07352	0.99729	0.00204	-0.00248	-0.00186	1.00000	
131	0.65500	-0.22004	0.09300	0.57300	0.10611	-0.06806	-0.47512	1.55265	0.99996	0.00829	0.00119	-0.00829	0.99996	0.00185	-0.00117	-0.00186	1.00000		-0.07491	4.38602	1.57719	0.11494	-0.13294	4.21895	0.27009	0.99729	-0.07357	0.00232	0.07356	0.99729	0.00201	-0.00246	-0.00183	1.00000	
132	0.66000	-0.25395	0.09863	0.58027	0.10908	-0.06186	-0.47609	1.56012	0.99996	0.00831	0.00108	-0.00831	0.99996	0.00190	-0.00106	-0.00191	1.00000		-0.12046	4.36993	1.57650	0.11350	-0.12728	4.21706	0.28565	0.99729	-0.07353	0.00222	0.07353	0.99729	0.00198	-0.00236	-0.00181	1.00000	
133	0.66500	-0.22876	0.08313	0.58048	0.10561	-0.06736	-0.47600	1.56083	0.99996	0.00831	0.00118	-0.00831	0.99996	0.00184	-0.00116	-0.00185	1.00000		-0.12316	4.39632	1.57238	0.11713	-0.12669	4.21692	0.28827	0.99729	-0.07353	0.00221	0.07353	0.99729	0.00204	-0.00236	-0.00188	1.00000	
134	0.67000	-0.27874	0.09640	0.59290	0.10790	-0.06209	-0.47698	1.55660	0.99996	0.00832	0.00108	-0.00833	0.99996	0.00188	-0.00107	-0.00189	1.00000		-0.13222	4.36406	1.56707	0.11465	-0.12557	4.21878	0.28883	0.99729	-0.07356	0.00219	0.07356	0.99729	0.00200	-0.00233	-0.00183	1.00000	
135	0.67500	-0.22119	0.08317	0.59787	0.10488	-0.07025	-0.47563	1.54749	0.99996	0.00830	0.00123	-0.00830	0.99996	0.00183	-0.00121	-0.00184	1.00000		-0.15638	4.36535	1.57333	0.11462	-0.12212	4.21927	0.28475	0.99729	-0.07357	0.00213	0.07357	0.99729	0.00200	-0.00227	-0.00184	1.00000	
136	0.68000	-0.24243	0.08319	0.58096	0.10462	-0.07758	-0.47197	1.55460	0.99997	0.00824	0.00135	-0.00824	0.99996	0.00183	-0.00134	-0.00184	1.00000		-0.16382	4.38164	1.57402	0.11739	-0.11948	4.21789	0.27445	0.99729	-0.07355	0.00209	0.07355	0.99729	0.00205	-0.00223	-0.00189	1.00000	
137	0.68500	-0.25598	0.08200	0.59366	0.10440	-0.07462	-0.47219	1.55414	0.99997	0.00824	0.00130	-0.00824	0.99996	0.00182	-0.00129	-0.00183	1.00000		-0.14487	4.37013	1.57378	0.11781	-0.11852	4.21880	0.28182	0.99729	-0.07357	0.00207	0.07356	0.99729	0.00206	-0.00221	-0.00190	1.00000	
138	0.69000	-0.26804	0.08804	0.59361	0.10443	-0.07509	-0.47447	1.56371	0.99996	0.00828	0.00131	-0.00828	0.99996	0.00182	-0.00130	-0.00183	1.00000		-0.17948	4.37786	1.57936	0.11767	-0.11537	4.21855	0.28033	0.99729	-0.07356	0.00201	0.07356	0.99729	0.00205	-0.00216	-0.00190	1.00000	
139	0.69500	-0.25396	0.07233	0.59979	0.10169	-0.07697	-0.47510	1.55744	0.99996	0.00829	0.00134	-0.00829	0.99996	0.00177	-0.00133	-0.00179	1.00000		-0.17973	4.34445	1.55825	0.11479	-0.11199	4.21921	0.27931	0.99729	-0.07357	0.00195	0.07357	0.99729	0.00200	-0.00210	-0.00185	1.00000	
140	0.70000	-0.27235	0.08057	0.61153	0.10064	-0.07274	-0.47095	1.56582	0.99997	0.00822	0.00127	-0.00822	0.99996	0.00176	-0.00126	-0.00177	1.00000		-0.24778	4.35368	1.55904	0.11656	-0.10310	4.21689	0.29178	0.99729	-0.07353	0.00180	0.07353	0.99729	0.00203	-0.00194	-0.00190	1.00000	
141	0.70500	-0.27800	0.09914	0.61598	0.10334	-0.07857	-0.47169	1.55439	0.99997	0.00823	0.00137	-0.00823	0.99996	0.00180	-0.00136	-0.00181	1.00000		-0.19533	4.35235	1.58400	0.11668	-0.11077	4.21561	0.28462	0.99729	-0.07351	0.00193	0.07351	0.99729	0.00204	-0.00208	-0.00189	1.00000	
