NO_OF_FRAMES	12050
NO_OF_CAMERAS	8
NO_OF_BODIES	2
FREQUENCY	200
NO_OF_ANALOG	0
ANALOG_FREQUENCY	0
DESCRIPTION	--
TIME_STAMP	2013-07-05, 11:59:53	184807.67760324
DATA_INCLUDED	6D
BODY_NAMES	Ice 2 V2	Ice 3
Frame	Time	Ice 2 V2 X	Y	Z	Roll	Pitch	Yaw	Residual	Rot[0]	Rot[1]	Rot[2]	Rot[3]	Rot[4]	Rot[5]	Rot[6]	Rot[7]	Rot[8]	Ice 3 X	Y	Z	Roll	Pitch	Yaw	Residual	Rot[0]	Rot[1]	Rot[2]	Rot[3]	Rot[4]	Rot[5]	Rot[6]	Rot[7]	Rot[8]	
1	0.00500	0.57704	-13.64975	0.56422	0.16654	-0.01227	-0.88822	0.21859	0.99988	0.01550	0.00021	-0.01550	0.99988	0.00291	-0.00017	-0.00291	1.00000		0.30701	6.61030	0.41871	0.06533	0.06515	4.50095	1.12720	0.99692	-0.07848	-0.00114	0.07848	0.99692	0.00114	0.00104	-0.00123	1.00000	
2	0.01000	0.62122	-13.65270	0.58112	0.17346	-0.01992	-0.88704	0.21602	0.99988	0.01548	0.00035	-0.01548	0.99988	0.00303	-0.00030	-0.00303	1.00000		0.30933	6.56440	0.40307	0.05827	0.07026	4.49339	1.14649	0.99693	-0.07834	-0.00123	0.07835	0.99693	0.00102	0.00114	-0.00111	1.00000	
3	0.01500	0.59467	-13.66495	0.55673	0.18293	-0.01962	-0.89642	0.22206	0.99988	0.01564	0.00034	-0.01565	0.99987	0.00319	-0.00029	-0.00320	0.99999		0.33352	6.56230	0.37234	0.05878	0.06651	4.49813	1.13857	0.99692	-0.07843	-0.00116	0.07843	0.99692	0.00103	0.00108	-0.00111	1.00000	
4	0.02000	0.64396	-13.67118	0.56014	0.18943	-0.02375	-0.89482	0.22249	0.99988	0.01562	0.00041	-0.01562	0.99987	0.00331	-0.00036	-0.00331	0.99999		0.35124	6.57742	0.36403	0.05950	0.07249	4.50149	1.09720	0.99691	-0.07848	-0.00127	0.07849	0.99691	0.00104	0.00118	-0.00113	1.00000	
5	0.02500	0.63978	-13.65068	0.57038	0.19897	-0.02253	-0.89630	0.22445	0.99988	0.01564	0.00039	-0.01564	0.99987	0.00347	-0.00034	-0.00348	0.99999		0.33328	6.55952	0.35165	0.05678	0.07668	4.49919	1.10669	0.99692	-0.07844	-0.00134	0.07845	0.99692	0.00099	0.00126	-0.00109	1.00000	
6	0.03000	0.62594	-13.66220	0.56822	0.20511	-0.01524	-0.89340	0.22165	0.99988	0.01559	0.00027	-0.01559	0.99987	0.00358	-0.00021	-0.00358	0.99999		0.36061	6.58290	0.32065	0.05792	0.07952	4.49936	1.10754	0.99692	-0.07845	-0.00139	0.07845	0.99692	0.00101	0.00130	-0.00112	1.00000	
7	0.03500	0.60611	-13.64793	0.56227	0.21657	-0.01714	-0.89534	0.21148	0.99988	0.01563	0.00030	-0.01563	0.99987	0.00378	-0.00024	-0.00378	0.99999		0.36944	6.58795	0.32207	0.05929	0.07833	4.50302	1.10239	0.99691	-0.07851	-0.00137	0.07851	0.99691	0.00103	0.00128	-0.00114	1.00000	
8	0.04000	0.63910	-13.64173	0.55729	0.22577	-0.01509	-0.89806	0.22053	0.99988	0.01567	0.00026	-0.01567	0.99987	0.00394	-0.00020	-0.00394	0.99999		0.33059	6.58159	0.30352	0.05864	0.08633	4.50431	1.09567	0.99691	-0.07853	-0.00151	0.07854	0.99691	0.00102	0.00142	-0.00114	1.00000	
9	0.04500	0.63874	-13.66541	0.55716	0.23181	-0.01476	-0.89742	0.20968	0.99988	0.01566	0.00026	-0.01566	0.99987	0.00405	-0.00019	-0.00405	0.99999		0.35945	6.58394	0.28482	0.05869	0.08337	4.50512	1.09710	0.99691	-0.07855	-0.00146	0.07855	0.99691	0.00102	0.00137	-0.00114	1.00000	
10	0.05000	0.61892	-13.67534	0.56415	0.23693	-0.01888	-0.90079	0.21920	0.99988	0.01572	0.00033	-0.01572	0.99987	0.00414	-0.00026	-0.00414	0.99999		0.36956	6.59280	0.26593	0.05957	0.08698	4.50558	1.09682	0.99691	-0.07856	-0.00152	0.07856	0.99691	0.00104	0.00143	-0.00116	1.00000	
11	0.05500	0.66868	-13.65895	0.55230	0.24587	-0.02025	-0.90111	0.21696	0.99988	0.01573	0.00035	-0.01573	0.99987	0.00429	-0.00029	-0.00430	0.99999		0.36682	6.58551	0.26018	0.05912	0.08901	4.50601	1.10211	0.99691	-0.07856	-0.00155	0.07857	0.99691	0.00103	0.00147	-0.00115	1.00000	
12	0.06000	0.65383	-13.67476	0.55585	0.25194	-0.02108	-0.90374	0.22921	0.99988	0.01577	0.00037	-0.01577	0.99987	0.00440	-0.00030	-0.00440	0.99999		0.35660	6.58696	0.24301	0.05843	0.08907	4.50562	1.09673	0.99691	-0.07856	-0.00155	0.07856	0.99691	0.00102	0.00147	-0.00114	1.00000	
13	0.06500	0.67006	-13.67680	0.55957	0.25770	-0.02370	-0.89766	0.20223	0.99988	0.01567	0.00041	-0.01567	0.99987	0.00450	-0.00034	-0.00450	0.99999		0.36402	6.59874	0.24640	0.06024	0.09128	4.50366	1.10844	0.99691	-0.07852	-0.00159	0.07852	0.99691	0.00105	0.00151	-0.00117	1.00000	
14	0.07000	0.65470	-13.67196	0.55733	0.26590	-0.02420	-0.89777	0.22399	0.99988	0.01567	0.00042	-0.01567	0.99987	0.00464	-0.00035	-0.00465	0.99999		0.39108	6.59206	0.23220	0.06011	0.08810	4.50282	1.09478	0.99691	-0.07851	-0.00154	0.07851	0.99691	0.00105	0.00145	-0.00117	1.00000	
15	0.07500	0.65437	-13.66408	0.53629	0.27338	-0.02743	-0.90245	0.22659	0.99988	0.01575	0.00048	-0.01575	0.99986	0.00477	-0.00040	-0.00478	0.99999		0.40195	6.60372	0.21075	0.06027	0.08867	4.50599	1.09895	0.99691	-0.07856	-0.00155	0.07856	0.99691	0.00105	0.00146	-0.00117	1.00000	
16	0.08000	0.67857	-13.65860	0.54168	0.28149	-0.02716	-0.89817	0.21882	0.99988	0.01568	0.00047	-0.01568	0.99987	0.00491	-0.00040	-0.00492	0.99999		0.40142	6.59958	0.21093	0.06112	0.08864	4.50624	1.11264	0.99691	-0.07857	-0.00155	0.07857	0.99691	0.00107	0.00146	-0.00118	1.00000	
17	0.08500	0.66003	-13.68078	0.56255	0.28561	-0.02556	-0.90623	0.21870	0.99987	0.01582	0.00045	-0.01582	0.99986	0.00498	-0.00037	-0.00499	0.99999		0.43295	6.60092	0.19717	0.06243	0.09163	4.50641	1.10400	0.99691	-0.07857	-0.00160	0.07857	0.99691	0.00109	0.00151	-0.00121	1.00000	
18	0.09000	0.68213	-13.67855	0.55499	0.29063	-0.03389	-0.90396	0.22010	0.99988	0.01578	0.00059	-0.01578	0.99986	0.00507	-0.00051	-0.00508	0.99999		0.39036	6.61643	0.19055	0.06416	0.09079	4.50937	1.09841	0.99690	-0.07862	-0.00158	0.07862	0.99690	0.00112	0.00149	-0.00124	1.00000	
19	0.09500	0.69199	-13.68565	0.54344	0.29525	-0.03361	-0.90564	0.23109	0.99987	0.01581	0.00059	-0.01581	0.99986	0.00515	-0.00051	-0.00516	0.99999		0.43872	6.61908	0.18891	0.06608	0.08791	4.51069	1.10872	0.99690	-0.07865	-0.00153	0.07865	0.99690	0.00115	0.00144	-0.00127	1.00000	
20	0.10000	0.71026	-13.69418	0.55141	0.30015	-0.03399	-0.90799	0.20224	0.99987	0.01585	0.00059	-0.01585	0.99986	0.00524	-0.00051	-0.00525	0.99999		0.44635	6.62513	0.18227	0.06683	0.08650	4.50705	1.11410	0.99691	-0.07858	-0.00151	0.07858	0.99691	0.00117	0.00141	-0.00128	1.00000	
21	0.10500	0.70489	-13.69450	0.54323	0.30507	-0.03519	-0.90444	0.21699	0.99988	0.01578	0.00061	-0.01579	0.99986	0.00532	-0.00053	-0.00533	0.99999		0.43684	6.62752	0.18629	0.06654	0.08654	4.50897	1.10584	0.99690	-0.07862	-0.00151	0.07862	0.99690	0.00116	0.00141	-0.00128	1.00000	
22	0.11000	0.73284	-13.71978	0.54444	0.30796	-0.03916	-0.90830	0.20936	0.99987	0.01585	0.00068	-0.01586	0.99986	0.00537	-0.00060	-0.00539	0.99999		0.46541	6.62523	0.17070	0.06893	0.08666	4.51054	1.10040	0.99690	-0.07864	-0.00151	0.07864	0.99690	0.00120	0.00141	-0.00132	1.00000	
23	0.11500	0.73083	-13.70684	0.54906	0.31060	-0.04457	-0.91252	0.22169	0.99987	0.01593	0.00078	-0.01593	0.99986	0.00542	-0.00069	-0.00543	0.99999		0.44114	6.64361	0.17711	0.07012	0.08426	4.50913	1.10148	0.99690	-0.07862	-0.00147	0.07862	0.99690	0.00122	0.00137	-0.00134	1.00000	
24	0.12000	0.69942	-13.94577	0.34674	0.26224	-0.04299	-0.90291	0.19382	0.99988	0.01576	0.00075	-0.01576	0.99987	0.00458	-0.00068	-0.00459	0.99999		0.56226	6.53656	0.22764	0.05362	0.06235	4.50786	1.10228	0.99691	-0.07860	-0.00109	0.07860	0.99691	0.00094	0.00101	-0.00102	1.00000	
25	0.12500	0.70701	-13.94186	0.33156	0.26541	-0.04704	-0.89729	0.18326	0.99988	0.01566	0.00082	-0.01566	0.99987	0.00463	-0.00075	-0.00464	0.99999		0.62429	6.53958	0.22925	0.05666	0.05534	4.50950	1.09584	0.99690	-0.07862	-0.00097	0.07863	0.99690	0.00099	0.00089	-0.00106	1.00000	
26	0.13000	0.72598	-13.93244	0.33732	0.26914	-0.04544	-0.90201	0.17804	0.99988	0.01574	0.00079	-0.01575	0.99986	0.00470	-0.00072	-0.00471	0.99999		0.59253	6.53715	0.23244	0.05491	0.05551	4.50751	1.09838	0.99691	-0.07859	-0.00097	0.07859	0.99691	0.00096	0.00089	-0.00103	1.00000	
27	0.13500	0.71238	-13.94153	0.33498	0.27076	-0.04731	-0.89862	0.18651	0.99988	0.01568	0.00083	-0.01569	0.99987	0.00473	-0.00075	-0.00474	0.99999		0.60929	6.52712	0.23714	0.05606	0.05423	4.51046	1.10066	0.99690	-0.07864	-0.00095	0.07864	0.99690	0.00098	0.00087	-0.00105	1.00000	
28	0.14000	0.71399	-13.96288	0.33004	0.26994	-0.05316	-0.90000	0.18731	0.99988	0.01571	0.00093	-0.01571	0.99987	0.00471	-0.00085	-0.00473	0.99999		0.65959	6.55770	0.24079	0.05945	0.04475	4.50955	1.09110	0.99690	-0.07863	-0.00078	0.07863	0.99690	0.00104	0.00070	-0.00110	1.00000	
29	0.14500	0.73963	-13.98719	0.33595	0.26625	-0.05482	-0.89783	0.17685	0.99988	0.01567	0.00096	-0.01567	0.99987	0.00465	-0.00088	-0.00466	0.99999		0.63870	6.57239	0.24897	0.06116	0.04348	4.51186	1.07716	0.99690	-0.07867	-0.00076	0.07867	0.99690	0.00107	0.00067	-0.00112	1.00000	
30	0.15000	0.74156	-13.99240	0.31586	0.26914	-0.05745	-0.90178	0.19503	0.99988	0.01574	0.00100	-0.01574	0.99987	0.00470	-0.00093	-0.00471	0.99999		0.65939	6.56549	0.25289	0.06116	0.03826	4.51215	1.08834	0.99690	-0.07867	-0.00067	0.07867	0.99690	0.00107	0.00058	-0.00112	1.00000	
31	0.15500	0.72575	-13.95527	0.33836	0.27510	-0.05357	-0.90006	0.18738	0.99988	0.01571	0.00094	-0.01571	0.99987	0.00480	-0.00086	-0.00482	0.99999		0.64329	6.56600	0.25134	0.06161	0.03896	4.51057	1.07241	0.99690	-0.07864	-0.00068	0.07864	0.99690	0.00108	0.00059	-0.00113	1.00000	
32	0.16000	0.74574	-13.98622	0.32527	0.27113	-0.06018	-0.89768	0.19551	0.99988	0.01567	0.00105	-0.01567	0.99987	0.00473	-0.00098	-0.00475	0.99999		0.68847	6.59772	0.25505	0.06685	0.03027	4.51115	1.06240	0.99690	-0.07865	-0.00053	0.07865	0.99690	0.00117	0.00043	-0.00120	1.00000	
33	0.16500	0.73639	-14.00226	0.31742	0.26908	-0.05979	-0.89896	0.18144	0.99988	0.01569	0.00104	-0.01569	0.99987	0.00470	-0.00097	-0.00471	0.99999		0.67348	6.58684	0.26313	0.06473	0.02931	4.51003	1.08717	0.99690	-0.07863	-0.00051	0.07863	0.99690	0.00113	0.00042	-0.00117	1.00000	
34	0.17000	0.73467	-14.00399	0.32681	0.27141	-0.06362	-0.90190	0.18548	0.99988	0.01574	0.00111	-0.01575	0.99986	0.00474	-0.00104	-0.00475	0.99999		0.70170	6.60697	0.27620	0.06686	0.02142	4.50873	1.07581	0.99691	-0.07861	-0.00037	0.07861	0.99690	0.00117	0.00028	-0.00119	1.00000	
35	0.17500	0.78364	-13.99965	0.30504	0.27161	-0.07112	-0.90027	0.20917	0.99988	0.01571	0.00124	-0.01572	0.99987	0.00474	-0.00117	-0.00476	0.99999		0.67924	6.60716	0.27843	0.06774	0.02019	4.51160	1.06297	0.99690	-0.07866	-0.00035	0.07866	0.99690	0.00118	0.00026	-0.00121	1.00000	
36	0.18000	0.77304	-14.02206	0.30711	0.26956	-0.06848	-0.90350	0.19224	0.99987	0.01577	0.00120	-0.01577	0.99986	0.00470	-0.00112	-0.00472	0.99999		0.67991	6.60056	0.28154	0.06799	0.01642	4.50919	1.08903	0.99690	-0.07862	-0.00029	0.07862	0.99690	0.00119	0.00019	-0.00121	1.00000	
37	0.18500	0.80293	-14.02513	0.30424	0.26688	-0.07377	-0.90086	0.20383	0.99988	0.01572	0.00129	-0.01573	0.99987	0.00466	-0.00121	-0.00468	0.99999		0.72473	6.61824	0.28803	0.06879	0.00964	4.51227	1.06748	0.99690	-0.07867	-0.00017	0.07867	0.99690	0.00120	0.00007	-0.00121	1.00000	
38	0.19000	0.77080	-14.03005	0.28353	0.26609	-0.07029	-0.90084	0.19240	0.99988	0.01572	0.00123	-0.01573	0.99987	0.00464	-0.00115	-0.00466	0.99999		0.73109	6.62279	0.31154	0.06975	0.00535	4.51270	1.07689	0.99690	-0.07868	-0.00009	0.07868	0.99690	0.00122	-0.00000	-0.00122	1.00000	
39	0.19500	0.77326	-14.02615	0.28311	0.26695	-0.07574	-0.90352	0.19286	0.99987	0.01577	0.00132	-0.01577	0.99986	0.00466	-0.00125	-0.00468	0.99999		0.71336	6.63465	0.31752	0.06977	0.00169	4.51028	1.07372	0.99690	-0.07864	-0.00003	0.07864	0.99690	0.00122	-0.00007	-0.00122	1.00000	
40	0.20000	0.79729	-14.03045	0.29531	0.26270	-0.08191	-0.90042	0.21104	0.99988	0.01571	0.00143	-0.01572	0.99987	0.00459	-0.00136	-0.00461	0.99999		0.73725	6.63187	0.32682	0.06957	-0.00238	4.50998	1.07435	0.99690	-0.07863	0.00004	0.07863	0.99690	0.00121	-0.00014	-0.00121	1.00000	
41	0.20500	0.78783	-14.04323	0.30016	0.26057	-0.07891	-0.90192	0.19449	0.99988	0.01574	0.00138	-0.01575	0.99987	0.00455	-0.00131	-0.00457	0.99999		0.73852	6.63881	0.33044	0.06979	-0.00775	4.50768	1.06188	0.99691	-0.07859	0.00014	0.07859	0.99691	0.00122	-0.00023	-0.00120	1.00000	
42	0.21000	0.79471	-14.05922	0.28449	0.25415	-0.08117	-0.90094	0.18764	0.99988	0.01572	0.00142	-0.01573	0.99987	0.00444	-0.00135	-0.00446	0.99999		0.77138	6.62923	0.34621	0.06889	-0.01314	4.51022	1.05841	0.99690	-0.07864	0.00023	0.07864	0.99690	0.00120	-0.00032	-0.00118	1.00000	
43	0.21500	0.79359	-14.06349	0.28802	0.25440	-0.08170	-0.89737	0.18717	0.99988	0.01566	0.00143	-0.01567	0.99987	0.00444	-0.00136	-0.00446	0.99999		0.77080	6.64826	0.35790	0.07086	-0.01932	4.51219	1.05423	0.99690	-0.07867	0.00034	0.07867	0.99690	0.00124	-0.00043	-0.00121	1.00000	
44	0.22000	0.78994	-14.06114	0.28290	0.25037	-0.08328	-0.90508	0.19683	0.99987	0.01580	0.00145	-0.01580	0.99987	0.00437	-0.00138	-0.00439	0.99999		0.78109	6.65378	0.36671	0.07201	-0.02626	4.50610	1.08774	0.99691	-0.07857	0.00046	0.07856	0.99691	0.00126	-0.00056	-0.00122	1.00000	
45	0.22500	0.82347	-14.07055	0.27067	0.24664	-0.09084	-0.89568	0.22110	0.99988	0.01563	0.00159	-0.01564	0.99987	0.00430	-0.00152	-0.00433	0.99999		0.82553	6.65753	0.38667	0.07240	-0.03331	4.51167	1.05899	0.99690	-0.07866	0.00058	0.07866	0.99690	0.00126	-0.00068	-0.00121	1.00000	
46	0.23000	0.81677	-14.06771	0.27116	0.24857	-0.08981	-0.90552	0.18870	0.99987	0.01580	0.00157	-0.01581	0.99987	0.00434	-0.00150	-0.00436	0.99999		0.80001	6.67190	0.38562	0.07354	-0.03393	4.50989	1.06173	0.99690	-0.07863	0.00059	0.07863	0.99690	0.00128	-0.00069	-0.00123	1.00000	
47	0.23500	0.82711	-14.07409	0.26645	0.24287	-0.09031	-0.90138	0.18274	0.99988	0.01573	0.00158	-0.01574	0.99987	0.00424	-0.00151	-0.00426	0.99999		0.82579	6.66129	0.39504	0.07276	-0.04688	4.50834	1.06257	0.99691	-0.07860	0.00082	0.07860	0.99691	0.00127	-0.00092	-0.00120	1.00000	
48	0.24000	0.82620	-14.08682	0.28112	0.24050	-0.08896	-0.90041	0.18155	0.99988	0.01571	0.00155	-0.01572	0.99987	0.00420	-0.00149	-0.00422	0.99999		0.83519	6.67949	0.42035	0.07472	-0.04804	4.51067	1.05508	0.99690	-0.07864	0.00084	0.07864	0.99690	0.00130	-0.00094	-0.00123	1.00000	
49	0.24500	0.80983	-14.09012	0.26420	0.23642	-0.09167	-0.90089	0.19345	0.99988	0.01572	0.00160	-0.01573	0.99987	0.00413	-0.00153	-0.00415	0.99999		0.83563	6.67278	0.41674	0.07133	-0.05305	4.51069	1.03655	0.99690	-0.07865	0.00093	0.07864	0.99690	0.00125	-0.00102	-0.00117	1.00000	
50	0.25000	0.83714	-14.09673	0.27023	0.23219	-0.09754	-0.89770	0.22266	0.99988	0.01567	0.00170	-0.01567	0.99987	0.00405	-0.00164	-0.00408	0.99999		0.84410	6.66634	0.42876	0.07214	-0.05998	4.50585	1.06969	0.99691	-0.07856	0.00105	0.07856	0.99691	0.00126	-0.00114	-0.00117	1.00000	
51	0.25500	0.81012	-14.10560	0.25611	0.22929	-0.09403	-0.90020	0.19041	0.99988	0.01571	0.00164	-0.01572	0.99987	0.00400	-0.00158	-0.00403	0.99999		0.87792	6.68325	0.44287	0.07326	-0.06675	4.50677	1.07856	0.99691	-0.07858	0.00116	0.07858	0.99691	0.00128	-0.00126	-0.00118	1.00000	
52	0.26000	0.86036	-14.09106	0.25200	0.22813	-0.09604	-0.89897	0.19043	0.99988	0.01569	0.00168	-0.01570	0.99987	0.00398	-0.00161	-0.00401	0.99999		0.87260	6.69121	0.45172	0.07458	-0.07255	4.50648	1.06110	0.99691	-0.07857	0.00127	0.07857	0.99691	0.00130	-0.00136	-0.00120	1.00000	
53	0.26500	0.85306	-14.11176	0.24840	0.22203	-0.09759	-0.90035	0.19698	0.99988	0.01571	0.00170	-0.01572	0.99987	0.00388	-0.00164	-0.00390	0.99999		0.89288	6.69505	0.46512	0.07315	-0.07738	4.50599	1.07460	0.99691	-0.07856	0.00135	0.07856	0.99691	0.00128	-0.00145	-0.00117	1.00000	
54	0.27000	0.83885	-14.12109	0.24746	0.22028	-0.09826	-0.90147	0.18334	0.99987	0.01573	0.00171	-0.01574	0.99987	0.00384	-0.00165	-0.00387	0.99999		0.88608	6.69829	0.46054	0.07532	-0.08307	4.50660	1.06858	0.99691	-0.07857	0.00145	0.07857	0.99691	0.00131	-0.00155	-0.00120	1.00000	
55	0.27500	0.85354	-14.13896	0.23765	0.21486	-0.09938	-0.89951	0.19852	0.99988	0.01570	0.00173	-0.01571	0.99987	0.00375	-0.00168	-0.00378	0.99999		0.92539	6.69917	0.46297	0.07390	-0.09108	4.50840	1.04637	0.99690	-0.07861	0.00159	0.07860	0.99691	0.00129	-0.00169	-0.00116	1.00000	
56	0.28000	0.86802	-14.12206	0.23733	0.21413	-0.09903	-0.90177	0.18916	0.99987	0.01574	0.00173	-0.01574	0.99987	0.00374	-0.00167	-0.00376	0.99999		0.98025	6.72104	0.47327	0.07649	-0.09651	4.50668	1.05378	0.99691	-0.07858	0.00168	0.07857	0.99691	0.00133	-0.00178	-0.00120	1.00000	
57	0.28500	0.86527	-14.13720	0.24443	0.20801	-0.10282	-0.90019	0.19636	0.99988	0.01571	0.00179	-0.01572	0.99987	0.00363	-0.00174	-0.00366	0.99999		0.93955	6.73138	0.48208	0.07849	-0.10155	4.50522	1.05908	0.99691	-0.07855	0.00177	0.07855	0.99691	0.00137	-0.00187	-0.00123	1.00000	
58	0.29000	0.86347	-14.18136	0.23729	0.20125	-0.10456	-0.89859	0.19226	0.99988	0.01568	0.00182	-0.01569	0.99987	0.00351	-0.00177	-0.00354	0.99999		0.96656	6.72113	0.48760	0.07739	-0.10595	4.50779	1.05569	0.99690	-0.07859	0.00185	0.07859	0.99691	0.00135	-0.00195	-0.00120	1.00000	
59	0.29500	0.90381	-14.16899	0.24098	0.19902	-0.10648	-0.90052	0.19590	0.99987	0.01572	0.00186	-0.01572	0.99987	0.00347	-0.00180	-0.00350	0.99999		0.98754	6.72094	0.49678	0.07774	-0.11281	4.50798	1.06537	0.99690	-0.07860	0.00197	0.07860	0.99691	0.00136	-0.00207	-0.00120	1.00000	
60	0.30000	0.88461	-14.17658	0.23669	0.19764	-0.10567	-0.90026	0.18612	0.99987	0.01571	0.00184	-0.01572	0.99987	0.00345	-0.00179	-0.00348	0.99999		0.94949	6.72710	0.50864	0.07825	-0.11323	4.50714	1.06167	0.99691	-0.07858	0.00198	0.07858	0.99691	0.00137	-0.00208	-0.00121	1.00000	
61	0.30500	0.88403	-14.19696	0.23596	0.19265	-0.10223	-0.89993	0.20421	0.99988	0.01571	0.00178	-0.01571	0.99987	0.00336	-0.00173	-0.00339	0.99999		0.98226	6.73172	0.50332	0.08023	-0.12046	4.50681	1.05794	0.99691	-0.07858	0.00210	0.07857	0.99691	0.00140	-0.00221	-0.00123	1.00000	
62	0.31000	0.88235	-14.18946	0.21889	0.19167	-0.10623	-0.89834	0.19099	0.99988	0.01568	0.00185	-0.01568	0.99987	0.00335	-0.00180	-0.00337	0.99999		0.99573	6.73940	0.51360	0.08024	-0.12580	4.50743	1.04621	0.99690	-0.07859	0.00220	0.07859	0.99691	0.00140	-0.00230	-0.00122	1.00000	
63	0.31500	0.89392	-14.19525	0.21802	0.18826	-0.10830	-0.89781	0.20159	0.99988	0.01567	0.00189	-0.01568	0.99987	0.00329	-0.00184	-0.00331	0.99999		1.02842	6.76670	0.52315	0.08537	-0.13082	4.50859	1.04221	0.99690	-0.07861	0.00228	0.07861	0.99690	0.00149	-0.00239	-0.00131	1.00000	
64	0.32000	0.92104	-14.19110	0.21401	0.18992	-0.10513	-0.89979	0.18889	0.99988	0.01570	0.00183	-0.01571	0.99987	0.00331	-0.00178	-0.00334	0.99999		1.04092	6.74183	0.51745	0.08261	-0.13367	4.50579	1.04853	0.99691	-0.07856	0.00233	0.07856	0.99691	0.00144	-0.00244	-0.00125	1.00000	
65	0.32500	0.91539	-14.22355	0.21899	0.18020	-0.10822	-0.89949	0.19427	0.99988	0.01570	0.00189	-0.01570	0.99987	0.00315	-0.00184	-0.00317	0.99999		1.01586	6.75277	0.52280	0.08269	-0.13581	4.50650	1.04083	0.99691	-0.07857	0.00237	0.07857	0.99691	0.00144	-0.00248	-0.00125	1.00000	
66	0.33000	0.90337	-14.21140	0.21395	0.18029	-0.11000	-0.89816	0.18575	0.99988	0.01568	0.00192	-0.01568	0.99987	0.00315	-0.00187	-0.00318	0.99999		1.03964	6.73585	0.52183	0.08342	-0.14374	4.50732	1.03181	0.99690	-0.07859	0.00251	0.07858	0.99691	0.00146	-0.00262	-0.00125	1.00000	
67	0.33500	0.89790	-14.20638	0.21714	0.18212	-0.10767	-0.89857	0.20398	0.99988	0.01568	0.00188	-0.01569	0.99987	0.00318	-0.00183	-0.00321	0.99999		1.05769	6.73387	0.52088	0.08331	-0.14680	4.50709	1.03252	0.99690	-0.07858	0.00256	0.07858	0.99691	0.00145	-0.00267	-0.00125	1.00000	
68	0.34000	0.89966	-14.22065	0.21118	0.17760	-0.10557	-0.89595	0.19701	0.99988	0.01564	0.00184	-0.01564	0.99987	0.00310	-0.00179	-0.00313	0.99999		1.06387	6.74224	0.52175	0.08539	-0.14953	4.50560	1.04382	0.99691	-0.07856	0.00261	0.07855	0.99691	0.00149	-0.00272	-0.00128	1.00000	
69	0.34500	0.91758	-14.22508	0.19286	0.17762	-0.10919	-0.90118	0.18941	0.99987	0.01573	0.00191	-0.01573	0.99987	0.00310	-0.00186	-0.00313	0.99999		1.06334	6.73748	0.52302	0.08540	-0.15130	4.50552	1.03883	0.99691	-0.07855	0.00264	0.07855	0.99691	0.00149	-0.00275	-0.00128	1.00000	
70	0.35000	0.89351	-14.22985	0.19315	0.17631	-0.10817	-0.90022	0.17931	0.99987	0.01571	0.00189	-0.01572	0.99987	0.00308	-0.00184	-0.00311	0.99999		1.08921	6.73763	0.52513	0.08777	-0.15550	4.50968	1.03541	0.99690	-0.07863	0.00271	0.07862	0.99690	0.00153	-0.00283	-0.00131	1.00000	
71	0.35500	0.89153	-14.23542	0.18093	0.17485	-0.10434	-0.90110	0.18004	0.99987	0.01573	0.00182	-0.01573	0.99987	0.00305	-0.00177	-0.00308	0.99999		1.06563	6.75087	0.53464	0.08998	-0.15346	4.50508	1.04036	0.99691	-0.07855	0.00268	0.07854	0.99691	0.00157	-0.00279	-0.00136	1.00000	
72	0.36000	0.93197	-14.25525	0.17380	0.17205	-0.11033	-0.90188	0.18590	0.99987	0.01574	0.00193	-0.01575	0.99987	0.00300	-0.00188	-0.00303	0.99999		1.08654	6.73826	0.52196	0.09214	-0.15912	4.50632	1.04835	0.99690	-0.07857	0.00278	0.07856	0.99691	0.00161	-0.00289	-0.00139	0.99999	
73	0.36500	0.93098	-14.25781	0.17599	0.17074	-0.11109	-0.90074	0.18756	0.99987	0.01572	0.00194	-0.01573	0.99987	0.00298	-0.00189	-0.00301	0.99999		1.07645	6.72823	0.51503	0.09153	-0.16116	4.50318	1.07028	0.99691	-0.07851	0.00281	0.07851	0.99691	0.00160	-0.00293	-0.00137	0.99999	
74	0.37000	0.93021	-14.26515	0.18146	0.17053	-0.11266	-0.90135	0.18860	0.99987	0.01573	0.00197	-0.01574	0.99987	0.00298	-0.00192	-0.00301	0.99999		1.07086	6.73229	0.52406	0.09541	-0.16374	4.50478	1.07727	0.99691	-0.07854	0.00286	0.07854	0.99691	0.00167	-0.00298	-0.00144	0.99999	
75	0.37500	0.93322	-14.27500	0.16086	0.16605	-0.11263	-0.89906	0.18970	0.99987	0.01569	0.00197	-0.01570	0.99987	0.00290	-0.00192	-0.00293	0.99999		1.05954	6.71814	0.49967	0.09460	-0.16217	4.50611	1.07697	0.99690	-0.07857	0.00283	0.07856	0.99691	0.00165	-0.00295	-0.00142	0.99999	
76	0.38000	0.93909	-14.27151	0.17155	0.16745	-0.11305	-0.89995	0.18569	0.99987	0.01571	0.00197	-0.01571	0.99987	0.00292	-0.00193	-0.00295	0.99999		1.10348	6.71692	0.49942	0.09546	-0.16465	4.50446	1.07116	0.99691	-0.07854	0.00287	0.07853	0.99691	0.00167	-0.00300	-0.00144	0.99999	
77	0.38500	0.95455	-14.28128	0.14583	0.16741	-0.11319	-0.90193	0.19819	0.99987	0.01574	0.00198	-0.01575	0.99987	0.00292	-0.00193	-0.00295	0.99999		1.06427	6.70063	0.50490	0.09561	-0.16188	4.50658	1.06578	0.99690	-0.07857	0.00283	0.07857	0.99691	0.00167	-0.00295	-0.00144	0.99999	
78	0.39000	0.92419	-14.27335	0.15660	0.16733	-0.10955	-0.90049	0.18643	0.99987	0.01572	0.00191	-0.01572	0.99987	0.00292	-0.00187	-0.00295	0.99999		1.06514	6.71299	0.48191	0.10163	-0.16396	4.50707	1.07862	0.99690	-0.07858	0.00286	0.07858	0.99691	0.00177	-0.00299	-0.00154	0.99999	
79	0.39500	0.95065	-14.27955	0.14272	0.16706	-0.11337	-0.90092	0.19991	0.99987	0.01572	0.00198	-0.01573	0.99987	0.00292	-0.00193	-0.00295	0.99999		1.08201	6.71663	0.48285	0.10200	-0.16358	4.50322	1.09024	0.99691	-0.07851	0.00285	0.07851	0.99691	0.00178	-0.00299	-0.00155	0.99999	
80	0.40000	0.95241	-14.29519	0.14659	0.16444	-0.11429	-0.89414	0.19909	0.99988	0.01561	0.00199	-0.01561	0.99987	0.00287	-0.00195	-0.00290	0.99999		1.08965	6.69618	0.48326	0.10294	-0.16361	4.50731	1.07387	0.99690	-0.07859	0.00286	0.07858	0.99691	0.00180	-0.00299	-0.00157	0.99999	
81	0.40500	0.95870	-14.28115	0.13381	0.16722	-0.11440	-0.90156	0.19613	0.99987	0.01573	0.00200	-0.01574	0.99987	0.00292	-0.00195	-0.00295	0.99999		1.06904	6.68003	0.45934	0.10245	-0.16217	4.50879	1.08551	0.99690	-0.07861	0.00283	0.07861	0.99690	0.00179	-0.00296	-0.00156	0.99999	
82	0.41000	0.96710	-14.28754	0.13453	0.16733	-0.11283	-0.89962	0.18901	0.99987	0.01570	0.00197	-0.01571	0.99987	0.00292	-0.00192	-0.00295	0.99999		1.07008	6.68844	0.46333	0.10774	-0.16092	4.50900	1.09335	0.99690	-0.07862	0.00281	0.07861	0.99690	0.00188	-0.00295	-0.00165	0.99999	
83	0.41500	0.99137	-14.31741	0.12236	0.16413	-0.11961	-0.89795	0.19988	0.99988	0.01567	0.00209	-0.01568	0.99987	0.00286	-0.00204	-0.00290	0.99999		1.05971	6.67268	0.45035	0.10915	-0.16018	4.50507	1.09707	0.99691	-0.07855	0.00280	0.07854	0.99691	0.00191	-0.00294	-0.00168	0.99999	
84	0.42000	0.90995	-14.29198	0.11846	0.16549	-0.10986	-0.89841	0.19510	0.99988	0.01568	0.00192	-0.01569	0.99987	0.00289	-0.00187	-0.00292	0.99999		1.08301	6.68385	0.44142	0.11086	-0.15857	4.50815	1.09332	0.99690	-0.07860	0.00277	0.07860	0.99690	0.00193	-0.00291	-0.00171	0.99999	
85	0.42500	0.95646	-14.29181	0.10656	0.16722	-0.11253	-0.89716	0.19179	0.99988	0.01566	0.00196	-0.01566	0.99987	0.00292	-0.00192	-0.00295	0.99999		1.09870	6.66030	0.42725	0.11151	-0.15526	4.50732	1.11115	0.99690	-0.07859	0.00271	0.07858	0.99691	0.00195	-0.00285	-0.00173	0.99999	
86	0.43000	0.93715	-14.29624	0.10978	0.16510	-0.11478	-0.89822	0.20235	0.99988	0.01568	0.00200	-0.01568	0.99987	0.00288	-0.00196	-0.00291	0.99999		1.07711	6.64767	0.42757	0.11340	-0.15719	4.51022	1.10011	0.99690	-0.07864	0.00274	0.07863	0.99690	0.00198	-0.00289	-0.00176	0.99999	
87	0.43500	0.94034	-14.31749	0.10991	0.16523	-0.11062	-0.89804	0.19228	0.99988	0.01567	0.00193	-0.01568	0.99987	0.00288	-0.00189	-0.00291	0.99999		1.08506	6.66287	0.41851	0.11768	-0.15378	4.50515	1.11482	0.99691	-0.07855	0.00268	0.07854	0.99691	0.00205	-0.00284	-0.00184	0.99999	
88	0.44000	0.97427	-14.29376	0.07518	0.16499	-0.11148	-0.89770	0.18075	0.99988	0.01567	0.00195	-0.01567	0.99987	0.00288	-0.00190	-0.00291	0.99999		1.10283	6.65239	0.38909	0.11998	-0.14882	4.50607	1.12137	0.99691	-0.07856	0.00260	0.07856	0.99691	0.00209	-0.00275	-0.00188	0.99999	
89	0.44500	0.93247	-14.30434	0.08907	0.16344	-0.10826	-0.89466	0.17352	0.99988	0.01561	0.00189	-0.01562	0.99987	0.00285	-0.00184	-0.00288	0.99999		1.07307	6.62361	0.37216	0.11909	-0.14606	4.50975	1.11762	0.99690	-0.07863	0.00255	0.07862	0.99690	0.00208	-0.00270	-0.00187	0.99999	
90	0.45000	0.94894	-14.30624	0.08424	0.16249	-0.10947	-0.89692	0.19017	0.99988	0.01565	0.00191	-0.01566	0.99987	0.00284	-0.00187	-0.00287	0.99999		1.06605	6.63401	0.39781	0.12358	-0.14510	4.50775	1.13544	0.99690	-0.07859	0.00253	0.07859	0.99690	0.00216	-0.00269	-0.00195	0.99999	
91	0.45500	0.96496	-14.30151	0.07095	0.16439	-0.11055	-0.89419	0.18199	0.99988	0.01561	0.00193	-0.01561	0.99987	0.00287	-0.00188	-0.00290	0.99999		1.08356	6.62097	0.36674	0.12493	-0.14506	4.51019	1.12369	0.99690	-0.07864	0.00253	0.07863	0.99690	0.00218	-0.00270	-0.00197	0.99999	
92	0.46000	0.97855	-14.29200	0.04974	0.16359	-0.11486	-0.89501	0.18284	0.99988	0.01562	0.00200	-0.01563	0.99987	0.00286	-0.00196	-0.00289	0.99999		1.04277	6.61658	0.34605	0.12668	-0.13535	4.51003	1.12091	0.99690	-0.07863	0.00236	0.07863	0.99690	0.00221	-0.00253	-0.00202	0.99999	
93	0.46500	0.96011	-14.29386	0.04643	0.16256	-0.11298	-0.89823	0.19051	0.99988	0.01568	0.00197	-0.01568	0.99987	0.00284	-0.00193	-0.00287	0.99999		1.07248	6.60718	0.34638	0.12944	-0.13555	4.51126	1.13720	0.99690	-0.07865	0.00237	0.07865	0.99690	0.00226	-0.00254	-0.00207	0.99999	
94	0.47000	0.94065	-14.27920	0.03347	0.16478	-0.10977	-0.89480	0.19896	0.99988	0.01562	0.00192	-0.01562	0.99987	0.00288	-0.00187	-0.00291	0.99999		1.03361	6.59826	0.32648	0.13004	-0.12984	4.50726	1.13831	0.99690	-0.07859	0.00227	0.07858	0.99691	0.00227	-0.00244	-0.00208	0.99999	
95	0.47500	0.97449	-14.29899	0.02262	0.16106	-0.11159	-0.89484	0.18491	0.99988	0.01562	0.00195	-0.01562	0.99987	0.00281	-0.00190	-0.00284	0.99999		1.03697	6.58934	0.31182	0.13369	-0.12735	4.51208	1.12801	0.99690	-0.07867	0.00222	0.07866	0.99690	0.00233	-0.00240	-0.00215	0.99999	
96	0.48000	0.95189	-14.27682	0.03397	0.16360	-0.10623	-0.89244	0.16648	0.99988	0.01558	0.00185	-0.01558	0.99987	0.00286	-0.00181	-0.00288	0.99999		1.05189	6.59227	0.31246	0.13677	-0.12476	4.51321	1.14200	0.99690	-0.07869	0.00218	0.07868	0.99690	0.00239	-0.00236	-0.00221	0.99999	
97	0.48500	0.92770	-14.28212	0.00777	0.16122	-0.10395	-0.89478	0.17471	0.99988	0.01562	0.00181	-0.01562	0.99987	0.00281	-0.00177	-0.00284	0.99999		1.05265	6.59060	0.28243	0.13940	-0.11859	4.51257	1.14665	0.99690	-0.07868	0.00207	0.07867	0.99690	0.00243	-0.00225	-0.00226	0.99999	
98	0.49000	0.96449	-14.27238	-0.00173	0.15849	-0.10683	-0.88910	0.18550	0.99988	0.01552	0.00186	-0.01552	0.99988	0.00277	-0.00182	-0.00279	0.99999		1.02721	6.58254	0.26383	0.13979	-0.11308	4.51051	1.16897	0.99690	-0.07864	0.00197	0.07864	0.99690	0.00244	-0.00216	-0.00228	1.00000	
99	0.49500	0.92676	-14.27357	0.00590	0.16028	-0.10102	-0.89575	0.17290	0.99988	0.01563	0.00176	-0.01564	0.99987	0.00280	-0.00172	-0.00282	0.99999		1.02462	6.56583	0.26990	0.14173	-0.10985	4.51251	1.16266	0.99690	-0.07868	0.00192	0.07867	0.99690	0.00247	-0.00211	-0.00232	1.00000	
100	0.50000	0.94554	-14.27813	-0.00986	0.15469	-0.10430	-0.89353	0.16755	0.99988	0.01559	0.00182	-0.01560	0.99987	0.00270	-0.00178	-0.00273	0.99999		1.02514	6.56671	0.24878	0.14558	-0.10544	4.51189	1.16224	0.99690	-0.07867	0.00184	0.07866	0.99690	0.00254	-0.00203	-0.00239	1.00000	
101	0.50500	0.96029	-14.25775	-0.03489	0.15700	-0.10629	-0.88883	0.18849	0.99988	0.01551	0.00186	-0.01552	0.99988	0.00274	-0.00181	-0.00277	0.99999		1.03758	6.56139	0.22597	0.14617	-0.10098	4.51032	1.18194	0.99690	-0.07864	0.00176	0.07863	0.99690	0.00255	-0.00196	-0.00240	1.00000	
102	0.51000	0.91564	-14.25203	-0.03836	0.15684	-0.09714	-0.89585	0.17830	0.99988	0.01563	0.00170	-0.01564	0.99987	0.00274	-0.00165	-0.00276	0.99999		1.00356	6.54912	0.21363	0.14773	-0.09409	4.51254	1.17394	0.99690	-0.07868	0.00164	0.07867	0.99690	0.00258	-0.00184	-0.00244	1.00000	
103	0.51500	0.91773	-14.24725	-0.04988	0.15497	-0.10206	-0.89297	0.18372	0.99988	0.01558	0.00178	-0.01559	0.99987	0.00270	-0.00174	-0.00273	0.99999		0.99781	6.53125	0.19822	0.14762	-0.09023	4.51197	1.19828	0.99690	-0.07867	0.00157	0.07866	0.99690	0.00258	-0.00177	-0.00244	1.00000	
104	0.52000	0.93387	-14.24291	-0.05951	0.15046	-0.09846	-0.89106	0.17411	0.99988	0.01555	0.00172	-0.01556	0.99988	0.00263	-0.00168	-0.00265	1.00000		1.02567	6.53069	0.17579	0.15032	-0.08664	4.51399	1.18783	0.99690	-0.07870	0.00151	0.07870	0.99690	0.00262	-0.00171	-0.00250	1.00000	
105	0.52500	0.94685	-14.23391	-0.06870	0.14741	-0.09926	-0.89475	0.19367	0.99988	0.01562	0.00173	-0.01562	0.99987	0.00257	-0.00169	-0.00260	1.00000		1.00299	6.53175	0.16209	0.15230	-0.08146	4.51276	1.19039	0.99690	-0.07868	0.00142	0.07868	0.99690	0.00266	-0.00163	-0.00254	1.00000	
106	0.53000	0.93623	-14.23456	-0.08152	0.14511	-0.09529	-0.89039	0.17061	0.99988	0.01554	0.00166	-0.01554	0.99988	0.00253	-0.00162	-0.00256	1.00000		0.96506	6.52241	0.17112	0.15239	-0.07386	4.51125	1.20113	0.99690	-0.07865	0.00129	0.07865	0.99690	0.00266	-0.00149	-0.00255	1.00000	
107	0.53500	0.91849	-14.21604	-0.07933	0.14328	-0.09415	-0.89034	0.17929	0.99988	0.01554	0.00164	-0.01554	0.99988	0.00250	-0.00160	-0.00253	1.00000		0.95984	6.50772	0.14686	0.15276	-0.06686	4.51048	1.20547	0.99690	-0.07864	0.00117	0.07864	0.99690	0.00267	-0.00137	-0.00257	1.00000	
108	0.54000	0.95199	-14.20541	-0.09792	0.14013	-0.09531	-0.89153	0.18951	0.99988	0.01556	0.00166	-0.01556	0.99988	0.00245	-0.00163	-0.00247	1.00000		0.92779	6.49848	0.13948	0.15375	-0.06176	4.50994	1.23479	0.99690	-0.07863	0.00108	0.07863	0.99690	0.00268	-0.00129	-0.00259	1.00000	
109	0.54500	0.90863	-14.18530	-0.09988	0.14104	-0.08757	-0.88904	0.17631	0.99988	0.01552	0.00153	-0.01552	0.99988	0.00246	-0.00149	-0.00249	1.00000		0.97607	6.48919	0.12366	0.15464	-0.05991	4.51318	1.21351	0.99690	-0.07869	0.00105	0.07869	0.99690	0.00270	-0.00125	-0.00261	1.00000	
110	0.55000	0.93241	-14.19056	-0.09190	0.13433	-0.09118	-0.89200	0.16613	0.99988	0.01557	0.00159	-0.01557	0.99988	0.00234	-0.00155	-0.00237	1.00000		0.89530	6.49330	0.11453	0.15471	-0.04825	4.51013	1.23172	0.99690	-0.07864	0.00084	0.07863	0.99690	0.00270	-0.00105	-0.00263	1.00000	
111	0.55500	0.92772	-14.17536	-0.10870	0.13267	-0.08993	-0.88775	0.17591	0.99988	0.01549	0.00157	-0.01550	0.99988	0.00232	-0.00153	-0.00234	1.00000		0.94488	6.49351	0.10459	0.15650	-0.04463	4.51456	1.21077	0.99690	-0.07871	0.00078	0.07871	0.99689	0.00273	-0.00099	-0.00266	1.00000	
112	0.56000	0.89561	-14.17759	-0.12965	0.12815	-0.08600	-0.88717	0.18197	0.99988	0.01548	0.00150	-0.01549	0.99988	0.00224	-0.00147	-0.00226	1.00000		0.90440	6.46944	0.09937	0.15465	-0.03869	4.51130	1.23266	0.99690	-0.07866	0.00068	0.07865	0.99690	0.00270	-0.00089	-0.00264	1.00000	
113	0.56500	0.92280	-14.15710	-0.12458	0.12608	-0.08271	-0.88514	0.17281	0.99988	0.01545	0.00144	-0.01545	0.99988	0.00220	-0.00141	-0.00222	1.00000		0.91393	6.47022	0.09615	0.15604	-0.03712	4.50852	1.23730	0.99691	-0.07861	0.00065	0.07861	0.99690	0.00272	-0.00086	-0.00266	1.00000	
114	0.57000	0.93458	-14.14544	-0.12534	0.12174	-0.08164	-0.88581	0.18771	0.99988	0.01546	0.00142	-0.01546	0.99988	0.00212	-0.00139	-0.00215	1.00000		0.90783	6.46447	0.05994	0.15382	-0.02913	4.51213	1.22626	0.99690	-0.07867	0.00051	0.07867	0.99690	0.00268	-0.00072	-0.00264	1.00000	
115	0.57500	0.89329	-14.12592	-0.13726	0.12003	-0.07214	-0.88864	0.17793	0.99988	0.01551	0.00126	-0.01551	0.99988	0.00209	-0.00123	-0.00211	1.00000		0.89795	6.47994	0.05299	0.15682	-0.02586	4.50996	1.23662	0.99690	-0.07863	0.00045	0.07863	0.99690	0.00274	-0.00067	-0.00269	1.00000	
116	0.58000	0.91352	-14.13392	-0.14942	0.11197	-0.07467	-0.88549	0.17699	0.99988	0.01545	0.00130	-0.01546	0.99988	0.00195	-0.00127	-0.00197	1.00000		0.90538	6.46327	0.05505	0.15193	-0.02180	4.51167	1.23235	0.99690	-0.07866	0.00038	0.07866	0.99690	0.00265	-0.00059	-0.00261	1.00000	
117	0.58500	0.87321	-14.11320	-0.15743	0.11177	-0.07140	-0.88831	0.19289	0.99988	0.01550	0.00125	-0.01551	0.99988	0.00195	-0.00122	-0.00197	1.00000		0.91044	6.45433	0.05230	0.15332	-0.01979	4.51020	1.23669	0.99690	-0.07864	0.00035	0.07864	0.99690	0.00268	-0.00055	-0.00264	1.00000	
118	0.59000	0.90482	-14.08845	-0.15492	0.10996	-0.07044	-0.88669	0.18423	0.99988	0.01547	0.00123	-0.01548	0.99988	0.00192	-0.00120	-0.00194	1.00000		0.88832	6.46467	0.03776	0.15440	-0.01397	4.51381	1.22559	0.99690	-0.07870	0.00024	0.07870	0.99689	0.00269	-0.00046	-0.00267	1.00000	
119	0.59500	0.88654	-14.08311	-0.15838	0.10364	-0.06279	-0.88351	0.18048	0.99988	0.01542	0.00110	-0.01542	0.99988	0.00181	-0.00107	-0.00183	1.00000		0.89324	6.43923	0.03632	0.14919	-0.01003	4.51227	1.24132	0.99690	-0.07867	0.00018	0.07867	0.99690	0.00260	-0.00038	-0.00258	1.00000	
120	0.60000	0.89536	-14.07553	-0.17759	0.09875	-0.06312	-0.88002	0.18115	0.99988	0.01536	0.00110	-0.01536	0.99988	0.00172	-0.00108	-0.00174	1.00000		0.91429	6.44480	0.03440	0.15060	-0.00888	4.50797	1.23945	0.99691	-0.07860	0.00015	0.07860	0.99690	0.00263	-0.00036	-0.00261	1.00000	
121	0.60500	0.91195	-14.05268	-0.16977	0.09709	-0.05890	-0.88130	0.19230	0.99988	0.01538	0.00103	-0.01538	0.99988	0.00169	-0.00100	-0.00171	1.00000		0.87770	6.44696	0.01678	0.14957	-0.00228	4.51368	1.22053	0.99690	-0.07870	0.00004	0.07870	0.99690	0.00261	-0.00025	-0.00260	1.00000	
122	0.61000	0.85490	-14.03641	-0.16991	0.09408	-0.05050	-0.88269	0.17411	0.99988	0.01541	0.00088	-0.01541	0.99988	0.00164	-0.00086	-0.00166	1.00000		0.86881	6.43398	0.01675	0.14633	0.00088	4.51197	1.24646	0.99690	-0.07867	-0.00002	0.07867	0.99690	0.00255	-0.00019	-0.00255	1.00000	
123	0.61500	0.86502	-14.03976	-0.16888	0.08822	-0.04960	-0.88205	0.18402	0.99988	0.01539	0.00087	-0.01540	0.99988	0.00154	-0.00084	-0.00155	1.00000		0.87213	6.45237	0.02197	0.14761	0.00056	4.50914	1.24610	0.99690	-0.07862	-0.00001	0.07862	0.99690	0.00258	-0.00019	-0.00257	1.00000	
124	0.62000	0.87079	-14.00571	-0.17654	0.08794	-0.04580	-0.88647	0.17637	0.99988	0.01547	0.00080	-0.01547	0.99988	0.00153	-0.00078	-0.00155	1.00000		0.83654	6.45673	0.00209	0.14557	0.00843	4.50930	1.23729	0.99690	-0.07862	-0.00015	0.07862	0.99690	0.00254	-0.00005	-0.00254	1.00000	
125	0.62500	0.84838	-13.99656	-0.18104	0.08620	-0.04631	-0.88124	0.19335	0.99988	0.01538	0.00081	-0.01538	0.99988	0.00150	-0.00079	-0.00152	1.00000		0.86132	6.44103	-0.00394	0.14184	0.01222	4.50467	1.24527	0.99691	-0.07854	-0.00021	0.07854	0.99691	0.00248	0.00002	-0.00248	1.00000	
126	0.63000	0.87316	-13.99547	-0.17456	0.08089	-0.04503	-0.88047	0.17908	0.99988	0.01537	0.00079	-0.01537	0.99988	0.00141	-0.00076	-0.00142	1.00000		0.86022	6.45653	0.00365	0.14392	0.01466	4.50769	1.24585	0.99691	-0.07859	-0.00026	0.07859	0.99690	0.00251	0.00006	-0.00252	1.00000	
127	0.63500	0.84774	-13.97683	-0.16273	0.07737	-0.03779	-0.88307	0.19028	0.99988	0.01541	0.00066	-0.01541	0.99988	0.00135	-0.00064	-0.00136	1.00000		0.87841	6.47078	0.00394	0.14142	0.01751	4.50979	1.23169	0.99690	-0.07863	-0.00031	0.07863	0.99690	0.00247	0.00011	-0.00248	1.00000	
128	0.64000	0.87345	-13.96153	-0.17831	0.07439	-0.03898	-0.88450	0.20074	0.99988	0.01544	0.00068	-0.01544	0.99988	0.00130	-0.00066	-0.00131	1.00000		0.85143	6.45491	-0.00674	0.13802	0.01832	4.50624	1.25131	0.99691	-0.07857	-0.00032	0.07857	0.99691	0.00241	0.00013	-0.00243	1.00000	
129	0.64500	0.83706	-13.93770	-0.16934	0.07735	-0.03061	-0.88244	0.18516	0.99988	0.01540	0.00053	-0.01540	0.99988	0.00135	-0.00051	-0.00136	1.00000		0.84966	6.44748	-0.00779	0.13444	0.02044	4.50630	1.24042	0.99691	-0.07857	-0.00036	0.07857	0.99691	0.00235	0.00017	-0.00237	1.00000	
130	0.65000	0.84826	-13.91833	-0.17374	0.07251	-0.02898	-0.88219	0.18707	0.99988	0.01540	0.00051	-0.01540	0.99988	0.00127	-0.00049	-0.00127	1.00000		0.83284	6.45261	0.00355	0.13068	0.02726	4.50873	1.21468	0.99691	-0.07861	-0.00048	0.07861	0.99690	0.00228	0.00029	-0.00231	1.00000	
131	0.65500	0.85124	-13.93251	-0.17146	0.06701	-0.02849	-0.87812	0.18399	0.99988	0.01533	0.00050	-0.01533	0.99988	0.00117	-0.00048	-0.00118	1.00000		0.88026	6.45700	-0.01140	0.12963	0.02463	4.50837	1.21121	0.99691	-0.07860	-0.00043	0.07861	0.99690	0.00226	0.00025	-0.00229	1.00000	
132	0.66000	0.86943	-13.90707	-0.17670	0.06732	-0.02669	-0.88138	0.19218	0.99988	0.01538	0.00047	-0.01538	0.99988	0.00118	-0.00045	-0.00118	1.00000		0.85607	6.45463	-0.00734	0.12497	0.02725	4.50744	1.20616	0.99691	-0.07859	-0.00048	0.07859	0.99690	0.00218	0.00030	-0.00221	1.00000	
133	0.66500	0.84092	-13.89561	-0.16660	0.06369	-0.02649	-0.87767	0.18715	0.99988	0.01532	0.00046	-0.01532	0.99988	0.00111	-0.00045	-0.00112	1.00000		0.84999	6.45592	-0.01919	0.12054	0.02884	4.50766	1.20746	0.99691	-0.07859	-0.00050	0.07859	0.99690	0.00210	0.00034	-0.00214	1.00000	
134	0.67000	0.87197	-13.88696	-0.16969	0.06261	-0.02307	-0.88100	0.18532	0.99988	0.01538	0.00040	-0.01538	0.99988	0.00109	-0.00039	-0.00110	1.00000		0.87617	6.46193	-0.01976	0.11978	0.02997	4.51015	1.20214	0.99690	-0.07864	-0.00052	0.07864	0.99690	0.00209	0.00036	-0.00213	1.00000	
135	0.67500	0.85500	-13.88770	-0.18013	0.05940	-0.02002	-0.87795	0.19111	0.99988	0.01532	0.00035	-0.01532	0.99988	0.00104	-0.00033	-0.00104	1.00000		0.86358	6.44701	-0.01314	0.11512	0.03183	4.50593	1.20619	0.99691	-0.07856	-0.00056	0.07856	0.99691	0.00201	0.00040	-0.00205	1.00000	
136	0.68000	0.83542	-13.87095	-0.15671	0.05666	-0.01437	-0.87591	0.17767	0.99988	0.01529	0.00025	-0.01529	0.99988	0.00099	-0.00024	-0.00099	1.00000		0.85030	6.46700	-0.00025	0.11198	0.03138	4.50383	1.19964	0.99691	-0.07853	-0.00055	0.07853	0.99691	0.00195	0.00039	-0.00199	1.00000	
137	0.68500	0.85015	-13.85380	-0.15880	0.05751	-0.01494	-0.87611	0.18947	0.99988	0.01529	0.00026	-0.01529	0.99988	0.00100	-0.00025	-0.00101	1.00000		0.86309	6.44834	-0.00136	0.10578	0.03280	4.50272	1.22448	0.99691	-0.07851	-0.00057	0.07851	0.99691	0.00185	0.00043	-0.00189	1.00000	
138	0.69000	0.85766	-13.86654	-0.15700	0.05276	-0.01534	-0.87430	0.19298	0.99988	0.01526	0.00027	-0.01526	0.99988	0.00092	-0.00025	-0.00092	1.00000		0.84462	6.45717	-0.00851	0.10116	0.03333	4.50520	1.19205	0.99691	-0.07855	-0.00058	0.07855	0.99691	0.00177	0.00044	-0.00181	1.00000	
139	0.69500	0.83013	-13.85386	-0.14665	0.05471	-0.00790	-0.87808	0.17416	0.99988	0.01532	0.00014	-0.01532	0.99988	0.00095	-0.00012	-0.00096	1.00000		0.87890	6.46946	-0.00931	0.10029	0.03136	4.50308	1.19741	0.99691	-0.07851	-0.00055	0.07851	0.99691	0.00175	0.00041	-0.00179	1.00000	
140	0.70000	0.83956	-13.82195	-0.13747	0.05766	-0.00483	-0.87726	0.17261	0.99988	0.01531	0.00008	-0.01531	0.99988	0.00101	-0.00007	-0.00101	1.00000		0.85561	6.46035	0.00591	0.09141	0.03397	4.50143	1.18410	0.99692	-0.07848	-0.00059	0.07848	0.99691	0.00160	0.00047	-0.00164	1.00000	
