NO_OF_FRAMES	12044
NO_OF_CAMERAS	8
NO_OF_BODIES	2
FREQUENCY	200
NO_OF_ANALOG	0
ANALOG_FREQUENCY	0
DESCRIPTION	--
TIME_STAMP	2013-07-05, 10:40:41	180055.76452167
DATA_INCLUDED	6D
BODY_NAMES	Ice 2 V2	Ice 3
Frame	Time	Ice 2 V2 X	Y	Z	Roll	Pitch	Yaw	Residual	Rot[0]	Rot[1]	Rot[2]	Rot[3]	Rot[4]	Rot[5]	Rot[6]	Rot[7]	Rot[8]	Ice 3 X	Y	Z	Roll	Pitch	Yaw	Residual	Rot[0]	Rot[1]	Rot[2]	Rot[3]	Rot[4]	Rot[5]	Rot[6]	Rot[7]	Rot[8]	
1	0.00500	0.50514	-13.85799	0.36791	0.25197	-0.02256	-0.89189	0.22770	0.99988	0.01557	0.00039	-0.01557	0.99987	0.00440	-0.00033	-0.00440	0.99999		0.62558	6.65352	0.34881	0.16207	-0.03695	4.16662	1.74167	0.99736	-0.07266	0.00064	0.07265	0.99735	0.00283	-0.00085	-0.00277	1.00000	
2	0.01000	0.48303	-13.86036	0.38053	0.25141	-0.02758	-0.88367	0.22926	0.99988	0.01542	0.00048	-0.01542	0.99987	0.00439	-0.00041	-0.00439	0.99999		0.64897	6.61962	0.35642	0.15784	-0.03860	4.16368	1.70012	0.99736	-0.07261	0.00067	0.07260	0.99736	0.00275	-0.00087	-0.00270	1.00000	
3	0.01500	0.44295	-13.86873	0.38912	0.25413	-0.02395	-0.88796	0.21181	0.99988	0.01550	0.00042	-0.01550	0.99987	0.00444	-0.00035	-0.00444	0.99999		0.65636	6.62604	0.34765	0.15794	-0.03814	4.16116	1.70648	0.99736	-0.07256	0.00067	0.07256	0.99736	0.00276	-0.00086	-0.00270	1.00000	
4	0.02000	0.45612	-13.87080	0.40657	0.25317	-0.02910	-0.89200	0.22346	0.99988	0.01557	0.00051	-0.01557	0.99987	0.00442	-0.00044	-0.00443	0.99999		0.67276	6.63380	0.37002	0.15811	-0.04039	4.16267	1.72231	0.99736	-0.07259	0.00070	0.07259	0.99736	0.00276	-0.00090	-0.00270	1.00000	
5	0.02500	0.44786	-13.86202	0.42539	0.25166	-0.02690	-0.88368	0.20494	0.99988	0.01542	0.00047	-0.01542	0.99987	0.00439	-0.00040	-0.00440	0.99999		0.67030	6.63260	0.37062	0.15674	-0.04199	4.15983	1.69949	0.99737	-0.07254	0.00073	0.07254	0.99736	0.00274	-0.00093	-0.00268	1.00000	
6	0.03000	0.47543	-13.86657	0.43392	0.25187	-0.03668	-0.88995	0.22614	0.99988	0.01553	0.00064	-0.01553	0.99987	0.00440	-0.00057	-0.00441	0.99999		0.67659	6.62704	0.38271	0.15459	-0.04277	4.16168	1.70182	0.99736	-0.07257	0.00075	0.07257	0.99736	0.00270	-0.00094	-0.00264	1.00000	
7	0.03500	0.44720	-13.84742	0.44466	0.25420	-0.03367	-0.88858	0.21700	0.99988	0.01551	0.00059	-0.01551	0.99987	0.00444	-0.00052	-0.00445	0.99999		0.67247	6.62952	0.37752	0.15355	-0.04176	4.16294	1.69974	0.99736	-0.07259	0.00073	0.07259	0.99736	0.00268	-0.00092	-0.00262	1.00000	
8	0.04000	0.47321	-13.87028	0.45589	0.25338	-0.04394	-0.88857	0.23528	0.99988	0.01551	0.00077	-0.01551	0.99987	0.00442	-0.00070	-0.00443	0.99999		0.66798	6.62075	0.39099	0.15197	-0.04459	4.16233	1.69027	0.99736	-0.07258	0.00078	0.07258	0.99736	0.00265	-0.00097	-0.00259	1.00000	
9	0.04500	0.44772	-13.86519	0.47000	0.25329	-0.04241	-0.89492	0.20919	0.99988	0.01562	0.00074	-0.01562	0.99987	0.00442	-0.00067	-0.00443	0.99999		0.66132	6.64265	0.39852	0.15212	-0.04301	4.15879	1.71127	0.99737	-0.07252	0.00075	0.07252	0.99736	0.00265	-0.00094	-0.00259	1.00000	
10	0.05000	0.44041	-13.86217	0.49460	0.25609	-0.03748	-0.89687	0.21099	0.99988	0.01565	0.00065	-0.01566	0.99987	0.00447	-0.00058	-0.00448	0.99999		0.68841	6.64241	0.40515	0.15131	-0.04713	4.16255	1.69161	0.99736	-0.07259	0.00082	0.07258	0.99736	0.00264	-0.00101	-0.00257	1.00000	
11	0.05500	0.45171	-13.84830	0.49189	0.25448	-0.04570	-0.88746	0.21880	0.99988	0.01549	0.00080	-0.01549	0.99987	0.00444	-0.00073	-0.00445	0.99999		0.65649	6.65169	0.41415	0.14994	-0.04332	4.16068	1.68732	0.99736	-0.07255	0.00076	0.07255	0.99736	0.00262	-0.00094	-0.00256	1.00000	
12	0.06000	0.46244	-13.85193	0.50513	0.25536	-0.04676	-0.89380	0.20924	0.99988	0.01560	0.00082	-0.01560	0.99987	0.00446	-0.00075	-0.00447	0.99999		0.70308	6.64557	0.41109	0.14608	-0.04757	4.15817	1.69396	0.99737	-0.07251	0.00083	0.07251	0.99736	0.00255	-0.00101	-0.00248	1.00000	
13	0.06500	0.44242	-13.85089	0.51746	0.25395	-0.05195	-0.88790	0.22528	0.99988	0.01550	0.00091	-0.01550	0.99987	0.00443	-0.00084	-0.00445	0.99999		0.70727	6.65114	0.41623	0.14707	-0.04818	4.15822	1.69410	0.99737	-0.07251	0.00084	0.07251	0.99736	0.00257	-0.00102	-0.00250	1.00000	
14	0.07000	0.47197	-13.84985	0.53114	0.25325	-0.06071	-0.89020	0.21846	0.99988	0.01554	0.00106	-0.01554	0.99987	0.00442	-0.00099	-0.00444	0.99999		0.68268	6.66098	0.42385	0.14479	-0.04860	4.15939	1.68191	0.99737	-0.07253	0.00085	0.07253	0.99736	0.00253	-0.00103	-0.00246	1.00000	
15	0.07500	0.43150	-13.86203	0.54862	0.25277	-0.05662	-0.89247	0.19685	0.99988	0.01558	0.00099	-0.01558	0.99987	0.00441	-0.00092	-0.00443	0.99999		0.69881	6.66244	0.42088	0.14332	-0.05131	4.15618	1.68252	0.99737	-0.07248	0.00090	0.07247	0.99737	0.00250	-0.00107	-0.00243	1.00000	
16	0.08000	0.45078	-13.83801	0.56846	0.25555	-0.05812	-0.89503	0.21372	0.99988	0.01562	0.00101	-0.01562	0.99987	0.00446	-0.00094	-0.00448	0.99999		0.68129	6.64121	0.42967	0.13980	-0.04849	4.15863	1.68018	0.99737	-0.07252	0.00085	0.07252	0.99736	0.00244	-0.00102	-0.00237	1.00000	
17	0.08500	0.47193	-13.85669	0.57952	0.25087	-0.06911	-0.88603	0.20954	0.99988	0.01546	0.00121	-0.01547	0.99987	0.00438	-0.00114	-0.00440	0.99999		0.69846	6.65338	0.44186	0.13815	-0.04912	4.15830	1.66761	0.99737	-0.07251	0.00086	0.07251	0.99736	0.00241	-0.00103	-0.00234	1.00000	
18	0.09000	0.42246	-13.83868	0.59482	0.25431	-0.06587	-0.89415	0.20355	0.99988	0.01561	0.00115	-0.01561	0.99987	0.00444	-0.00108	-0.00446	0.99999		0.66152	6.64440	0.44717	0.13378	-0.04803	4.15664	1.67276	0.99737	-0.07248	0.00084	0.07248	0.99737	0.00233	-0.00101	-0.00227	1.00000	
19	0.09500	0.44084	-13.84918	0.60822	0.25108	-0.07109	-0.89298	0.21050	0.99988	0.01558	0.00124	-0.01559	0.99987	0.00438	-0.00117	-0.00440	0.99999		0.69753	6.66286	0.47019	0.13330	-0.05164	4.15576	1.67356	0.99737	-0.07247	0.00090	0.07247	0.99737	0.00233	-0.00107	-0.00226	1.00000	
20	0.10000	0.45390	-13.84857	0.63099	0.25032	-0.07507	-0.89153	0.21357	0.99988	0.01556	0.00131	-0.01557	0.99987	0.00437	-0.00124	-0.00439	0.99999		0.67276	6.64843	0.46410	0.12904	-0.05105	4.15482	1.67067	0.99737	-0.07245	0.00089	0.07245	0.99737	0.00225	-0.00105	-0.00218	1.00000	
21	0.10500	0.44477	-13.84246	0.64523	0.25035	-0.07519	-0.89063	0.20473	0.99988	0.01554	0.00131	-0.01555	0.99987	0.00437	-0.00124	-0.00439	0.99999		0.66419	6.64606	0.46506	0.12523	-0.04936	4.15300	1.66955	0.99737	-0.07242	0.00086	0.07242	0.99737	0.00219	-0.00102	-0.00212	1.00000	
22	0.11000	0.42483	-13.85291	0.66113	0.24642	-0.08143	-0.88853	0.20713	0.99988	0.01551	0.00142	-0.01551	0.99987	0.00430	-0.00135	-0.00432	0.99999		0.68880	6.64217	0.47766	0.12255	-0.05156	4.15332	1.66987	0.99737	-0.07243	0.00090	0.07242	0.99737	0.00214	-0.00105	-0.00207	1.00000	
23	0.11500	0.47024	-13.85108	0.67353	0.24539	-0.08747	-0.89436	0.20797	0.99988	0.01561	0.00153	-0.01562	0.99987	0.00428	-0.00146	-0.00431	0.99999		0.68707	6.66915	0.48356	0.12236	-0.05390	4.15196	1.66422	0.99738	-0.07240	0.00094	0.07240	0.99737	0.00214	-0.00109	-0.00206	1.00000	
24	0.12000	0.41500	-13.96934	0.57884	0.21133	-0.08640	-0.88356	0.16837	0.99988	0.01542	0.00151	-0.01543	0.99987	0.00369	-0.00145	-0.00371	0.99999		0.76100	6.58652	0.55042	0.10758	-0.06740	4.14941	1.66090	0.99738	-0.07236	0.00118	0.07236	0.99738	0.00188	-0.00131	-0.00179	1.00000	
25	0.12500	0.41137	-13.96117	0.58900	0.21353	-0.08939	-0.88458	0.17898	0.99988	0.01544	0.00156	-0.01544	0.99987	0.00373	-0.00150	-0.00375	0.99999		0.76162	6.57175	0.54411	0.10234	-0.07059	4.15182	1.65157	0.99737	-0.07240	0.00123	0.07240	0.99737	0.00179	-0.00136	-0.00169	1.00000	
26	0.13000	0.40200	-13.98108	0.60805	0.20874	-0.09138	-0.88247	0.18296	0.99988	0.01540	0.00159	-0.01541	0.99987	0.00364	-0.00154	-0.00367	0.99999		0.74464	6.58761	0.56236	0.10229	-0.06917	4.14990	1.64739	0.99738	-0.07237	0.00121	0.07236	0.99738	0.00179	-0.00133	-0.00169	1.00000	
27	0.13500	0.41043	-13.98018	0.62233	0.20565	-0.09555	-0.88425	0.18717	0.99988	0.01543	0.00167	-0.01544	0.99987	0.00359	-0.00161	-0.00361	0.99999		0.74817	6.57292	0.56887	0.09652	-0.06966	4.14777	1.64600	0.99738	-0.07233	0.00122	0.07233	0.99738	0.00168	-0.00133	-0.00159	1.00000	
28	0.14000	0.40673	-13.96153	0.63923	0.20630	-0.09571	-0.87999	0.17507	0.99988	0.01536	0.00167	-0.01536	0.99988	0.00360	-0.00161	-0.00363	0.99999		0.77599	6.57244	0.57184	0.09388	-0.07056	4.14963	1.63497	0.99738	-0.07236	0.00123	0.07236	0.99738	0.00164	-0.00135	-0.00155	1.00000	
29	0.14500	0.39400	-13.96892	0.63945	0.20379	-0.09997	-0.88434	0.18220	0.99988	0.01543	0.00174	-0.01544	0.99987	0.00356	-0.00169	-0.00358	0.99999		0.76508	6.58229	0.57733	0.09274	-0.07026	4.14661	1.63215	0.99738	-0.07231	0.00123	0.07231	0.99738	0.00162	-0.00134	-0.00153	1.00000	
30	0.15000	0.42510	-13.97578	0.63901	0.19947	-0.10653	-0.88044	0.19316	0.99988	0.01537	0.00186	-0.01537	0.99988	0.00348	-0.00181	-0.00351	0.99999		0.74906	6.59474	0.58588	0.08968	-0.07161	4.14961	1.63548	0.99738	-0.07236	0.00125	0.07236	0.99738	0.00157	-0.00136	-0.00147	1.00000	
31	0.15500	0.37828	-13.96221	0.66883	0.20019	-0.10095	-0.88219	0.18809	0.99988	0.01540	0.00176	-0.01540	0.99988	0.00349	-0.00171	-0.00352	0.99999		0.78614	6.59174	0.58891	0.08705	-0.07258	4.14774	1.64771	0.99738	-0.07233	0.00127	0.07233	0.99738	0.00152	-0.00137	-0.00142	1.00000	
32	0.16000	0.38918	-13.95517	0.66586	0.19650	-0.10741	-0.87733	0.19962	0.99988	0.01531	0.00187	-0.01532	0.99988	0.00343	-0.00182	-0.00346	0.99999		0.75605	6.58575	0.60095	0.08411	-0.07432	4.14701	1.62846	0.99738	-0.07232	0.00130	0.07231	0.99738	0.00147	-0.00140	-0.00137	1.00000	
33	0.16500	0.37318	-13.95809	0.69118	0.19575	-0.10529	-0.88127	0.19119	0.99988	0.01538	0.00184	-0.01539	0.99988	0.00342	-0.00178	-0.00344	0.99999		0.77192	6.58659	0.60323	0.08062	-0.07148	4.14770	1.62474	0.99738	-0.07233	0.00125	0.07233	0.99738	0.00141	-0.00135	-0.00131	1.00000	
34	0.17000	0.38325	-13.96963	0.69823	0.19153	-0.10863	-0.87528	0.18381	0.99988	0.01528	0.00190	-0.01528	0.99988	0.00334	-0.00184	-0.00337	0.99999		0.76460	6.58750	0.60664	0.07748	-0.07328	4.14631	1.63285	0.99738	-0.07230	0.00128	0.07230	0.99738	0.00135	-0.00137	-0.00126	1.00000	
35	0.17500	0.39415	-13.98776	0.69983	0.18565	-0.11468	-0.87669	0.19842	0.99988	0.01530	0.00200	-0.01531	0.99988	0.00324	-0.00195	-0.00327	0.99999		0.75901	6.59107	0.61420	0.07453	-0.07334	4.14913	1.62811	0.99738	-0.07235	0.00128	0.07235	0.99738	0.00130	-0.00137	-0.00120	1.00000	
36	0.18000	0.37319	-13.97977	0.71639	0.18452	-0.11196	-0.87886	0.19306	0.99988	0.01534	0.00195	-0.01534	0.99988	0.00322	-0.00190	-0.00325	0.99999		0.75888	6.57569	0.61528	0.07066	-0.07218	4.14493	1.61622	0.99738	-0.07228	0.00126	0.07228	0.99738	0.00123	-0.00135	-0.00114	1.00000	
37	0.18500	0.37613	-13.97820	0.71938	0.18249	-0.11753	-0.88072	0.19756	0.99988	0.01537	0.00205	-0.01538	0.99988	0.00319	-0.00200	-0.00322	0.99999		0.77676	6.58480	0.62581	0.06854	-0.07622	4.14453	1.62602	0.99738	-0.07227	0.00133	0.07227	0.99738	0.00120	-0.00141	-0.00110	1.00000	
38	0.19000	0.37528	-13.97787	0.73147	0.18147	-0.11570	-0.88285	0.19461	0.99988	0.01541	0.00202	-0.01541	0.99988	0.00317	-0.00197	-0.00320	0.99999		0.75568	6.57460	0.62785	0.06524	-0.07260	4.14623	1.61133	0.99738	-0.07230	0.00127	0.07230	0.99738	0.00114	-0.00135	-0.00104	1.00000	
39	0.19500	0.37701	-13.99762	0.76468	0.17155	-0.12108	-0.88014	0.17333	0.99988	0.01536	0.00211	-0.01537	0.99988	0.00299	-0.00207	-0.00303	0.99999		0.75553	6.58861	0.64642	0.06262	-0.07199	4.14312	1.62878	0.99739	-0.07225	0.00126	0.07225	0.99739	0.00109	-0.00133	-0.00100	1.00000	
40	0.20000	0.36422	-13.96603	0.75372	0.17411	-0.12132	-0.87640	0.20487	0.99988	0.01530	0.00212	-0.01530	0.99988	0.00304	-0.00207	-0.00307	0.99999		0.73616	6.60855	0.64887	0.06260	-0.07166	4.14245	1.61868	0.99739	-0.07224	0.00125	0.07223	0.99739	0.00109	-0.00133	-0.00100	1.00000	
41	0.20500	0.35746	-13.97674	0.75289	0.17169	-0.12113	-0.88080	0.19703	0.99988	0.01537	0.00211	-0.01538	0.99988	0.00300	-0.00207	-0.00303	0.99999		0.72482	6.59642	0.65586	0.05831	-0.07124	4.14387	1.61554	0.99739	-0.07226	0.00124	0.07226	0.99739	0.00102	-0.00131	-0.00093	1.00000	
42	0.21000	0.37028	-13.97500	0.76553	0.16679	-0.12349	-0.87466	0.20028	0.99988	0.01527	0.00216	-0.01527	0.99988	0.00291	-0.00211	-0.00294	0.99999		0.73141	6.59589	0.65141	0.05440	-0.07029	4.14345	1.60289	0.99739	-0.07225	0.00123	0.07225	0.99739	0.00095	-0.00129	-0.00086	1.00000	
43	0.21500	0.35316	-13.95690	0.78139	0.16701	-0.11981	-0.87945	0.20157	0.99988	0.01535	0.00209	-0.01535	0.99988	0.00291	-0.00205	-0.00295	0.99999		0.71604	6.59736	0.64938	0.05237	-0.07235	4.14475	1.60477	0.99738	-0.07228	0.00126	0.07228	0.99738	0.00091	-0.00133	-0.00082	1.00000	
44	0.22000	0.34475	-13.97875	0.79482	0.15868	-0.12324	-0.87611	0.18707	0.99988	0.01529	0.00215	-0.01530	0.99988	0.00277	-0.00211	-0.00280	0.99999		0.72381	6.59555	0.67264	0.05034	-0.07030	4.14275	1.61428	0.99739	-0.07224	0.00123	0.07224	0.99739	0.00088	-0.00129	-0.00079	1.00000	
45	0.22500	0.36632	-13.98695	0.81042	0.15225	-0.12774	-0.87534	0.18023	0.99988	0.01528	0.00223	-0.01528	0.99988	0.00266	-0.00219	-0.00269	0.99999		0.72986	6.58746	0.66299	0.04572	-0.07118	4.14067	1.61298	0.99739	-0.07221	0.00124	0.07220	0.99739	0.00080	-0.00130	-0.00071	1.00000	
46	0.23000	0.34992	-13.97036	0.79777	0.15303	-0.12620	-0.87764	0.20259	0.99988	0.01532	0.00220	-0.01532	0.99988	0.00267	-0.00216	-0.00270	0.99999		0.71075	6.57895	0.66252	0.04229	-0.06923	4.14487	1.60799	0.99738	-0.07228	0.00121	0.07228	0.99738	0.00074	-0.00126	-0.00065	1.00000	
47	0.23500	0.34763	-13.96428	0.81048	0.15035	-0.12730	-0.87235	0.19202	0.99988	0.01522	0.00222	-0.01523	0.99988	0.00262	-0.00218	-0.00266	0.99999		0.69417	6.58371	0.67484	0.03864	-0.06795	4.14134	1.60399	0.99739	-0.07222	0.00119	0.07222	0.99739	0.00067	-0.00123	-0.00059	1.00000	
48	0.24000	0.35898	-13.99059	0.81597	0.14020	-0.13018	-0.87575	0.18828	0.99988	0.01528	0.00227	-0.01529	0.99988	0.00245	-0.00223	-0.00248	0.99999		0.69859	6.58805	0.68474	0.03741	-0.06653	4.14412	1.59136	0.99738	-0.07227	0.00116	0.07226	0.99739	0.00065	-0.00121	-0.00057	1.00000	
49	0.24500	0.30363	-13.97458	0.81552	0.14206	-0.12514	-0.87477	0.18978	0.99988	0.01527	0.00218	-0.01527	0.99988	0.00248	-0.00215	-0.00251	0.99999		0.69144	6.57921	0.68063	0.03325	-0.06695	4.14141	1.60537	0.99739	-0.07222	0.00117	0.07222	0.99739	0.00058	-0.00121	-0.00049	1.00000	
50	0.25000	0.30629	-14.00606	0.84955	0.12942	-0.12586	-0.86859	0.19917	0.99988	0.01516	0.00220	-0.01516	0.99988	0.00226	-0.00216	-0.00229	1.00000		0.69071	6.58260	0.69790	0.03128	-0.06839	4.13917	1.60146	0.99739	-0.07218	0.00119	0.07218	0.99739	0.00055	-0.00123	-0.00046	1.00000	
51	0.25500	0.27580	-13.97437	0.83163	0.13404	-0.12455	-0.87135	0.20906	0.99988	0.01521	0.00217	-0.01521	0.99988	0.00234	-0.00214	-0.00237	0.99999		0.70349	6.59178	0.69397	0.03179	-0.06999	4.14278	1.59358	0.99739	-0.07224	0.00122	0.07224	0.99739	0.00055	-0.00126	-0.00047	1.00000	
52	0.26000	0.32735	-13.99233	0.83744	0.12559	-0.12711	-0.87073	0.20409	0.99988	0.01520	0.00222	-0.01520	0.99988	0.00219	-0.00218	-0.00223	1.00000		0.68248	6.59121	0.70218	0.02513	-0.06583	4.14128	1.59679	0.99739	-0.07222	0.00115	0.07222	0.99739	0.00044	-0.00118	-0.00035	1.00000	
53	0.26500	0.29325	-13.97620	0.84554	0.12639	-0.12519	-0.87203	0.20031	0.99988	0.01522	0.00219	-0.01522	0.99988	0.00221	-0.00215	-0.00224	1.00000		0.67730	6.58564	0.70155	0.02414	-0.06505	4.14126	1.59673	0.99739	-0.07222	0.00114	0.07222	0.99739	0.00042	-0.00116	-0.00034	1.00000	
54	0.27000	0.29419	-13.95826	0.84480	0.12503	-0.12181	-0.86931	0.20697	0.99988	0.01517	0.00213	-0.01518	0.99988	0.00218	-0.00209	-0.00221	1.00000		0.68633	6.58677	0.71249	0.02160	-0.06610	4.14342	1.57819	0.99739	-0.07225	0.00115	0.07225	0.99739	0.00038	-0.00118	-0.00029	1.00000	
55	0.27500	0.26938	-13.96385	0.83581	0.12093	-0.12105	-0.86742	0.19867	0.99988	0.01514	0.00211	-0.01514	0.99988	0.00211	-0.00208	-0.00214	1.00000		0.66988	6.57579	0.71453	0.01807	-0.06667	4.14336	1.58617	0.99739	-0.07225	0.00116	0.07225	0.99739	0.00032	-0.00118	-0.00023	1.00000	
56	0.28000	0.32552	-13.99287	0.85819	0.11099	-0.12792	-0.87038	0.19704	0.99988	0.01519	0.00223	-0.01519	0.99988	0.00194	-0.00220	-0.00197	1.00000		0.66257	6.58010	0.72973	0.01538	-0.06511	4.14163	1.58473	0.99739	-0.07222	0.00114	0.07222	0.99739	0.00027	-0.00115	-0.00019	1.00000	
57	0.28500	0.29975	-13.99603	0.85635	0.10638	-0.12769	-0.86398	0.20456	0.99988	0.01508	0.00223	-0.01508	0.99988	0.00186	-0.00220	-0.00189	1.00000		0.70182	6.57343	0.73001	0.01184	-0.06798	4.14327	1.57411	0.99739	-0.07225	0.00119	0.07225	0.99739	0.00021	-0.00120	-0.00012	1.00000	
58	0.29000	0.26195	-13.96092	0.84827	0.10803	-0.12225	-0.86321	0.20431	0.99988	0.01507	0.00213	-0.01507	0.99988	0.00189	-0.00211	-0.00192	1.00000		0.65945	6.58696	0.73144	0.01107	-0.06574	4.14066	1.58246	0.99739	-0.07221	0.00115	0.07221	0.99739	0.00019	-0.00116	-0.00011	1.00000	
59	0.29500	0.25641	-13.96997	0.86271	0.10376	-0.12157	-0.86503	0.20836	0.99988	0.01510	0.00212	-0.01510	0.99988	0.00181	-0.00209	-0.00184	1.00000		0.65340	6.56660	0.74831	0.00625	-0.06461	4.14296	1.57785	0.99739	-0.07225	0.00113	0.07225	0.99739	0.00011	-0.00113	-0.00003	1.00000	
60	0.30000	0.24455	-13.97489	0.85561	0.09955	-0.11637	-0.86533	0.20218	0.99988	0.01510	0.00203	-0.01511	0.99988	0.00174	-0.00200	-0.00177	1.00000		0.66129	6.57448	0.74394	0.00379	-0.06372	4.14265	1.56521	0.99739	-0.07224	0.00111	0.07224	0.99739	0.00007	-0.00111	0.00001	1.00000	
61	0.30500	0.25144	-13.96223	0.85449	0.10075	-0.11368	-0.86912	0.19857	0.99988	0.01517	0.00198	-0.01517	0.99988	0.00176	-0.00196	-0.00179	1.00000		0.64613	6.57277	0.74605	0.00237	-0.06299	4.14091	1.56240	0.99739	-0.07221	0.00110	0.07221	0.99739	0.00004	-0.00110	0.00004	1.00000	
62	0.31000	0.24396	-13.97062	0.85489	0.09554	-0.11861	-0.87081	0.19825	0.99988	0.01520	0.00207	-0.01520	0.99988	0.00167	-0.00204	-0.00170	1.00000		0.65344	6.57221	0.75509	0.00090	-0.06057	4.14200	1.56885	0.99739	-0.07223	0.00106	0.07223	0.99739	0.00002	-0.00106	0.00006	1.00000	
63	0.31500	0.21736	-13.96731	0.85063	0.09121	-0.11691	-0.86677	0.21937	0.99988	0.01513	0.00204	-0.01513	0.99988	0.00159	-0.00202	-0.00162	1.00000		0.65643	6.58144	0.77049	-0.00243	-0.06407	4.13864	1.56274	0.99739	-0.07217	0.00112	0.07217	0.99739	-0.00004	-0.00111	0.00012	1.00000	
64	0.32000	0.26024	-13.98732	0.86333	0.08177	-0.11901	-0.86843	0.19816	0.99988	0.01516	0.00208	-0.01516	0.99988	0.00143	-0.00206	-0.00146	1.00000		0.64519	6.58080	0.77139	-0.00410	-0.06190	4.13994	1.56145	0.99739	-0.07219	0.00108	0.07219	0.99739	-0.00007	-0.00107	0.00015	1.00000	
65	0.32500	0.23811	-13.99464	0.85483	0.07721	-0.11846	-0.86499	0.19759	0.99988	0.01510	0.00207	-0.01510	0.99989	0.00135	-0.00205	-0.00138	1.00000		0.61859	6.55233	0.76924	-0.01088	-0.05788	4.13840	1.55089	0.99739	-0.07217	0.00101	0.07217	0.99739	-0.00019	-0.00099	0.00026	1.00000	
66	0.33000	0.21240	-13.95834	0.84022	0.08212	-0.11137	-0.86768	0.20248	0.99988	0.01514	0.00194	-0.01515	0.99988	0.00143	-0.00192	-0.00146	1.00000		0.61607	6.57492	0.78312	-0.00862	-0.06029	4.13898	1.55157	0.99739	-0.07218	0.00105	0.07218	0.99739	-0.00015	-0.00104	0.00023	1.00000	
67	0.33500	0.23278	-13.98469	0.84356	0.07570	-0.11314	-0.86986	0.18949	0.99988	0.01518	0.00197	-0.01518	0.99988	0.00132	-0.00195	-0.00135	1.00000		0.61062	6.56507	0.78402	-0.01163	-0.05917	4.14088	1.55404	0.99739	-0.07221	0.00103	0.07221	0.99739	-0.00020	-0.00102	0.00028	1.00000	
68	0.34000	0.18153	-13.95429	0.84224	0.07685	-0.10695	-0.86535	0.21516	0.99988	0.01510	0.00187	-0.01511	0.99989	0.00134	-0.00185	-0.00137	1.00000		0.64149	6.57848	0.78786	-0.01226	-0.06059	4.13927	1.54740	0.99739	-0.07218	0.00106	0.07218	0.99739	-0.00021	-0.00104	0.00029	1.00000	
69	0.34500	0.19002	-13.99270	0.85324	0.06568	-0.11226	-0.86141	0.20208	0.99989	0.01503	0.00196	-0.01504	0.99989	0.00115	-0.00194	-0.00118	1.00000		0.62235	6.56814	0.79130	-0.01504	-0.05916	4.13881	1.54129	0.99739	-0.07217	0.00103	0.07217	0.99739	-0.00026	-0.00101	0.00034	1.00000	
70	0.35000	0.20291	-13.95119	0.82913	0.07184	-0.10589	-0.86705	0.21091	0.99988	0.01513	0.00185	-0.01513	0.99988	0.00125	-0.00183	-0.00128	1.00000		0.61081	6.59092	0.80164	-0.01429	-0.05664	4.14014	1.52618	0.99739	-0.07220	0.00099	0.07220	0.99739	-0.00025	-0.00097	0.00032	1.00000	
71	0.35500	0.21124	-13.99603	0.83157	0.05790	-0.10949	-0.86291	0.20825	0.99988	0.01506	0.00191	-0.01506	0.99989	0.00101	-0.00190	-0.00104	1.00000		0.59847	6.57382	0.79732	-0.01799	-0.05623	4.14048	1.54012	0.99739	-0.07220	0.00098	0.07220	0.99739	-0.00031	-0.00096	0.00038	1.00000	
72	0.36000	0.19338	-13.97909	0.82807	0.06078	-0.10694	-0.86189	0.19636	0.99989	0.01504	0.00187	-0.01504	0.99989	0.00106	-0.00185	-0.00109	1.00000		0.61145	6.58041	0.80858	-0.01894	-0.05642	4.14150	1.52775	0.99739	-0.07222	0.00098	0.07222	0.99739	-0.00033	-0.00096	0.00040	1.00000	
73	0.36500	0.14435	-13.94389	0.80748	0.06571	-0.10270	-0.86523	0.21564	0.99988	0.01510	0.00179	-0.01510	0.99989	0.00115	-0.00177	-0.00117	1.00000		0.59615	6.56198	0.81134	-0.02114	-0.05425	4.13763	1.55840	0.99739	-0.07215	0.00095	0.07215	0.99739	-0.00037	-0.00092	0.00044	1.00000	
74	0.37000	0.17741	-13.97507	0.81484	0.05687	-0.10521	-0.86628	0.18323	0.99988	0.01512	0.00184	-0.01512	0.99989	0.00099	-0.00182	-0.00102	1.00000		0.58733	6.58696	0.81106	-0.01980	-0.05211	4.14046	1.52716	0.99739	-0.07220	0.00091	0.07220	0.99739	-0.00035	-0.00088	0.00041	1.00000	
75	0.37500	0.11449	-13.96094	0.80084	0.05880	-0.09666	-0.86165	0.21498	0.99989	0.01504	0.00169	-0.01504	0.99989	0.00103	-0.00167	-0.00105	1.00000		0.55822	6.58145	0.81535	-0.02125	-0.04728	4.13919	1.54297	0.99739	-0.07218	0.00083	0.07218	0.99739	-0.00037	-0.00080	0.00043	1.00000	
76	0.38000	0.14077	-13.97879	0.80860	0.05086	-0.09821	-0.86527	0.20024	0.99988	0.01510	0.00171	-0.01510	0.99989	0.00089	-0.00170	-0.00091	1.00000		0.56603	6.58065	0.81774	-0.02401	-0.05148	4.14173	1.53375	0.99739	-0.07222	0.00090	0.07222	0.99739	-0.00042	-0.00087	0.00048	1.00000	
77	0.38500	0.12376	-13.98662	0.79924	0.04937	-0.09788	-0.86430	0.18983	0.99988	0.01508	0.00171	-0.01509	0.99989	0.00086	-0.00170	-0.00089	1.00000		0.56847	6.58136	0.82403	-0.02388	-0.05188	4.14172	1.53390	0.99739	-0.07222	0.00091	0.07222	0.99739	-0.00042	-0.00087	0.00048	1.00000	
78	0.39000	0.07571	-13.95177	0.77431	0.05503	-0.08666	-0.86220	0.20920	0.99989	0.01505	0.00151	-0.01505	0.99989	0.00096	-0.00150	-0.00098	1.00000		0.52685	6.59769	0.82815	-0.02193	-0.04829	4.13902	1.54235	0.99739	-0.07218	0.00084	0.07218	0.99739	-0.00038	-0.00081	0.00044	1.00000	
79	0.39500	0.08034	-13.97919	0.79413	0.04675	-0.09143	-0.86210	0.19523	0.99989	0.01505	0.00160	-0.01505	0.99989	0.00082	-0.00158	-0.00084	1.00000		0.51752	6.59178	0.82965	-0.02302	-0.04676	4.13902	1.54208	0.99739	-0.07218	0.00082	0.07218	0.99739	-0.00040	-0.00078	0.00046	1.00000	
80	0.40000	0.05004	-13.95943	0.76275	0.05294	-0.08542	-0.86036	0.21494	0.99989	0.01502	0.00149	-0.01502	0.99989	0.00092	-0.00148	-0.00095	1.00000		0.55584	6.58988	0.82360	-0.02462	-0.05102	4.14418	1.51046	0.99739	-0.07227	0.00089	0.07227	0.99739	-0.00043	-0.00086	0.00049	1.00000	
81	0.40500	0.04837	-13.97663	0.76118	0.04682	-0.08614	-0.86433	0.21403	0.99989	0.01508	0.00150	-0.01509	0.99989	0.00082	-0.00149	-0.00084	1.00000		0.52805	6.59524	0.82742	-0.02495	-0.04807	4.14270	1.50763	0.99739	-0.07224	0.00084	0.07224	0.99739	-0.00044	-0.00081	0.00050	1.00000	
82	0.41000	0.03736	-13.95629	0.75177	0.05031	-0.08048	-0.86069	0.21980	0.99989	0.01502	0.00140	-0.01502	0.99989	0.00088	-0.00139	-0.00090	1.00000		0.52692	6.60490	0.82071	-0.02412	-0.04595	4.14289	1.51230	0.99739	-0.07224	0.00080	0.07224	0.99739	-0.00042	-0.00077	0.00048	1.00000	
83	0.41500	0.04513	-13.96643	0.73899	0.04793	-0.07801	-0.85994	0.21051	0.99989	0.01501	0.00136	-0.01501	0.99989	0.00084	-0.00135	-0.00086	1.00000		0.51488	6.59827	0.83589	-0.02538	-0.04399	4.14292	1.51246	0.99739	-0.07224	0.00077	0.07224	0.99739	-0.00044	-0.00073	0.00050	1.00000	
84	0.42000	0.02211	-13.95483	0.73621	0.05131	-0.07635	-0.86186	0.22777	0.99989	0.01504	0.00133	-0.01504	0.99989	0.00090	-0.00132	-0.00092	1.00000		0.50632	6.59989	0.85919	-0.02450	-0.04762	4.14192	1.53268	0.99739	-0.07223	0.00083	0.07223	0.99739	-0.00043	-0.00080	0.00049	1.00000	
85	0.42500	0.00964	-13.95867	0.73077	0.05139	-0.07358	-0.86724	0.21793	0.99988	0.01514	0.00128	-0.01514	0.99989	0.00090	-0.00127	-0.00092	1.00000		0.52616	6.60694	0.85160	-0.02301	-0.04760	4.14290	1.50767	0.99739	-0.07224	0.00083	0.07224	0.99739	-0.00040	-0.00080	0.00046	1.00000	
86	0.43000	0.02261	-13.97789	0.72803	0.04690	-0.07899	-0.86108	0.21049	0.99989	0.01503	0.00138	-0.01503	0.99989	0.00082	-0.00137	-0.00084	1.00000		0.45794	6.59481	0.85381	-0.02462	-0.04323	4.13973	1.54206	0.99739	-0.07219	0.00075	0.07219	0.99739	-0.00043	-0.00072	0.00048	1.00000	
87	0.43500	-0.00150	-13.96480	0.71647	0.05117	-0.07209	-0.86366	0.21408	0.99989	0.01507	0.00126	-0.01507	0.99989	0.00089	-0.00124	-0.00091	1.00000		0.49439	6.60474	0.86346	-0.02315	-0.04407	4.14166	1.51867	0.99739	-0.07222	0.00077	0.07222	0.99739	-0.00040	-0.00074	0.00046	1.00000	
88	0.44000	-0.01293	-13.95700	0.69836	0.05275	-0.06999	-0.86364	0.21328	0.99989	0.01507	0.00122	-0.01507	0.99989	0.00092	-0.00121	-0.00094	1.00000		0.47735	6.61123	0.86290	-0.02243	-0.04245	4.14651	1.51535	0.99738	-0.07231	0.00074	0.07231	0.99738	-0.00039	-0.00071	0.00044	1.00000	
89	0.44500	-0.02679	-13.94530	0.68387	0.05677	-0.06478	-0.86470	0.21802	0.99989	0.01509	0.00113	-0.01509	0.99989	0.00099	-0.00112	-0.00101	1.00000		0.45979	6.61164	0.85573	-0.02084	-0.04174	4.14179	1.52761	0.99739	-0.07222	0.00073	0.07223	0.99739	-0.00036	-0.00070	0.00042	1.00000	
90	0.45000	-0.06284	-13.95317	0.67865	0.05928	-0.05882	-0.86945	0.21765	0.99988	0.01517	0.00103	-0.01518	0.99988	0.00103	-0.00101	-0.00105	1.00000		0.45363	6.60533	0.86036	-0.02170	-0.04082	4.14370	1.49852	0.99739	-0.07226	0.00071	0.07226	0.99739	-0.00038	-0.00068	0.00043	1.00000	
91	0.45500	-0.04820	-13.95396	0.67426	0.05912	-0.06212	-0.86982	0.22208	0.99988	0.01518	0.00108	-0.01518	0.99988	0.00103	-0.00107	-0.00105	1.00000		0.42229	6.59727	0.87636	-0.01939	-0.03745	4.14578	1.52366	0.99738	-0.07229	0.00065	0.07229	0.99738	-0.00034	-0.00063	0.00038	1.00000	
92	0.46000	-0.06958	-13.95944	0.66167	0.06030	-0.05778	-0.87159	0.19997	0.99988	0.01521	0.00101	-0.01521	0.99988	0.00105	-0.00099	-0.00107	1.00000		0.41466	6.61919	0.87321	-0.01781	-0.03599	4.14110	1.54655	0.99739	-0.07221	0.00063	0.07221	0.99739	-0.00031	-0.00060	0.00036	1.00000	
93	0.46500	-0.06561	-13.94565	0.65566	0.06644	-0.05575	-0.86647	0.22480	0.99989	0.01512	0.00097	-0.01512	0.99989	0.00116	-0.00096	-0.00117	1.00000		0.43163	6.60549	0.87827	-0.01567	-0.03752	4.14513	1.53078	0.99738	-0.07228	0.00065	0.07228	0.99738	-0.00027	-0.00063	0.00032	1.00000	
94	0.47000	-0.07705	-13.93725	0.63945	0.07018	-0.05570	-0.87221	0.21673	0.99988	0.01522	0.00097	-0.01522	0.99988	0.00122	-0.00095	-0.00124	1.00000		0.43790	6.59532	0.87009	-0.01539	-0.03754	4.14176	1.53408	0.99739	-0.07222	0.00066	0.07222	0.99739	-0.00027	-0.00063	0.00032	1.00000	
95	0.47500	-0.08378	-13.94195	0.62888	0.06986	-0.05203	-0.86925	0.22178	0.99988	0.01517	0.00091	-0.01517	0.99988	0.00122	-0.00089	-0.00123	1.00000		0.42712	6.62296	0.89428	-0.01114	-0.03669	4.14591	1.53200	0.99738	-0.07230	0.00064	0.07230	0.99738	-0.00019	-0.00062	0.00024	1.00000	
96	0.48000	-0.10931	-13.94460	0.61343	0.07513	-0.04620	-0.87630	0.20656	0.99988	0.01529	0.00081	-0.01529	0.99988	0.00131	-0.00079	-0.00132	1.00000		0.39955	6.59815	0.90288	-0.01124	-0.03650	4.14409	1.52323	0.99739	-0.07226	0.00064	0.07227	0.99739	-0.00020	-0.00062	0.00024	1.00000	
97	0.48500	-0.12402	-13.93254	0.60522	0.07860	-0.04169	-0.87648	0.21089	0.99988	0.01530	0.00073	-0.01530	0.99988	0.00137	-0.00071	-0.00138	1.00000		0.42183	6.63422	0.90467	-0.00396	-0.03801	4.14598	1.52600	0.99738	-0.07230	0.00066	0.07230	0.99738	-0.00007	-0.00066	0.00012	1.00000	
98	0.49000	-0.12601	-13.94043	0.59379	0.07921	-0.04353	-0.87081	0.20634	0.99988	0.01520	0.00076	-0.01520	0.99988	0.00138	-0.00074	-0.00139	1.00000		0.38396	6.60037	0.89554	-0.00631	-0.03425	4.14514	1.54161	0.99738	-0.07228	0.00060	0.07228	0.99738	-0.00011	-0.00059	0.00015	1.00000	
99	0.49500	-0.10630	-13.95481	0.59442	0.08014	-0.04478	-0.87192	0.22024	0.99988	0.01522	0.00078	-0.01522	0.99988	0.00140	-0.00076	-0.00141	1.00000		0.40332	6.61081	0.90412	-0.00177	-0.03570	4.14744	1.54561	0.99738	-0.07232	0.00062	0.07232	0.99738	-0.00003	-0.00062	0.00008	1.00000	
100	0.50000	-0.11912	-13.92990	0.56678	0.08777	-0.03902	-0.87426	0.21799	0.99988	0.01526	0.00068	-0.01526	0.99988	0.00153	-0.00066	-0.00154	1.00000		0.38372	6.60159	0.89621	0.00030	-0.03484	4.14733	1.52536	0.99738	-0.07232	0.00061	0.07232	0.99738	0.00001	-0.00061	0.00004	1.00000	
101	0.50500	-0.13463	-13.93184	0.54620	0.09182	-0.03969	-0.87391	0.21094	0.99988	0.01525	0.00069	-0.01525	0.99988	0.00160	-0.00067	-0.00161	1.00000		0.36472	6.60893	0.90779	0.00482	-0.03166	4.15119	1.52668	0.99738	-0.07239	0.00055	0.07239	0.99738	0.00008	-0.00056	-0.00004	1.00000	
102	0.51000	-0.15619	-13.94613	0.54293	0.09597	-0.03536	-0.87767	0.22754	0.99988	0.01532	0.00062	-0.01532	0.99988	0.00168	-0.00059	-0.00168	1.00000		0.37192	6.62339	0.91222	0.00937	-0.03477	4.14861	1.53928	0.99738	-0.07234	0.00061	0.07234	0.99738	0.00016	-0.00062	-0.00012	1.00000	
103	0.51500	-0.14484	-13.94749	0.52882	0.09809	-0.03697	-0.87581	0.21082	0.99988	0.01529	0.00065	-0.01529	0.99988	0.00171	-0.00062	-0.00172	1.00000		0.37089	6.61886	0.92875	0.01061	-0.03327	4.14636	1.56254	0.99738	-0.07230	0.00058	0.07230	0.99738	0.00019	-0.00059	-0.00014	1.00000	
104	0.52000	-0.10922	-13.95239	0.51783	0.10132	-0.03679	-0.87556	0.21839	0.99988	0.01528	0.00064	-0.01528	0.99988	0.00177	-0.00061	-0.00178	1.00000		0.37171	6.62682	0.90673	0.01709	-0.03015	4.15141	1.55250	0.99738	-0.07239	0.00053	0.07239	0.99738	0.00030	-0.00055	-0.00026	1.00000	
105	0.52500	-0.15522	-13.94777	0.51356	0.10723	-0.02672	-0.87756	0.21808	0.99988	0.01532	0.00047	-0.01532	0.99988	0.00187	-0.00044	-0.00188	1.00000		0.34876	6.62738	0.90823	0.01967	-0.03027	4.14853	1.54368	0.99738	-0.07234	0.00053	0.07234	0.99738	0.00034	-0.00055	-0.00030	1.00000	
106	0.53000	-0.14972	-13.97328	0.50269	0.10863	-0.02840	-0.88046	0.22628	0.99988	0.01537	0.00050	-0.01537	0.99988	0.00190	-0.00047	-0.00190	1.00000		0.33303	6.64435	0.91306	0.02501	-0.02915	4.15132	1.55879	0.99738	-0.07239	0.00051	0.07239	0.99738	0.00044	-0.00054	-0.00040	1.00000	
107	0.53500	-0.17158	-13.97560	0.49579	0.11101	-0.02564	-0.87754	0.21091	0.99988	0.01532	0.00045	-0.01532	0.99988	0.00194	-0.00042	-0.00194	1.00000		0.35615	6.63524	0.91399	0.02694	-0.03004	4.15279	1.54896	0.99737	-0.07242	0.00052	0.07242	0.99737	0.00047	-0.00056	-0.00043	1.00000	
108	0.54000	-0.16322	-13.96276	0.47354	0.11959	-0.02543	-0.87736	0.21314	0.99988	0.01531	0.00044	-0.01531	0.99988	0.00209	-0.00041	-0.00209	1.00000		0.33248	6.63412	0.89857	0.03174	-0.02853	4.15181	1.54584	0.99738	-0.07240	0.00050	0.07240	0.99738	0.00055	-0.00054	-0.00052	1.00000	
109	0.54500	-0.15996	-13.96936	0.47133	0.12181	-0.02385	-0.87812	0.22747	0.99988	0.01533	0.00042	-0.01533	0.99988	0.00213	-0.00038	-0.00213	1.00000		0.31248	6.63624	0.89587	0.03691	-0.02524	4.15591	1.56108	0.99737	-0.07247	0.00044	0.07247	0.99737	0.00064	-0.00049	-0.00061	1.00000	
110	0.55000	-0.13398	-13.97565	0.44836	0.12553	-0.02403	-0.87720	0.21468	0.99988	0.01531	0.00042	-0.01531	0.99988	0.00219	-0.00039	-0.00220	1.00000		0.30709	6.63542	0.90361	0.03885	-0.02650	4.15368	1.56089	0.99737	-0.07243	0.00046	0.07243	0.99737	0.00068	-0.00051	-0.00064	1.00000	
111	0.55500	-0.17612	-13.98031	0.44127	0.12728	-0.01920	-0.88125	0.21040	0.99988	0.01538	0.00034	-0.01538	0.99988	0.00222	-0.00030	-0.00223	1.00000		0.29715	6.64550	0.91222	0.04660	-0.02538	4.15428	1.56092	0.99737	-0.07244	0.00044	0.07244	0.99737	0.00081	-0.00050	-0.00078	1.00000	
112	0.56000	-0.15577	-13.98745	0.42770	0.13231	-0.01819	-0.87548	0.21123	0.99988	0.01528	0.00032	-0.01528	0.99988	0.00231	-0.00028	-0.00231	1.00000		0.30884	6.64151	0.90686	0.05091	-0.02771	4.15630	1.57649	0.99737	-0.07248	0.00048	0.07248	0.99737	0.00089	-0.00055	-0.00085	1.00000	
113	0.56500	-0.17911	-13.96693	0.41848	0.14015	-0.01953	-0.87482	0.22834	0.99988	0.01527	0.00034	-0.01527	0.99988	0.00245	-0.00030	-0.00245	1.00000		0.32563	6.66274	0.90197	0.05777	-0.02724	4.15695	1.56976	0.99737	-0.07249	0.00048	0.07249	0.99737	0.00101	-0.00055	-0.00097	1.00000	
114	0.57000	-0.19594	-13.98974	0.39797	0.14216	-0.01348	-0.88238	0.22954	0.99988	0.01540	0.00024	-0.01540	0.99988	0.00248	-0.00020	-0.00248	1.00000		0.28279	6.65051	0.90903	0.06019	-0.02392	4.16013	1.57638	0.99737	-0.07254	0.00042	0.07254	0.99736	0.00105	-0.00049	-0.00102	1.00000	
115	0.57500	-0.19884	-13.98298	0.38572	0.14715	-0.01026	-0.88099	0.22258	0.99988	0.01538	0.00018	-0.01538	0.99988	0.00257	-0.00014	-0.00257	1.00000		0.29502	6.62186	0.89680	0.06266	-0.02519	4.16208	1.57889	0.99736	-0.07258	0.00044	0.07258	0.99736	0.00109	-0.00052	-0.00106	1.00000	
116	0.58000	-0.19444	-13.98226	0.38230	0.15339	-0.00863	-0.88112	0.21730	0.99988	0.01538	0.00015	-0.01538	0.99988	0.00268	-0.00011	-0.00268	1.00000		0.27877	6.63603	0.90284	0.06832	-0.02141	4.15885	1.57366	0.99737	-0.07252	0.00037	0.07252	0.99737	0.00119	-0.00046	-0.00116	1.00000	
117	0.58500	-0.20548	-13.99424	0.36219	0.15709	-0.00732	-0.88249	0.22323	0.99988	0.01540	0.00013	-0.01540	0.99988	0.00274	-0.00009	-0.00274	1.00000		0.26611	6.63967	0.90234	0.07459	-0.02116	4.16286	1.58420	0.99736	-0.07259	0.00037	0.07259	0.99736	0.00130	-0.00046	-0.00127	1.00000	
118	0.59000	-0.21633	-13.99051	0.35738	0.16198	-0.00704	-0.88625	0.22853	0.99988	0.01547	0.00012	-0.01547	0.99988	0.00283	-0.00008	-0.00283	1.00000		0.24552	6.65792	0.89655	0.08055	-0.02119	4.16320	1.59124	0.99736	-0.07260	0.00037	0.07260	0.99736	0.00141	-0.00047	-0.00138	1.00000	
119	0.59500	-0.20253	-13.99054	0.34371	0.16835	-0.00676	-0.88592	0.24300	0.99988	0.01546	0.00012	-0.01546	0.99988	0.00294	-0.00007	-0.00294	1.00000		0.23708	6.64176	0.89657	0.08318	-0.01901	4.16386	1.58257	0.99736	-0.07261	0.00033	0.07261	0.99736	0.00145	-0.00044	-0.00142	1.00000	
120	0.60000	-0.19698	-14.00302	0.34398	0.17015	-0.00672	-0.88200	0.23423	0.99988	0.01539	0.00012	-0.01539	0.99988	0.00297	-0.00007	-0.00297	1.00000		0.26802	6.63489	0.90649	0.08843	-0.02155	4.16310	1.59160	0.99736	-0.07260	0.00038	0.07260	0.99736	0.00154	-0.00049	-0.00151	1.00000	
121	0.60500	-0.20901	-14.01792	0.32300	0.17261	-0.00645	-0.88376	0.23287	0.99988	0.01542	0.00011	-0.01542	0.99988	0.00301	-0.00007	-0.00301	1.00000		0.23379	6.65789	0.90050	0.09444	-0.01730	4.16532	1.60257	0.99736	-0.07263	0.00030	0.07263	0.99736	0.00165	-0.00042	-0.00162	1.00000	
122	0.61000	-0.20152	-14.00914	0.31533	0.17941	0.00055	-0.88433	0.22358	0.99988	0.01543	-0.00001	-0.01543	0.99988	0.00313	0.00006	-0.00313	1.00000		0.22855	6.64330	0.89205	0.09971	-0.01738	4.16629	1.60368	0.99736	-0.07265	0.00030	0.07265	0.99736	0.00174	-0.00043	-0.00171	1.00000	
123	0.61500	-0.22262	-14.00437	0.30302	0.18381	0.00261	-0.88473	0.24264	0.99988	0.01544	-0.00005	-0.01544	0.99988	0.00321	0.00010	-0.00321	0.99999		0.24024	6.64063	0.89670	0.10366	-0.01784	4.16987	1.60790	0.99735	-0.07271	0.00031	0.07271	0.99735	0.00181	-0.00044	-0.00178	1.00000	
124	0.62000	-0.20580	-14.01030	0.29989	0.18615	-0.00126	-0.88000	0.24739	0.99988	0.01536	0.00002	-0.01536	0.99988	0.00325	0.00003	-0.00325	0.99999		0.19947	6.64013	0.89048	0.10608	-0.01487	4.16877	1.61764	0.99735	-0.07269	0.00026	0.07269	0.99735	0.00185	-0.00039	-0.00183	1.00000	
125	0.62500	-0.16463	-14.03070	0.27683	0.18893	-0.00596	-0.88274	0.24871	0.99988	0.01541	0.00010	-0.01541	0.99988	0.00330	-0.00005	-0.00330	0.99999		0.22158	6.62482	0.88182	0.10969	-0.01615	4.16687	1.62925	0.99736	-0.07266	0.00028	0.07266	0.99735	0.00191	-0.00042	-0.00189	1.00000	
126	0.63000	-0.21091	-14.00686	0.25723	0.19437	0.00008	-0.88320	0.24504	0.99988	0.01541	-0.00000	-0.01541	0.99988	0.00339	0.00005	-0.00339	0.99999		0.17484	6.64072	0.87745	0.11640	-0.01327	4.17320	1.61413	0.99735	-0.07277	0.00023	0.07277	0.99735	0.00203	-0.00038	-0.00201	1.00000	
127	0.63500	-0.20137	-14.02998	0.25638	0.19595	0.00173	-0.88379	0.24043	0.99988	0.01542	-0.00003	-0.01542	0.99988	0.00342	0.00008	-0.00342	0.99999		0.17247	6.62011	0.87589	0.11861	-0.01397	4.16946	1.63122	0.99735	-0.07271	0.00024	0.07271	0.99735	0.00207	-0.00039	-0.00205	1.00000	
128	0.64000	-0.18197	-14.03212	0.24758	0.19937	0.00105	-0.88178	0.24577	0.99988	0.01539	-0.00002	-0.01539	0.99988	0.00348	0.00007	-0.00348	0.99999		0.16310	6.60933	0.87409	0.12214	-0.01152	4.17020	1.62274	0.99735	-0.07272	0.00020	0.07272	0.99735	0.00213	-0.00036	-0.00211	1.00000	
129	0.64500	-0.21689	-14.03328	0.23885	0.20285	0.00680	-0.88324	0.23948	0.99988	0.01541	-0.00012	-0.01541	0.99987	0.00354	0.00017	-0.00354	0.99999		0.17151	6.62086	0.86966	0.12714	-0.01088	4.17630	1.62264	0.99734	-0.07283	0.00019	0.07283	0.99734	0.00222	-0.00035	-0.00220	1.00000	
130	0.65000	-0.19061	-14.02518	0.22282	0.20590	0.00026	-0.87926	0.25125	0.99988	0.01535	-0.00000	-0.01535	0.99988	0.00359	0.00006	-0.00359	0.99999		0.19289	6.60897	0.86766	0.13051	-0.01365	4.17395	1.62848	0.99735	-0.07278	0.00024	0.07278	0.99735	0.00228	-0.00040	-0.00225	1.00000	
131	0.65500	-0.19187	-14.03458	0.22585	0.20889	0.00536	-0.88054	0.22612	0.99988	0.01537	-0.00009	-0.01537	0.99988	0.00365	0.00015	-0.00364	0.99999		0.15264	6.60957	0.85186	0.13391	-0.00909	4.17336	1.64414	0.99735	-0.07277	0.00016	0.07277	0.99735	0.00234	-0.00033	-0.00232	1.00000	
132	0.66000	-0.20221	-14.02702	0.20249	0.21315	0.00332	-0.88275	0.24795	0.99988	0.01541	-0.00006	-0.01541	0.99987	0.00372	0.00012	-0.00372	0.99999		0.15953	6.61575	0.84431	0.14025	-0.01015	4.17864	1.65662	0.99734	-0.07287	0.00018	0.07287	0.99734	0.00245	-0.00036	-0.00243	1.00000	
133	0.66500	-0.19482	-14.03777	0.19123	0.21604	0.00311	-0.88285	0.22128	0.99988	0.01541	-0.00005	-0.01541	0.99987	0.00377	0.00011	-0.00377	0.99999		0.14973	6.61156	0.84307	0.14124	-0.01104	4.17405	1.63938	0.99735	-0.07279	0.00019	0.07279	0.99734	0.00247	-0.00037	-0.00244	1.00000	
134	0.67000	-0.18569	-14.04318	0.18859	0.21835	0.00828	-0.88013	0.21895	0.99988	0.01536	-0.00014	-0.01536	0.99987	0.00381	0.00020	-0.00381	0.99999		0.11587	6.59231	0.84867	0.14190	-0.00744	4.17791	1.63578	0.99734	-0.07285	0.00013	0.07285	0.99734	0.00248	-0.00031	-0.00246	1.00000	
135	0.67500	-0.17063	-14.03480	0.18026	0.22138	0.00370	-0.87752	0.23206	0.99988	0.01531	-0.00006	-0.01531	0.99988	0.00386	0.00012	-0.00386	0.99999		0.10835	6.62474	0.83412	0.14892	-0.00926	4.17923	1.64140	0.99734	-0.07288	0.00016	0.07288	0.99734	0.00260	-0.00035	-0.00258	1.00000	
136	0.68000	-0.18849	-14.04318	0.15112	0.22219	0.00373	-0.87884	0.24829	0.99988	0.01534	-0.00007	-0.01534	0.99987	0.00388	0.00012	-0.00388	0.99999		0.14155	6.59516	0.83534	0.15000	-0.01045	4.18206	1.65071	0.99734	-0.07293	0.00018	0.07293	0.99733	0.00262	-0.00037	-0.00260	1.00000	
137	0.68500	-0.19885	-14.03867	0.17084	0.22553	0.00486	-0.88276	0.25454	0.99988	0.01541	-0.00008	-0.01541	0.99987	0.00394	0.00015	-0.00393	0.99999		0.13749	6.60606	0.83810	0.15403	-0.00823	4.18159	1.65794	0.99734	-0.07292	0.00014	0.07292	0.99733	0.00269	-0.00034	-0.00267	1.00000	
138	0.69000	-0.18034	-14.04934	0.15867	0.22696	0.00414	-0.88131	0.23876	0.99988	0.01538	-0.00007	-0.01538	0.99987	0.00396	0.00013	-0.00396	0.99999		0.11887	6.59599	0.81999	0.15500	-0.00903	4.17946	1.66864	0.99734	-0.07288	0.00016	0.07288	0.99734	0.00271	-0.00035	-0.00269	1.00000	
139	0.69500	-0.21165	-14.03453	0.15114	0.23215	0.00524	-0.88427	0.24001	0.99988	0.01543	-0.00009	-0.01543	0.99987	0.00405	0.00015	-0.00405	0.99999		0.08069	6.58471	0.82133	0.15587	-0.00662	4.18066	1.64220	0.99734	-0.07290	0.00012	0.07290	0.99734	0.00272	-0.00031	-0.00270	1.00000	
140	0.70000	-0.19330	-14.05291	0.14401	0.22995	0.00549	-0.88173	0.24761	0.99988	0.01539	-0.00010	-0.01539	0.99987	0.00401	0.00016	-0.00401	0.99999		0.11589	6.58943	0.81565	0.15950	-0.00746	4.18159	1.65683	0.99734	-0.07292	0.00013	0.07292	0.99733	0.00278	-0.00033	-0.00277	1.00000	
