NO_OF_FRAMES	12043
NO_OF_CAMERAS	8
NO_OF_BODIES	2
FREQUENCY	200
NO_OF_ANALOG	0
ANALOG_FREQUENCY	0
DESCRIPTION	--
TIME_STAMP	2013-07-05, 10:23:31	179025.69217375
DATA_INCLUDED	6D
BODY_NAMES	Ice 2 V2	Ice 3
Frame	Time	Ice 2 V2 X	Y	Z	Roll	Pitch	Yaw	Residual	Rot[0]	Rot[1]	Rot[2]	Rot[3]	Rot[4]	Rot[5]	Rot[6]	Rot[7]	Rot[8]	Ice 3 X	Y	Z	Roll	Pitch	Yaw	Residual	Rot[0]	Rot[1]	Rot[2]	Rot[3]	Rot[4]	Rot[5]	Rot[6]	Rot[7]	Rot[8]	
1	0.00500	1.04773	-13.65652	0.29744	0.23378	-0.09794	-0.89069	0.22120	0.99988	0.01554	0.00171	-0.01555	0.99987	0.00408	-0.00165	-0.00411	0.99999		1.07742	6.84465	-0.24840	-0.01588	-0.13157	3.90862	1.82095	0.99767	-0.06817	0.00230	0.06817	0.99767	-0.00028	-0.00227	0.00043	1.00000	
2	0.01000	0.98765	-13.66147	0.29254	0.23068	-0.10001	-0.88783	0.23106	0.99988	0.01549	0.00175	-0.01550	0.99987	0.00403	-0.00168	-0.00405	0.99999		1.16695	6.86767	-0.22853	-0.01009	-0.14343	3.90337	1.82766	0.99768	-0.06807	0.00250	0.06807	0.99768	-0.00018	-0.00249	0.00035	1.00000	
3	0.01500	0.97546	-13.65848	0.29273	0.23216	-0.09147	-0.88652	0.22753	0.99988	0.01547	0.00160	-0.01548	0.99987	0.00405	-0.00153	-0.00408	0.99999		1.16819	6.87276	-0.21052	-0.00796	-0.14390	3.90145	1.82510	0.99768	-0.06804	0.00251	0.06804	0.99768	-0.00014	-0.00250	0.00031	1.00000	
4	0.02000	0.97633	-13.62785	0.29391	0.23801	-0.08919	-0.88587	0.23091	0.99988	0.01546	0.00156	-0.01547	0.99987	0.00415	-0.00149	-0.00418	0.99999		1.19397	6.89266	-0.19587	-0.00317	-0.14958	3.90509	1.81582	0.99767	-0.06810	0.00261	0.06810	0.99768	-0.00006	-0.00260	0.00023	1.00000	
5	0.02500	0.98445	-13.64082	0.29083	0.23650	-0.08966	-0.89058	0.21024	0.99988	0.01554	0.00156	-0.01555	0.99987	0.00413	-0.00150	-0.00415	0.99999		1.18347	6.92663	-0.15811	0.00158	-0.15247	3.90427	1.82304	0.99768	-0.06809	0.00266	0.06809	0.99768	0.00003	-0.00266	0.00015	1.00000	
6	0.03000	0.98949	-13.63368	0.30434	0.23711	-0.08829	-0.88996	0.22346	0.99988	0.01553	0.00154	-0.01554	0.99987	0.00414	-0.00148	-0.00416	0.99999		1.20927	6.94813	-0.14956	0.00859	-0.15354	3.90482	1.81602	0.99767	-0.06810	0.00268	0.06810	0.99768	0.00015	-0.00268	0.00003	1.00000	
7	0.03500	1.00904	-13.65607	0.28938	0.23483	-0.08717	-0.88851	0.22926	0.99988	0.01551	0.00152	-0.01551	0.99987	0.00410	-0.00146	-0.00412	0.99999		1.18334	6.97553	-0.12190	0.01333	-0.15420	3.90208	1.82031	0.99768	-0.06805	0.00269	0.06805	0.99768	0.00023	-0.00270	-0.00005	1.00000	
8	0.04000	0.97507	-13.63625	0.28693	0.23640	-0.08308	-0.88185	0.22013	0.99988	0.01539	0.00145	-0.01540	0.99987	0.00413	-0.00139	-0.00415	0.99999		1.23837	6.99089	-0.09410	0.01757	-0.16142	3.90466	1.82050	0.99767	-0.06810	0.00282	0.06810	0.99768	0.00031	-0.00283	-0.00011	1.00000	
9	0.04500	0.96966	-13.64591	0.30351	0.23592	-0.07965	-0.88442	0.22703	0.99988	0.01544	0.00139	-0.01544	0.99987	0.00412	-0.00133	-0.00414	0.99999		1.21353	7.00084	-0.08075	0.02089	-0.15928	3.90157	1.83901	0.99768	-0.06804	0.00278	0.06804	0.99768	0.00036	-0.00280	-0.00017	1.00000	
10	0.05000	0.97222	-13.62111	0.29094	0.23865	-0.07715	-0.88501	0.20606	0.99988	0.01545	0.00135	-0.01545	0.99987	0.00417	-0.00128	-0.00419	0.99999		1.23905	7.04930	-0.05641	0.03067	-0.16445	3.90675	1.82673	0.99767	-0.06813	0.00287	0.06813	0.99768	0.00054	-0.00290	-0.00034	1.00000	
11	0.05500	0.97849	-13.61015	0.29103	0.24248	-0.07644	-0.88643	0.21648	0.99988	0.01547	0.00133	-0.01548	0.99987	0.00423	-0.00127	-0.00425	0.99999		1.24022	7.07574	-0.03262	0.03653	-0.16447	3.90609	1.84407	0.99767	-0.06812	0.00287	0.06812	0.99768	0.00064	-0.00291	-0.00044	1.00000	
12	0.06000	0.99154	-13.61437	0.29352	0.24048	-0.07681	-0.88533	0.22655	0.99988	0.01545	0.00134	-0.01546	0.99987	0.00420	-0.00128	-0.00422	0.99999		1.22011	7.06951	-0.00061	0.03819	-0.16165	3.90513	1.82978	0.99767	-0.06810	0.00282	0.06810	0.99768	0.00067	-0.00286	-0.00047	1.00000	
13	0.06500	0.96256	-13.62448	0.29240	0.23934	-0.07285	-0.88638	0.21853	0.99988	0.01547	0.00127	-0.01547	0.99987	0.00418	-0.00121	-0.00420	0.99999		1.25358	7.10534	0.02036	0.04801	-0.16704	3.90827	1.82827	0.99767	-0.06816	0.00292	0.06816	0.99767	0.00084	-0.00297	-0.00064	1.00000	
14	0.07000	0.94173	-13.61511	0.29285	0.24181	-0.06816	-0.88821	0.20454	0.99988	0.01550	0.00119	-0.01551	0.99987	0.00422	-0.00112	-0.00424	0.99999		1.26493	7.12412	0.05037	0.05229	-0.16570	3.90370	1.85833	0.99768	-0.06808	0.00289	0.06808	0.99768	0.00091	-0.00295	-0.00071	1.00000	
15	0.07500	0.98015	-13.62059	0.30956	0.23913	-0.07426	-0.88539	0.22419	0.99988	0.01545	0.00130	-0.01546	0.99987	0.00417	-0.00123	-0.00419	0.99999		1.24771	7.14058	0.07204	0.05841	-0.16276	3.90833	1.83868	0.99767	-0.06816	0.00284	0.06816	0.99767	0.00102	-0.00290	-0.00082	1.00000	
16	0.08000	0.97288	-13.60970	0.31368	0.23951	-0.06649	-0.87973	0.22416	0.99988	0.01535	0.00116	-0.01536	0.99987	0.00418	-0.00110	-0.00420	0.99999		1.25292	7.15526	0.10271	0.06316	-0.16207	3.90783	1.84650	0.99767	-0.06815	0.00283	0.06815	0.99767	0.00110	-0.00290	-0.00091	1.00000	
17	0.08500	0.97835	-13.61423	0.31135	0.23644	-0.07207	-0.88188	0.22747	0.99988	0.01539	0.00126	-0.01540	0.99987	0.00413	-0.00119	-0.00415	0.99999		1.25249	7.19430	0.12462	0.07202	-0.16351	3.90803	1.85773	0.99767	-0.06815	0.00285	0.06815	0.99767	0.00126	-0.00293	-0.00106	1.00000	
18	0.09000	0.97873	-13.61266	0.31727	0.24010	-0.07141	-0.88575	0.23395	0.99988	0.01546	0.00125	-0.01546	0.99987	0.00419	-0.00118	-0.00421	0.99999		1.25700	7.21386	0.16140	0.07842	-0.16446	3.90824	1.84090	0.99767	-0.06816	0.00287	0.06815	0.99767	0.00137	-0.00296	-0.00117	0.99999	
19	0.09500	0.94955	-13.61353	0.32654	0.23844	-0.06699	-0.88365	0.20575	0.99988	0.01542	0.00117	-0.01543	0.99987	0.00416	-0.00110	-0.00418	0.99999		1.26341	7.22560	0.19152	0.08560	-0.16105	3.90670	1.85714	0.99767	-0.06813	0.00281	0.06813	0.99768	0.00149	-0.00291	-0.00130	0.99999	
20	0.10000	0.95226	-13.60804	0.32546	0.23662	-0.06835	-0.88131	0.22053	0.99988	0.01538	0.00119	-0.01539	0.99987	0.00413	-0.00113	-0.00415	0.99999		1.22563	7.23710	0.21810	0.08835	-0.15598	3.91080	1.87045	0.99767	-0.06820	0.00272	0.06820	0.99767	0.00154	-0.00282	-0.00135	1.00000	
21	0.10500	0.95477	-13.61858	0.33587	0.23502	-0.06777	-0.88222	0.21620	0.99988	0.01540	0.00118	-0.01540	0.99987	0.00410	-0.00112	-0.00412	0.99999		1.25440	7.26649	0.24400	0.09654	-0.15762	3.90980	1.86446	0.99767	-0.06819	0.00275	0.06818	0.99767	0.00168	-0.00286	-0.00149	0.99999	
22	0.11000	0.93403	-13.61523	0.35181	0.23497	-0.06148	-0.88563	0.20928	0.99988	0.01546	0.00107	-0.01546	0.99987	0.00410	-0.00101	-0.00412	0.99999		1.23484	7.26551	0.26674	0.10020	-0.15286	3.91198	1.88393	0.99767	-0.06822	0.00267	0.06822	0.99767	0.00175	-0.00278	-0.00156	0.99999	
23	0.11500	0.93329	-13.59155	0.35157	0.23522	-0.06177	-0.88395	0.20661	0.99988	0.01543	0.00108	-0.01543	0.99987	0.00411	-0.00101	-0.00412	0.99999		1.23881	7.27801	0.29642	0.10488	-0.15072	3.90730	1.88264	0.99767	-0.06814	0.00263	0.06814	0.99767	0.00183	-0.00275	-0.00165	0.99999	
24	0.12000	0.93589	-13.79088	0.20954	0.18828	-0.06447	-0.87484	0.20068	0.99988	0.01527	0.00113	-0.01527	0.99988	0.00329	-0.00107	-0.00330	0.99999		1.32882	7.19786	0.40658	0.09664	-0.16530	3.91049	1.88590	0.99767	-0.06820	0.00288	0.06819	0.99767	0.00169	-0.00299	-0.00149	0.99999	
25	0.12500	0.89391	-13.78802	0.21852	0.18784	-0.06035	-0.87082	0.19586	0.99988	0.01520	0.00105	-0.01520	0.99988	0.00328	-0.00100	-0.00329	0.99999		1.31160	7.21627	0.43686	0.10185	-0.16083	3.91095	1.87317	0.99767	-0.06821	0.00281	0.06820	0.99767	0.00178	-0.00292	-0.00158	0.99999	
26	0.13000	0.88818	-13.78690	0.22225	0.18352	-0.06206	-0.86688	0.20457	0.99988	0.01513	0.00108	-0.01513	0.99988	0.00320	-0.00103	-0.00322	0.99999		1.32510	7.22929	0.46974	0.10557	-0.15971	3.90995	1.89779	0.99767	-0.06819	0.00279	0.06818	0.99767	0.00184	-0.00291	-0.00165	0.99999	
27	0.13500	0.92338	-13.77680	0.21752	0.18469	-0.06498	-0.87191	0.20244	0.99988	0.01522	0.00113	-0.01522	0.99988	0.00322	-0.00109	-0.00324	0.99999		1.30556	7.23427	0.50683	0.11167	-0.15534	3.91107	1.88965	0.99767	-0.06821	0.00271	0.06820	0.99767	0.00195	-0.00284	-0.00176	0.99999	
28	0.14000	0.88600	-13.78228	0.22995	0.18079	-0.06132	-0.87106	0.17914	0.99988	0.01520	0.00107	-0.01521	0.99988	0.00316	-0.00102	-0.00317	0.99999		1.31765	7.25379	0.53385	0.11670	-0.15391	3.91235	1.87868	0.99767	-0.06823	0.00269	0.06822	0.99767	0.00204	-0.00282	-0.00185	0.99999	
29	0.14500	0.91987	-13.79539	0.23541	0.17644	-0.06636	-0.86818	0.20993	0.99988	0.01515	0.00116	-0.01516	0.99988	0.00308	-0.00111	-0.00310	0.99999		1.26259	7.24115	0.55281	0.12068	-0.14527	3.91759	1.89513	0.99766	-0.06832	0.00254	0.06832	0.99766	0.00211	-0.00267	-0.00193	0.99999	
30	0.15000	0.89793	-13.78959	0.25166	0.17580	-0.06035	-0.86621	0.18860	0.99989	0.01512	0.00105	-0.01512	0.99988	0.00307	-0.00101	-0.00308	0.99999		1.28896	7.24855	0.59838	0.12481	-0.14332	3.91360	1.90197	0.99767	-0.06825	0.00250	0.06825	0.99767	0.00218	-0.00264	-0.00200	0.99999	
31	0.15500	0.89283	-13.78300	0.25833	0.17275	-0.06341	-0.86643	0.19711	0.99989	0.01512	0.00111	-0.01512	0.99988	0.00302	-0.00106	-0.00303	0.99999		1.28754	7.28444	0.61138	0.13135	-0.14112	3.91140	1.92993	0.99767	-0.06821	0.00246	0.06821	0.99767	0.00229	-0.00261	-0.00212	0.99999	
32	0.16000	0.89693	-13.79355	0.27155	0.17015	-0.06450	-0.86582	0.20074	0.99989	0.01511	0.00113	-0.01511	0.99988	0.00297	-0.00108	-0.00299	0.99999		1.27203	7.27487	0.64369	0.13455	-0.13678	3.92211	1.90699	0.99766	-0.06840	0.00239	0.06839	0.99766	0.00235	-0.00254	-0.00218	0.99999	
33	0.16500	0.86327	-13.78720	0.28572	0.16833	-0.06247	-0.86368	0.19487	0.99989	0.01507	0.00109	-0.01508	0.99988	0.00294	-0.00105	-0.00295	1.00000		1.23038	7.25920	0.66046	0.13615	-0.12713	3.92318	1.90306	0.99765	-0.06842	0.00222	0.06841	0.99765	0.00238	-0.00238	-0.00222	0.99999	
34	0.17000	0.87280	-13.78541	0.28475	0.16337	-0.06612	-0.86447	0.19115	0.99989	0.01509	0.00115	-0.01509	0.99988	0.00285	-0.00111	-0.00287	1.00000		1.21916	7.29477	0.69053	0.14318	-0.12511	3.92022	1.92170	0.99766	-0.06837	0.00218	0.06836	0.99766	0.00250	-0.00235	-0.00234	0.99999	
35	0.17500	0.89427	-13.81499	0.30646	0.15729	-0.06915	-0.86201	0.18778	0.99989	0.01504	0.00121	-0.01505	0.99988	0.00275	-0.00117	-0.00276	1.00000		1.24647	7.29450	0.71559	0.14463	-0.11986	3.91788	1.93354	0.99766	-0.06833	0.00209	0.06832	0.99766	0.00252	-0.00226	-0.00238	0.99999	
36	0.18000	0.85242	-13.78392	0.30984	0.15992	-0.06512	-0.86666	0.18480	0.99988	0.01513	0.00114	-0.01513	0.99988	0.00279	-0.00109	-0.00281	1.00000		1.23071	7.28262	0.74674	0.14785	-0.11755	3.92459	1.91871	0.99765	-0.06844	0.00205	0.06844	0.99765	0.00258	-0.00222	-0.00243	0.99999	
37	0.18500	0.84985	-13.80985	0.33327	0.15154	-0.06675	-0.85827	0.17921	0.99989	0.01498	0.00116	-0.01498	0.99988	0.00264	-0.00113	-0.00266	1.00000		1.19231	7.27803	0.77073	0.15060	-0.10977	3.92585	1.94130	0.99765	-0.06847	0.00192	0.06846	0.99765	0.00263	-0.00209	-0.00249	0.99999	
38	0.19000	0.87152	-13.79730	0.34722	0.14938	-0.06928	-0.86210	0.19883	0.99989	0.01505	0.00121	-0.01505	0.99988	0.00261	-0.00117	-0.00263	1.00000		1.20755	7.29325	0.78988	0.15445	-0.10679	3.92939	1.95158	0.99765	-0.06853	0.00186	0.06852	0.99765	0.00270	-0.00204	-0.00256	0.99999	
39	0.19500	0.87783	-13.80564	0.35013	0.14650	-0.07232	-0.86177	0.19628	0.99989	0.01504	0.00126	-0.01504	0.99988	0.00256	-0.00122	-0.00258	1.00000		1.17938	7.28855	0.82578	0.15551	-0.10078	3.92790	1.96183	0.99765	-0.06850	0.00176	0.06850	0.99765	0.00271	-0.00194	-0.00259	0.99999	
40	0.20000	0.84706	-13.80591	0.37167	0.14226	-0.06814	-0.85947	0.16947	0.99989	0.01500	0.00119	-0.01500	0.99988	0.00248	-0.00115	-0.00250	1.00000		1.18665	7.28418	0.84361	0.15728	-0.09713	3.92966	1.95645	0.99765	-0.06853	0.00170	0.06853	0.99765	0.00275	-0.00188	-0.00262	0.99999	
41	0.20500	0.83351	-13.80563	0.37954	0.13961	-0.07185	-0.86489	0.17893	0.99989	0.01509	0.00125	-0.01510	0.99988	0.00244	-0.00122	-0.00246	1.00000		1.16976	7.28258	0.86483	0.15828	-0.09114	3.92917	1.96842	0.99765	-0.06852	0.00159	0.06852	0.99765	0.00276	-0.00178	-0.00265	0.99999	
42	0.21000	0.83456	-13.79040	0.39008	0.14025	-0.06837	-0.86324	0.19831	0.99989	0.01507	0.00119	-0.01507	0.99988	0.00245	-0.00116	-0.00247	1.00000		1.16336	7.27761	0.87653	0.15885	-0.08695	3.92854	1.98064	0.99765	-0.06851	0.00152	0.06851	0.99765	0.00277	-0.00170	-0.00266	0.99999	
43	0.21500	0.80507	-13.80558	0.41250	0.13118	-0.07117	-0.85995	0.17721	0.99989	0.01501	0.00124	-0.01501	0.99988	0.00229	-0.00121	-0.00231	1.00000		1.14613	7.26611	0.90658	0.15984	-0.08114	3.92933	1.97346	0.99765	-0.06853	0.00142	0.06852	0.99765	0.00279	-0.00160	-0.00269	1.00000	
44	0.22000	0.81578	-13.78612	0.41976	0.13181	-0.07650	-0.86081	0.19442	0.99989	0.01502	0.00134	-0.01503	0.99988	0.00230	-0.00130	-0.00232	1.00000		1.11942	7.28487	0.92183	0.16259	-0.07656	3.92854	1.97648	0.99765	-0.06851	0.00134	0.06851	0.99765	0.00284	-0.00153	-0.00274	1.00000	
45	0.22500	0.81275	-13.80848	0.43111	0.12363	-0.07697	-0.85921	0.18102	0.99989	0.01500	0.00134	-0.01500	0.99989	0.00216	-0.00131	-0.00218	1.00000		1.11189	7.26378	0.94224	0.16364	-0.07370	3.93604	1.97591	0.99764	-0.06864	0.00129	0.06864	0.99764	0.00286	-0.00148	-0.00276	1.00000	
46	0.23000	0.79035	-13.79399	0.44091	0.12736	-0.07841	-0.85543	0.18861	0.99989	0.01493	0.00137	-0.01493	0.99989	0.00222	-0.00134	-0.00224	1.00000		1.13180	7.25346	0.95805	0.16211	-0.06924	3.92944	1.98634	0.99765	-0.06853	0.00121	0.06852	0.99765	0.00283	-0.00140	-0.00274	1.00000	
47	0.23500	0.79343	-13.81410	0.46668	0.11608	-0.08002	-0.85902	0.18864	0.99989	0.01499	0.00140	-0.01499	0.99989	0.00203	-0.00137	-0.00205	1.00000		1.11717	7.25928	0.98075	0.16480	-0.06667	3.93275	1.98580	0.99764	-0.06859	0.00116	0.06858	0.99764	0.00288	-0.00136	-0.00279	1.00000	
48	0.24000	0.79997	-13.79898	0.46159	0.11934	-0.08167	-0.85912	0.18782	0.99989	0.01499	0.00143	-0.01500	0.99989	0.00208	-0.00139	-0.00210	1.00000		1.07843	7.23922	0.98079	0.16268	-0.05705	3.93415	1.99693	0.99764	-0.06861	0.00100	0.06861	0.99764	0.00284	-0.00119	-0.00276	1.00000	
49	0.24500	0.76095	-13.79152	0.48199	0.11760	-0.07987	-0.86084	0.18665	0.99989	0.01502	0.00139	-0.01503	0.99989	0.00205	-0.00136	-0.00207	1.00000		1.09862	7.23413	1.00516	0.16359	-0.05402	3.93429	1.98383	0.99764	-0.06861	0.00094	0.06861	0.99764	0.00286	-0.00114	-0.00278	1.00000	
50	0.25000	0.77059	-13.81687	0.49419	0.10851	-0.08260	-0.85623	0.18208	0.99989	0.01494	0.00144	-0.01495	0.99989	0.00189	-0.00141	-0.00192	1.00000		1.06687	7.23414	1.01123	0.16431	-0.05032	3.93720	1.97770	0.99764	-0.06866	0.00088	0.06866	0.99764	0.00287	-0.00107	-0.00280	1.00000	
51	0.25500	0.75915	-13.80944	0.52095	0.10303	-0.08813	-0.85344	0.18127	0.99989	0.01489	0.00154	-0.01490	0.99989	0.00180	-0.00151	-0.00182	1.00000		1.05993	7.19486	1.03179	0.15931	-0.04292	3.93837	1.98376	0.99764	-0.06868	0.00075	0.06868	0.99763	0.00278	-0.00094	-0.00272	1.00000	
52	0.26000	0.72380	-13.79843	0.52964	0.10649	-0.08418	-0.85820	0.18816	0.99989	0.01498	0.00147	-0.01498	0.99989	0.00186	-0.00144	-0.00188	1.00000		1.06120	7.20229	1.03845	0.16012	-0.04324	3.93437	2.00148	0.99764	-0.06861	0.00075	0.06861	0.99764	0.00279	-0.00094	-0.00274	1.00000	
53	0.26500	0.71405	-13.79443	0.55468	0.10304	-0.08477	-0.85465	0.19482	0.99989	0.01492	0.00148	-0.01492	0.99989	0.00180	-0.00145	-0.00182	1.00000		1.03558	7.17696	1.05382	0.15874	-0.03392	3.94218	1.99680	0.99763	-0.06875	0.00059	0.06875	0.99763	0.00277	-0.00078	-0.00272	1.00000	
54	0.27000	0.75252	-13.81735	0.56823	0.09719	-0.09066	-0.85644	0.18940	0.99989	0.01495	0.00158	-0.01495	0.99989	0.00170	-0.00156	-0.00172	1.00000		1.01703	7.14771	1.04777	0.15387	-0.02997	3.93778	1.98756	0.99764	-0.06867	0.00052	0.06867	0.99764	0.00269	-0.00071	-0.00264	1.00000	
55	0.27500	0.72171	-13.80038	0.57737	0.09691	-0.09162	-0.85727	0.18864	0.99989	0.01496	0.00160	-0.01496	0.99989	0.00169	-0.00157	-0.00172	1.00000		1.01104	7.16300	1.06182	0.15513	-0.02842	3.94009	1.99014	0.99764	-0.06871	0.00050	0.06871	0.99763	0.00271	-0.00068	-0.00267	1.00000	
56	0.28000	0.74423	-13.81515	0.58221	0.09011	-0.09779	-0.85360	0.19580	0.99989	0.01490	0.00171	-0.01490	0.99989	0.00157	-0.00168	-0.00160	1.00000		1.00204	7.10959	1.06808	0.14876	-0.02466	3.93705	1.99898	0.99764	-0.06866	0.00043	0.06866	0.99764	0.00260	-0.00061	-0.00256	1.00000	
57	0.28500	0.69664	-13.81110	0.61231	0.09284	-0.09317	-0.85647	0.19641	0.99989	0.01495	0.00163	-0.01495	0.99989	0.00162	-0.00160	-0.00164	1.00000		1.02477	7.11354	1.07501	0.14657	-0.02131	3.93699	2.00018	0.99764	-0.06866	0.00037	0.06866	0.99764	0.00256	-0.00055	-0.00253	1.00000	
58	0.29000	0.68636	-13.81659	0.62743	0.08797	-0.09750	-0.85642	0.20926	0.99989	0.01495	0.00170	-0.01495	0.99989	0.00154	-0.00168	-0.00156	1.00000		0.98174	7.10779	1.08038	0.14514	-0.01751	3.93672	2.01239	0.99764	-0.06865	0.00031	0.06865	0.99764	0.00253	-0.00048	-0.00251	1.00000	
59	0.29500	0.68051	-13.81405	0.64886	0.08380	-0.09548	-0.85278	0.18725	0.99989	0.01488	0.00167	-0.01489	0.99989	0.00146	-0.00164	-0.00149	1.00000		0.99000	7.07390	1.08430	0.14033	-0.01422	3.93754	2.00561	0.99764	-0.06867	0.00025	0.06867	0.99764	0.00245	-0.00042	-0.00243	1.00000	
60	0.30000	0.66906	-13.80747	0.67299	0.08301	-0.09731	-0.85369	0.20131	0.99989	0.01490	0.00170	-0.01490	0.99989	0.00145	-0.00168	-0.00147	1.00000		0.97489	7.05117	1.10341	0.13766	-0.01009	3.94225	1.99374	0.99763	-0.06875	0.00018	0.06875	0.99763	0.00240	-0.00034	-0.00238	1.00000	
61	0.30500	0.66438	-13.81721	0.66905	0.07909	-0.09856	-0.85072	0.19736	0.99989	0.01485	0.00172	-0.01485	0.99989	0.00138	-0.00170	-0.00141	1.00000		0.98862	7.02763	1.09363	0.13263	-0.00776	3.93808	2.01043	0.99764	-0.06868	0.00014	0.06868	0.99764	0.00231	-0.00029	-0.00230	1.00000	
62	0.31000	0.66472	-13.84831	0.70468	0.07155	-0.10697	-0.84709	0.20332	0.99989	0.01478	0.00187	-0.01479	0.99989	0.00125	-0.00185	-0.00128	1.00000		0.97623	7.00685	1.10011	0.12814	-0.00759	3.93738	2.00466	0.99764	-0.06867	0.00013	0.06867	0.99764	0.00224	-0.00029	-0.00222	1.00000	
63	0.31500	0.66406	-13.83233	0.71021	0.07426	-0.10554	-0.85151	0.20329	0.99989	0.01486	0.00184	-0.01486	0.99989	0.00130	-0.00182	-0.00132	1.00000		0.93513	6.99742	1.10304	0.12447	-0.00180	3.94343	1.99945	0.99763	-0.06877	0.00003	0.06877	0.99763	0.00217	-0.00018	-0.00217	1.00000	
64	0.32000	0.63433	-13.82088	0.72788	0.07134	-0.10739	-0.84618	0.20710	0.99989	0.01477	0.00187	-0.01477	0.99989	0.00125	-0.00186	-0.00127	1.00000		0.95267	6.96431	1.10832	0.11950	-0.00030	3.93983	2.01730	0.99764	-0.06871	0.00001	0.06871	0.99763	0.00209	-0.00015	-0.00208	1.00000	
65	0.32500	0.63739	-13.84490	0.75510	0.06721	-0.10617	-0.84746	0.20118	0.99989	0.01479	0.00185	-0.01479	0.99989	0.00117	-0.00184	-0.00120	1.00000		0.91887	6.95274	1.11338	0.11493	0.00383	3.94070	2.00975	0.99764	-0.06872	-0.00007	0.06872	0.99763	0.00201	-0.00007	-0.00201	1.00000	
66	0.33000	0.61349	-13.83821	0.76036	0.06718	-0.10509	-0.85263	0.19496	0.99989	0.01488	0.00183	-0.01488	0.99989	0.00117	-0.00182	-0.00120	1.00000		0.91870	6.93223	1.11475	0.11212	0.00514	3.93925	2.01574	0.99764	-0.06870	-0.00009	0.06870	0.99764	0.00196	-0.00004	-0.00196	1.00000	
67	0.33500	0.59593	-13.83451	0.77826	0.06841	-0.10390	-0.84970	0.20175	0.99989	0.01483	0.00181	-0.01483	0.99989	0.00119	-0.00180	-0.00122	1.00000		0.91169	6.91057	1.11117	0.10799	0.00806	3.94248	2.00385	0.99763	-0.06875	-0.00014	0.06876	0.99763	0.00188	0.00001	-0.00189	1.00000	
68	0.34000	0.61775	-13.84159	0.78630	0.06521	-0.11104	-0.84773	0.21602	0.99989	0.01480	0.00194	-0.01480	0.99989	0.00114	-0.00192	-0.00117	1.00000		0.90824	6.87751	1.11185	0.10140	0.00988	3.94041	2.00875	0.99764	-0.06872	-0.00017	0.06872	0.99763	0.00177	0.00005	-0.00178	1.00000	
69	0.34500	0.58847	-13.83749	0.81072	0.06685	-0.10873	-0.85249	0.21056	0.99989	0.01488	0.00190	-0.01488	0.99989	0.00117	-0.00188	-0.00119	1.00000		0.91909	6.89121	1.11811	0.10176	0.00687	3.94266	1.98560	0.99763	-0.06876	-0.00012	0.06876	0.99763	0.00178	-0.00000	-0.00178	1.00000	
70	0.35000	0.57122	-13.84476	0.81869	0.06459	-0.11012	-0.85184	0.22130	0.99989	0.01487	0.00192	-0.01487	0.99989	0.00113	-0.00190	-0.00116	1.00000		0.90946	6.85027	1.11944	0.09315	0.00811	3.94168	1.98436	0.99763	-0.06874	-0.00014	0.06874	0.99763	0.00163	0.00003	-0.00163	1.00000	
71	0.35500	0.59545	-13.85899	0.84820	0.06101	-0.11200	-0.85201	0.21745	0.99989	0.01487	0.00195	-0.01487	0.99989	0.00106	-0.00194	-0.00109	1.00000		0.88672	6.81217	1.08963	0.08584	0.00999	3.94276	1.97764	0.99763	-0.06876	-0.00017	0.06876	0.99763	0.00150	0.00007	-0.00151	1.00000	
72	0.36000	0.57977	-13.86884	0.86196	0.05704	-0.11415	-0.84623	0.19871	0.99989	0.01477	0.00199	-0.01477	0.99989	0.00100	-0.00198	-0.00102	1.00000		0.91697	6.81152	1.10877	0.08279	0.00854	3.94027	1.99129	0.99764	-0.06872	-0.00015	0.06872	0.99764	0.00144	0.00005	-0.00145	1.00000	
73	0.36500	0.51249	-13.84681	0.86983	0.06198	-0.10616	-0.85467	0.20343	0.99989	0.01492	0.00185	-0.01492	0.99989	0.00108	-0.00184	-0.00111	1.00000		0.90674	6.78743	1.11677	0.07915	0.00692	3.94510	1.97605	0.99763	-0.06880	-0.00012	0.06880	0.99763	0.00138	0.00003	-0.00139	1.00000	
74	0.37000	0.56562	-13.89172	0.90560	0.05366	-0.11706	-0.84957	0.20618	0.99989	0.01483	0.00204	-0.01483	0.99989	0.00094	-0.00203	-0.00097	1.00000		0.90628	6.75792	1.09897	0.07195	0.00860	3.94571	1.96341	0.99763	-0.06881	-0.00015	0.06881	0.99763	0.00126	0.00006	-0.00126	1.00000	
75	0.37500	0.56960	-13.87807	0.90723	0.05578	-0.11925	-0.84844	0.20990	0.99989	0.01481	0.00208	-0.01481	0.99989	0.00097	-0.00207	-0.00100	1.00000		0.85555	6.73455	1.09203	0.06573	0.01346	3.94341	1.97707	0.99763	-0.06877	-0.00023	0.06877	0.99763	0.00115	0.00016	-0.00116	1.00000	
76	0.38000	0.57518	-13.88340	0.92650	0.05348	-0.11832	-0.84817	0.20295	0.99989	0.01480	0.00207	-0.01480	0.99989	0.00093	-0.00205	-0.00096	1.00000		0.85517	6.71638	1.07888	0.06115	0.01027	3.94369	1.97799	0.99763	-0.06878	-0.00018	0.06878	0.99763	0.00107	0.00011	-0.00108	1.00000	
77	0.38500	0.52673	-13.88089	0.94317	0.05745	-0.11134	-0.85337	0.20109	0.99989	0.01489	0.00194	-0.01490	0.99989	0.00100	-0.00193	-0.00103	1.00000		0.87118	6.70573	1.08999	0.05756	0.01285	3.94645	1.95969	0.99763	-0.06882	-0.00022	0.06882	0.99763	0.00100	0.00015	-0.00102	1.00000	
78	0.39000	0.54076	-13.88379	0.95042	0.05799	-0.11270	-0.85495	0.19916	0.99989	0.01492	0.00197	-0.01492	0.99989	0.00101	-0.00195	-0.00104	1.00000		0.86504	6.70029	1.08741	0.05360	0.00748	3.94703	1.95582	0.99763	-0.06883	-0.00013	0.06883	0.99763	0.00094	0.00007	-0.00094	1.00000	
79	0.39500	0.55211	-13.88302	0.96068	0.05676	-0.11678	-0.85193	0.21720	0.99989	0.01487	0.00204	-0.01487	0.99989	0.00099	-0.00202	-0.00102	1.00000		0.86580	6.67357	1.07742	0.04857	0.01010	3.94185	1.97082	0.99763	-0.06874	-0.00018	0.06874	0.99763	0.00085	0.00012	-0.00086	1.00000	
80	0.40000	0.51906	-13.90172	0.98510	0.05451	-0.11377	-0.84965	0.21996	0.99989	0.01483	0.00199	-0.01483	0.99989	0.00095	-0.00197	-0.00098	1.00000		0.86540	6.65502	1.07593	0.04369	0.00888	3.94675	1.94438	0.99763	-0.06883	-0.00015	0.06883	0.99763	0.00076	0.00010	-0.00077	1.00000	
81	0.40500	0.50078	-13.89679	0.99769	0.05793	-0.11008	-0.85125	0.20845	0.99989	0.01486	0.00192	-0.01486	0.99989	0.00101	-0.00191	-0.00104	1.00000		0.86012	6.63578	1.07162	0.03951	0.00772	3.94559	1.94002	0.99763	-0.06881	-0.00013	0.06881	0.99763	0.00069	0.00009	-0.00070	1.00000	
82	0.41000	0.47140	-13.88799	0.99972	0.06216	-0.10867	-0.85410	0.21974	0.99989	0.01491	0.00190	-0.01491	0.99989	0.00108	-0.00188	-0.00111	1.00000		0.87002	6.62215	1.06813	0.03507	0.00468	3.94570	1.95110	0.99763	-0.06881	-0.00008	0.06881	0.99763	0.00061	0.00004	-0.00062	1.00000	
83	0.41500	0.47624	-13.89647	1.01447	0.06270	-0.11012	-0.85634	0.22398	0.99989	0.01495	0.00192	-0.01495	0.99989	0.00109	-0.00191	-0.00112	1.00000		0.87051	6.59467	1.07846	0.02801	0.00273	3.94430	1.94400	0.99763	-0.06879	-0.00005	0.06879	0.99763	0.00049	0.00001	-0.00049	1.00000	
84	0.42000	0.49050	-13.90181	1.02227	0.06364	-0.10899	-0.85530	0.21387	0.99989	0.01493	0.00190	-0.01493	0.99989	0.00111	-0.00189	-0.00114	1.00000		0.84593	6.57123	1.05581	0.02379	0.00322	3.94359	1.95600	0.99763	-0.06877	-0.00006	0.06877	0.99763	0.00042	0.00003	-0.00042	1.00000	
85	0.42500	0.46791	-13.90233	1.02971	0.06460	-0.10651	-0.85639	0.20318	0.99989	0.01495	0.00186	-0.01495	0.99989	0.00113	-0.00184	-0.00116	1.00000		0.86878	6.58910	1.05990	0.02177	-0.00153	3.94455	1.93050	0.99763	-0.06879	0.00003	0.06879	0.99763	0.00038	-0.00005	-0.00038	1.00000	
86	0.43000	0.47069	-13.90898	1.04422	0.06627	-0.10805	-0.85103	0.21773	0.99989	0.01485	0.00189	-0.01485	0.99989	0.00116	-0.00187	-0.00118	1.00000		0.86658	6.53246	1.06890	0.01442	-0.00503	3.95019	1.91521	0.99762	-0.06889	0.00009	0.06889	0.99762	0.00025	-0.00010	-0.00025	1.00000	
87	0.43500	0.44532	-13.90328	1.05773	0.07021	-0.10282	-0.85430	0.22793	0.99989	0.01491	0.00179	-0.01491	0.99989	0.00123	-0.00178	-0.00125	1.00000		0.84564	6.53414	1.04031	0.01069	-0.00473	3.94382	1.94331	0.99763	-0.06878	0.00008	0.06878	0.99763	0.00019	-0.00010	-0.00018	1.00000	
88	0.44000	0.45999	-13.89823	1.06165	0.07379	-0.10220	-0.85650	0.22014	0.99989	0.01495	0.00178	-0.01495	0.99989	0.00129	-0.00176	-0.00131	1.00000		0.85356	6.51784	1.04067	0.00662	-0.00613	3.94451	1.92628	0.99763	-0.06879	0.00011	0.06879	0.99763	0.00012	-0.00011	-0.00011	1.00000	
89	0.44500	0.44935	-13.90366	1.05736	0.07481	-0.09932	-0.85448	0.21538	0.99989	0.01491	0.00173	-0.01492	0.99989	0.00131	-0.00171	-0.00133	1.00000		0.86466	6.50140	1.03510	0.00394	-0.00818	3.94413	1.92627	0.99763	-0.06878	0.00014	0.06878	0.99763	0.00007	-0.00015	-0.00006	1.00000	
90	0.45000	0.43202	-13.90263	1.06755	0.07882	-0.09414	-0.85898	0.23062	0.99989	0.01499	0.00164	-0.01499	0.99989	0.00138	-0.00162	-0.00140	1.00000		0.86655	6.49309	1.02947	-0.00117	-0.01314	3.94463	1.92678	0.99763	-0.06879	0.00023	0.06879	0.99763	-0.00002	-0.00023	0.00004	1.00000	
91	0.45500	0.46777	-13.90491	1.07908	0.08180	-0.09876	-0.85540	0.22999	0.99989	0.01493	0.00172	-0.01493	0.99989	0.00143	-0.00170	-0.00145	1.00000		0.85979	6.47301	1.02559	-0.00546	-0.01387	3.94390	1.92114	0.99763	-0.06878	0.00024	0.06878	0.99763	-0.00010	-0.00024	0.00011	1.00000	
92	0.46000	0.42968	-13.88092	1.07793	0.08736	-0.09491	-0.85830	0.22035	0.99989	0.01498	0.00166	-0.01498	0.99989	0.00152	-0.00163	-0.00155	1.00000		0.87042	6.45622	1.00794	-0.00946	-0.01547	3.94607	1.91678	0.99763	-0.06882	0.00027	0.06882	0.99763	-0.00017	-0.00026	0.00018	1.00000	
93	0.46500	0.43126	-13.90851	1.07553	0.08687	-0.09398	-0.86046	0.23676	0.99989	0.01502	0.00164	-0.01502	0.99989	0.00152	-0.00162	-0.00154	1.00000		0.86174	6.46706	0.99268	-0.00934	-0.01715	3.94493	1.92751	0.99763	-0.06880	0.00030	0.06880	0.99763	-0.00016	-0.00029	0.00018	1.00000	
94	0.47000	0.42015	-13.88321	1.08335	0.09420	-0.08809	-0.85904	0.22247	0.99989	0.01499	0.00154	-0.01500	0.99989	0.00164	-0.00151	-0.00167	1.00000		0.86094	6.45877	0.99078	-0.01282	-0.01852	3.94698	1.90462	0.99763	-0.06883	0.00032	0.06883	0.99763	-0.00022	-0.00031	0.00025	1.00000	
95	0.47500	0.40872	-13.89934	1.06280	0.09503	-0.09101	-0.86279	0.22508	0.99989	0.01506	0.00159	-0.01506	0.99989	0.00166	-0.00156	-0.00168	1.00000		0.86406	6.44901	0.97118	-0.01674	-0.02394	3.94627	1.90687	0.99763	-0.06882	0.00042	0.06882	0.99763	-0.00029	-0.00040	0.00032	1.00000	
96	0.48000	0.41196	-13.91082	1.06161	0.09688	-0.08705	-0.85996	0.21506	0.99989	0.01501	0.00152	-0.01501	0.99989	0.00169	-0.00149	-0.00171	1.00000		0.87016	6.44993	0.97576	-0.01653	-0.02495	3.94621	1.90682	0.99763	-0.06882	0.00044	0.06882	0.99763	-0.00029	-0.00041	0.00032	1.00000	
97	0.48500	0.41879	-13.88732	1.07071	0.10253	-0.08461	-0.86330	0.21746	0.99989	0.01507	0.00148	-0.01507	0.99988	0.00179	-0.00145	-0.00181	1.00000		0.87154	6.43760	0.96653	-0.01997	-0.02859	3.94706	1.88185	0.99763	-0.06883	0.00050	0.06883	0.99763	-0.00035	-0.00047	0.00038	1.00000	
98	0.49000	0.41704	-13.89473	1.05940	0.10723	-0.08284	-0.86929	0.22995	0.99988	0.01517	0.00145	-0.01517	0.99988	0.00187	-0.00142	-0.00189	1.00000		0.86535	6.42874	0.96938	-0.02275	-0.02950	3.94305	1.89264	0.99763	-0.06876	0.00051	0.06877	0.99763	-0.00040	-0.00049	0.00043	1.00000	
99	0.49500	0.37704	-13.88685	1.06247	0.11054	-0.07789	-0.86376	0.22519	0.99989	0.01507	0.00136	-0.01508	0.99988	0.00193	-0.00133	-0.00195	1.00000		0.90081	6.43202	0.94574	-0.02211	-0.03338	3.94726	1.87790	0.99763	-0.06884	0.00058	0.06884	0.99763	-0.00039	-0.00055	0.00043	1.00000	
100	0.50000	0.42834	-13.88120	1.04692	0.11309	-0.07985	-0.86834	0.22334	0.99988	0.01515	0.00139	-0.01516	0.99988	0.00197	-0.00136	-0.00199	1.00000		0.86525	6.44111	0.94358	-0.02281	-0.03404	3.94433	1.89471	0.99763	-0.06879	0.00059	0.06879	0.99763	-0.00040	-0.00057	0.00044	1.00000	
101	0.50500	0.41854	-13.86284	1.04752	0.12091	-0.07536	-0.86926	0.22902	0.99988	0.01517	0.00132	-0.01517	0.99988	0.00211	-0.00128	-0.00213	1.00000		0.90041	6.41358	0.95206	-0.02738	-0.03820	3.94808	1.88022	0.99763	-0.06885	0.00067	0.06885	0.99763	-0.00048	-0.00063	0.00052	1.00000	
102	0.51000	0.38962	-13.88492	1.04673	0.12035	-0.06853	-0.86634	0.22859	0.99988	0.01512	0.00120	-0.01512	0.99988	0.00210	-0.00116	-0.00212	1.00000		0.86230	6.43894	0.94302	-0.02378	-0.03975	3.95276	1.85302	0.99762	-0.06893	0.00069	0.06893	0.99762	-0.00042	-0.00066	0.00046	1.00000	
103	0.51500	0.38473	-13.86127	1.02115	0.12792	-0.06477	-0.87128	0.22303	0.99988	0.01521	0.00113	-0.01521	0.99988	0.00223	-0.00110	-0.00225	1.00000		0.90327	6.43008	0.92023	-0.02632	-0.04193	3.94593	1.87131	0.99763	-0.06882	0.00073	0.06882	0.99763	-0.00046	-0.00070	0.00051	1.00000	
104	0.52000	0.38970	-13.86825	1.02376	0.12957	-0.05975	-0.87047	0.21695	0.99988	0.01519	0.00104	-0.01519	0.99988	0.00226	-0.00101	-0.00228	1.00000		0.92903	6.44536	0.92664	-0.02624	-0.04539	3.94863	1.88542	0.99763	-0.06886	0.00079	0.06886	0.99763	-0.00046	-0.00076	0.00051	1.00000	
105	0.52500	0.39501	-13.85601	1.00152	0.13329	-0.06251	-0.86760	0.23423	0.99988	0.01514	0.00109	-0.01514	0.99988	0.00233	-0.00106	-0.00234	1.00000		0.92434	6.43809	0.91527	-0.02833	-0.04636	3.94806	1.87958	0.99763	-0.06885	0.00081	0.06885	0.99763	-0.00049	-0.00077	0.00055	1.00000	
106	0.53000	0.41205	-13.84159	1.01041	0.13975	-0.05706	-0.87092	0.22040	0.99988	0.01520	0.00100	-0.01520	0.99988	0.00244	-0.00096	-0.00245	1.00000		0.91635	6.44586	0.91118	-0.02844	-0.04691	3.94274	1.88099	0.99763	-0.06876	0.00082	0.06876	0.99763	-0.00050	-0.00078	0.00055	1.00000	
107	0.53500	0.38449	-13.80986	0.97314	0.15259	-0.05032	-0.87475	0.24522	0.99988	0.01527	0.00088	-0.01527	0.99988	0.00266	-0.00084	-0.00268	1.00000		0.93816	6.45496	0.90835	-0.02633	-0.05370	3.94576	1.86654	0.99763	-0.06881	0.00094	0.06881	0.99763	-0.00046	-0.00090	0.00052	1.00000	
108	0.54000	0.37098	-13.80243	0.95826	0.15619	-0.04731	-0.87268	0.24587	0.99988	0.01523	0.00083	-0.01523	0.99988	0.00273	-0.00078	-0.00274	1.00000		0.90060	6.45821	0.90196	-0.02536	-0.05364	3.95293	1.86219	0.99762	-0.06894	0.00094	0.06894	0.99762	-0.00044	-0.00090	0.00051	1.00000	
109	0.54500	0.38351	-13.83632	0.96367	0.15039	-0.04806	-0.87741	0.21749	0.99988	0.01531	0.00084	-0.01532	0.99988	0.00262	-0.00080	-0.00264	1.00000		0.94009	6.48143	0.91059	-0.02397	-0.05833	3.94723	1.86849	0.99763	-0.06884	0.00102	0.06884	0.99763	-0.00042	-0.00099	0.00049	1.00000	
110	0.55000	0.40992	-13.82659	0.97541	0.15509	-0.04488	-0.87637	0.22314	0.99988	0.01530	0.00078	-0.01530	0.99988	0.00271	-0.00074	-0.00272	1.00000		0.92035	6.48478	0.90313	-0.02230	-0.05656	3.95237	1.86128	0.99762	-0.06893	0.00099	0.06893	0.99762	-0.00039	-0.00096	0.00046	1.00000	
111	0.55500	0.36017	-13.79086	0.94005	0.16408	-0.03741	-0.87949	0.24255	0.99988	0.01535	0.00065	-0.01535	0.99988	0.00286	-0.00061	-0.00287	1.00000		0.94886	6.50628	0.89776	-0.02193	-0.06093	3.94790	1.86144	0.99763	-0.06885	0.00106	0.06885	0.99763	-0.00038	-0.00103	0.00046	1.00000	
112	0.56000	0.38874	-13.78951	0.93114	0.16630	-0.03478	-0.87561	0.24100	0.99988	0.01528	0.00061	-0.01528	0.99988	0.00290	-0.00056	-0.00291	1.00000		0.95634	6.52235	0.88297	-0.01903	-0.06530	3.94849	1.87083	0.99763	-0.06886	0.00114	0.06886	0.99763	-0.00033	-0.00111	0.00041	1.00000	
113	0.56500	0.40803	-13.81459	0.91954	0.16532	-0.03697	-0.88357	0.21911	0.99988	0.01542	0.00065	-0.01542	0.99988	0.00289	-0.00060	-0.00290	1.00000		0.96008	6.53402	0.89434	-0.01557	-0.06718	3.95486	1.86063	0.99762	-0.06897	0.00117	0.06897	0.99762	-0.00027	-0.00115	0.00035	1.00000	
114	0.57000	0.36517	-13.79141	0.90983	0.17389	-0.02854	-0.87913	0.22570	0.99988	0.01534	0.00050	-0.01534	0.99988	0.00303	-0.00045	-0.00304	1.00000		0.98013	6.53643	0.88717	-0.01707	-0.06724	3.94955	1.87271	0.99762	-0.06888	0.00117	0.06888	0.99763	-0.00030	-0.00115	0.00038	1.00000	
115	0.57500	0.37195	-13.77865	0.87495	0.17594	-0.02327	-0.87922	0.21358	0.99988	0.01534	0.00041	-0.01535	0.99988	0.00307	-0.00036	-0.00308	1.00000		0.98473	6.55826	0.87445	-0.01549	-0.07139	3.94380	1.86826	0.99763	-0.06878	0.00125	0.06878	0.99763	-0.00027	-0.00122	0.00036	1.00000	
116	0.58000	0.38645	-13.78382	0.86328	0.17826	-0.02562	-0.88354	0.23127	0.99988	0.01542	0.00045	-0.01542	0.99988	0.00311	-0.00040	-0.00312	1.00000		0.93788	6.56182	0.87678	-0.01275	-0.06988	3.95422	1.84134	0.99762	-0.06896	0.00122	0.06896	0.99762	-0.00022	-0.00120	0.00031	1.00000	
117	0.58500	0.37489	-13.77579	0.85085	0.18299	-0.02128	-0.88146	0.23212	0.99988	0.01538	0.00037	-0.01538	0.99988	0.00319	-0.00032	-0.00320	0.99999		1.02506	6.59356	0.87969	-0.00966	-0.07581	3.94605	1.86772	0.99763	-0.06882	0.00132	0.06882	0.99763	-0.00017	-0.00131	0.00026	1.00000	
118	0.59000	0.38494	-13.76746	0.82158	0.18392	-0.02108	-0.88148	0.22584	0.99988	0.01538	0.00037	-0.01539	0.99988	0.00321	-0.00032	-0.00322	0.99999		1.00755	6.60238	0.87687	-0.00914	-0.07441	3.94615	1.86426	0.99763	-0.06882	0.00130	0.06882	0.99763	-0.00016	-0.00128	0.00025	1.00000	
119	0.59500	0.39846	-13.77533	0.81918	0.18342	-0.01633	-0.87740	0.21639	0.99988	0.01531	0.00028	-0.01531	0.99988	0.00320	-0.00024	-0.00321	0.99999		0.96602	6.62740	0.86874	-0.00642	-0.07340	3.95064	1.86032	0.99762	-0.06890	0.00128	0.06890	0.99762	-0.00011	-0.00127	0.00020	1.00000	
120	0.60000	0.39234	-13.75239	0.78927	0.19026	-0.01361	-0.88312	0.22012	0.99988	0.01541	0.00024	-0.01541	0.99988	0.00332	-0.00019	-0.00332	0.99999		0.97617	6.61341	0.86348	-0.00570	-0.07708	3.95647	1.81839	0.99762	-0.06900	0.00135	0.06900	0.99762	-0.00010	-0.00134	0.00019	1.00000	
121	0.60500	0.40760	-13.75216	0.76755	0.18696	-0.01693	-0.87612	0.23079	0.99988	0.01529	0.00030	-0.01529	0.99988	0.00326	-0.00025	-0.00327	0.99999		1.00717	6.64208	0.86527	-0.00377	-0.08027	3.94783	1.86185	0.99763	-0.06885	0.00140	0.06885	0.99763	-0.00007	-0.00139	0.00016	1.00000	
122	0.61000	0.41067	-13.77389	0.76303	0.18726	-0.01357	-0.88025	0.22254	0.99988	0.01536	0.00024	-0.01536	0.99988	0.00327	-0.00019	-0.00327	0.99999		1.01659	6.68706	0.85358	0.00172	-0.07942	3.94918	1.84930	0.99762	-0.06887	0.00139	0.06887	0.99763	0.00003	-0.00138	0.00007	1.00000	
123	0.61500	0.44471	-13.77840	0.74428	0.18541	-0.01510	-0.88300	0.22802	0.99988	0.01541	0.00026	-0.01541	0.99988	0.00324	-0.00021	-0.00324	0.99999		1.01366	6.68793	0.86139	0.00119	-0.08041	3.95036	1.84326	0.99762	-0.06889	0.00140	0.06889	0.99762	0.00002	-0.00140	0.00008	1.00000	
124	0.62000	0.44141	-13.75474	0.71389	0.19076	-0.01452	-0.88363	0.22756	0.99988	0.01542	0.00025	-0.01542	0.99988	0.00333	-0.00020	-0.00333	0.99999		1.00437	6.71559	0.86056	0.00770	-0.08198	3.95407	1.83170	0.99762	-0.06896	0.00143	0.06896	0.99762	0.00013	-0.00144	-0.00004	1.00000	
125	0.62500	0.43268	-13.76601	0.69714	0.18848	-0.00386	-0.88353	0.22755	0.99988	0.01542	0.00007	-0.01542	0.99988	0.00329	-0.00002	-0.00329	0.99999		1.05984	6.72027	0.85362	0.00543	-0.08426	3.94892	1.85119	0.99762	-0.06887	0.00147	0.06887	0.99763	0.00009	-0.00147	0.00001	1.00000	
126	0.63000	0.42003	-13.75863	0.65638	0.19043	-0.00516	-0.88451	0.23239	0.99988	0.01544	0.00009	-0.01544	0.99988	0.00332	-0.00004	-0.00332	0.99999		1.01447	6.75688	0.86857	0.01037	-0.08464	3.94921	1.84881	0.99762	-0.06887	0.00148	0.06887	0.99763	0.00018	-0.00149	-0.00008	1.00000	
127	0.63500	0.42674	-13.75827	0.64619	0.18920	-0.00415	-0.88221	0.22062	0.99988	0.01540	0.00007	-0.01540	0.99988	0.00330	-0.00002	-0.00330	0.99999		1.05357	6.78807	0.85610	0.01445	-0.08401	3.94886	1.83146	0.99762	-0.06887	0.00147	0.06887	0.99763	0.00025	-0.00148	-0.00015	1.00000	
128	0.64000	0.41984	-13.74775	0.60685	0.19236	-0.00010	-0.87830	0.22517	0.99988	0.01533	0.00000	-0.01533	0.99988	0.00336	0.00005	-0.00336	0.99999		1.01803	6.80130	0.86169	0.01459	-0.08448	3.94766	1.84782	0.99763	-0.06885	0.00147	0.06884	0.99763	0.00025	-0.00149	-0.00015	1.00000	
129	0.64500	0.43322	-13.75805	0.59730	0.18768	-0.00048	-0.88321	0.20972	0.99988	0.01541	0.00001	-0.01541	0.99988	0.00328	0.00004	-0.00328	0.99999		1.02784	6.83274	0.84313	0.01781	-0.08384	3.94882	1.83544	0.99762	-0.06887	0.00146	0.06886	0.99763	0.00031	-0.00148	-0.00021	1.00000	
130	0.65000	0.44641	-13.75609	0.57228	0.18977	0.00301	-0.88550	0.20597	0.99988	0.01545	-0.00005	-0.01545	0.99988	0.00331	0.00010	-0.00331	0.99999		1.05070	6.82326	0.84834	0.01807	-0.08456	3.94982	1.82436	0.99762	-0.06888	0.00148	0.06888	0.99762	0.00032	-0.00149	-0.00021	1.00000	
131	0.65500	0.45258	-13.76887	0.54948	0.18637	-0.00264	-0.88297	0.20663	0.99988	0.01541	0.00005	-0.01541	0.99988	0.00325	0.00000	-0.00325	0.99999		1.00911	6.86651	0.81612	0.02236	-0.08210	3.94766	1.83267	0.99763	-0.06885	0.00143	0.06884	0.99763	0.00039	-0.00146	-0.00029	1.00000	
132	0.66000	0.42720	-13.76575	0.52215	0.18675	0.00594	-0.88415	0.21209	0.99988	0.01543	-0.00010	-0.01543	0.99988	0.00326	0.00015	-0.00326	0.99999		1.00425	6.87322	0.84457	0.02282	-0.08268	3.94896	1.82638	0.99762	-0.06887	0.00144	0.06887	0.99763	0.00040	-0.00147	-0.00030	1.00000	
133	0.66500	0.43026	-13.76422	0.49322	0.18589	0.00731	-0.88372	0.21615	0.99988	0.01542	-0.00013	-0.01542	0.99988	0.00324	0.00018	-0.00324	0.99999		1.06804	6.90751	0.82633	0.02417	-0.08581	3.94422	1.84949	0.99763	-0.06879	0.00150	0.06878	0.99763	0.00042	-0.00152	-0.00032	1.00000	
134	0.67000	0.46665	-13.76248	0.46472	0.18374	0.00346	-0.88243	0.21497	0.99988	0.01540	-0.00006	-0.01540	0.99988	0.00321	0.00011	-0.00321	0.99999		1.06599	6.95525	0.82781	0.02917	-0.08453	3.94539	1.84646	0.99763	-0.06881	0.00148	0.06880	0.99763	0.00051	-0.00151	-0.00041	1.00000	
135	0.67500	0.45531	-13.75919	0.44099	0.18237	0.00501	-0.88618	0.21704	0.99988	0.01547	-0.00009	-0.01547	0.99988	0.00318	0.00014	-0.00318	0.99999		1.07468	6.94430	0.83714	0.02633	-0.08446	3.94255	1.85293	0.99763	-0.06876	0.00147	0.06876	0.99763	0.00046	-0.00150	-0.00036	1.00000	
136	0.68000	0.43104	-13.75616	0.40126	0.18114	0.01116	-0.88496	0.22863	0.99988	0.01544	-0.00019	-0.01544	0.99988	0.00316	0.00024	-0.00316	1.00000		1.04813	6.97824	0.81952	0.03279	-0.08263	3.95183	1.82199	0.99762	-0.06892	0.00144	0.06892	0.99762	0.00057	-0.00148	-0.00047	1.00000	
137	0.68500	0.48219	-13.75485	0.37020	0.17851	0.00616	-0.88829	0.22674	0.99988	0.01550	-0.00011	-0.01550	0.99987	0.00312	0.00016	-0.00311	1.00000		1.04354	7.01259	0.81487	0.03307	-0.08127	3.94444	1.84553	0.99763	-0.06879	0.00142	0.06879	0.99763	0.00058	-0.00145	-0.00048	1.00000	
138	0.69000	0.47976	-13.75195	0.33908	0.17785	0.00441	-0.88782	0.22924	0.99988	0.01549	-0.00008	-0.01549	0.99988	0.00310	0.00013	-0.00310	1.00000		1.06608	7.02325	0.82346	0.03324	-0.08496	3.94130	1.84582	0.99763	-0.06873	0.00148	0.06873	0.99763	0.00058	-0.00152	-0.00048	1.00000	
139	0.69500	0.46105	-13.75942	0.33583	0.17317	0.01242	-0.88379	0.21564	0.99988	0.01542	-0.00022	-0.01542	0.99988	0.00302	0.00026	-0.00302	1.00000		1.04201	7.06398	0.82251	0.03605	-0.08180	3.94223	1.82465	0.99763	-0.06875	0.00143	0.06875	0.99763	0.00063	-0.00147	-0.00053	1.00000	
140	0.70000	0.46490	-13.74605	0.30418	0.17329	0.00984	-0.88636	0.21053	0.99988	0.01547	-0.00017	-0.01547	0.99988	0.00302	0.00022	-0.00302	1.00000		1.05408	7.04814	0.82019	0.03368	-0.08042	3.94374	1.83156	0.99763	-0.06878	0.00140	0.06878	0.99763	0.00059	-0.00144	-0.00049	1.00000	
