NO_OF_FRAMES	12040
NO_OF_CAMERAS	8
NO_OF_BODIES	2
FREQUENCY	200
NO_OF_ANALOG	0
ANALOG_FREQUENCY	0
DESCRIPTION	--
TIME_STAMP	2013-07-05, 10:29:40	179394.89594400
DATA_INCLUDED	6D
BODY_NAMES	Ice 2 V2	Ice 3
Frame	Time	Ice 2 V2 X	Y	Z	Roll	Pitch	Yaw	Residual	Rot[0]	Rot[1]	Rot[2]	Rot[3]	Rot[4]	Rot[5]	Rot[6]	Rot[7]	Rot[8]	Ice 3 X	Y	Z	Roll	Pitch	Yaw	Residual	Rot[0]	Rot[1]	Rot[2]	Rot[3]	Rot[4]	Rot[5]	Rot[6]	Rot[7]	Rot[8]	
1	0.00500	1.49873	-13.76509	0.96154	0.27330	-0.10824	-0.89154	0.23645	0.99988	0.01556	0.00189	-0.01557	0.99987	0.00477	-0.00181	-0.00480	0.99999		1.68682	6.97936	0.82571	0.04664	-0.04342	3.94037	1.94217	0.99764	-0.06872	0.00076	0.06872	0.99764	0.00081	-0.00081	-0.00076	1.00000	
2	0.01000	1.45797	-13.76358	0.97021	0.27400	-0.10637	-0.89026	0.24484	0.99988	0.01554	0.00186	-0.01555	0.99987	0.00478	-0.00178	-0.00481	0.99999		1.72200	6.92593	0.84472	0.03976	-0.04569	3.93543	1.92163	0.99764	-0.06863	0.00080	0.06863	0.99764	0.00069	-0.00084	-0.00064	1.00000	
3	0.01500	1.46248	-13.76450	0.98846	0.27684	-0.10458	-0.88561	0.23896	0.99988	0.01546	0.00183	-0.01546	0.99987	0.00483	-0.00175	-0.00486	0.99999		1.74609	6.91862	0.86305	0.04280	-0.05178	3.93678	1.93153	0.99764	-0.06866	0.00090	0.06865	0.99764	0.00075	-0.00095	-0.00068	1.00000	
4	0.02000	1.43078	-13.78043	1.02076	0.27642	-0.10143	-0.88985	0.23700	0.99988	0.01553	0.00177	-0.01554	0.99987	0.00482	-0.00170	-0.00485	0.99999		1.74941	6.91050	0.88630	0.04365	-0.05442	3.93555	1.94363	0.99764	-0.06863	0.00095	0.06863	0.99764	0.00076	-0.00100	-0.00069	1.00000	
5	0.02500	1.42916	-13.78838	1.02910	0.27652	-0.10149	-0.88888	0.24872	0.99988	0.01551	0.00177	-0.01552	0.99987	0.00483	-0.00170	-0.00485	0.99999		1.75636	6.92617	0.89860	0.04968	-0.05569	3.93826	1.92481	0.99764	-0.06868	0.00097	0.06868	0.99764	0.00087	-0.00103	-0.00080	1.00000	
6	0.03000	1.40567	-13.79965	1.04079	0.27952	-0.09691	-0.89667	0.23591	0.99988	0.01565	0.00169	-0.01566	0.99987	0.00488	-0.00161	-0.00490	0.99999		1.72789	6.90894	0.90299	0.04850	-0.05658	3.93564	1.93026	0.99764	-0.06864	0.00099	0.06863	0.99764	0.00085	-0.00104	-0.00078	1.00000	
7	0.03500	1.40405	-13.80617	1.06006	0.28113	-0.09374	-0.89205	0.23570	0.99988	0.01557	0.00164	-0.01558	0.99987	0.00491	-0.00156	-0.00493	0.99999		1.74445	6.90744	0.91998	0.05326	-0.05971	3.93766	1.94552	0.99764	-0.06867	0.00104	0.06867	0.99764	0.00093	-0.00110	-0.00086	1.00000	
8	0.04000	1.38087	-13.80282	1.08100	0.28248	-0.09224	-0.89350	0.24537	0.99988	0.01559	0.00161	-0.01560	0.99987	0.00493	-0.00153	-0.00495	0.99999		1.75392	6.90439	0.94208	0.05627	-0.06492	3.94049	1.93626	0.99764	-0.06872	0.00113	0.06872	0.99764	0.00098	-0.00120	-0.00090	1.00000	
9	0.04500	1.39355	-13.80487	1.09393	0.28593	-0.08744	-0.89215	0.22795	0.99988	0.01557	0.00153	-0.01558	0.99987	0.00499	-0.00145	-0.00501	0.99999		1.74060	6.88984	0.95272	0.05839	-0.06671	3.94169	1.92418	0.99763	-0.06874	0.00116	0.06874	0.99763	0.00102	-0.00123	-0.00094	1.00000	
10	0.05000	1.36880	-13.80004	1.11158	0.28819	-0.08448	-0.89380	0.26011	0.99988	0.01560	0.00147	-0.01561	0.99987	0.00503	-0.00140	-0.00505	0.99999		1.77728	6.89999	0.97622	0.06047	-0.06937	3.94142	1.93257	0.99763	-0.06874	0.00121	0.06874	0.99763	0.00106	-0.00128	-0.00097	1.00000	
11	0.05500	1.35732	-13.82494	1.13019	0.28615	-0.08272	-0.89015	0.24234	0.99988	0.01554	0.00144	-0.01554	0.99987	0.00499	-0.00137	-0.00502	0.99999		1.73693	6.89202	0.97970	0.06489	-0.07020	3.94147	1.93562	0.99763	-0.06874	0.00123	0.06874	0.99763	0.00113	-0.00130	-0.00105	1.00000	
12	0.06000	1.31962	-13.82173	1.13887	0.28940	-0.07466	-0.89225	0.23522	0.99988	0.01557	0.00130	-0.01558	0.99987	0.00505	-0.00122	-0.00507	0.99999		1.75050	6.88406	1.00326	0.06918	-0.07134	3.94295	1.93800	0.99763	-0.06876	0.00125	0.06876	0.99763	0.00121	-0.00133	-0.00112	1.00000	
13	0.06500	1.30671	-13.81595	1.14657	0.29080	-0.07176	-0.89268	0.24045	0.99988	0.01558	0.00125	-0.01559	0.99987	0.00508	-0.00117	-0.00509	0.99999		1.75272	6.88770	1.00956	0.07060	-0.07347	3.94295	1.93384	0.99763	-0.06876	0.00128	0.06876	0.99763	0.00123	-0.00136	-0.00114	1.00000	
14	0.07000	1.32418	-13.83670	1.15885	0.28785	-0.07238	-0.89233	0.24278	0.99988	0.01557	0.00126	-0.01558	0.99987	0.00502	-0.00118	-0.00504	0.99999		1.74152	6.86590	1.03252	0.07390	-0.07419	3.94432	1.94843	0.99763	-0.06879	0.00129	0.06879	0.99763	0.00129	-0.00138	-0.00120	1.00000	
15	0.07500	1.31501	-13.84046	1.16836	0.29110	-0.06852	-0.89709	0.24436	0.99988	0.01566	0.00120	-0.01566	0.99986	0.00508	-0.00112	-0.00510	0.99999		1.73350	6.87145	1.03874	0.07708	-0.07471	3.94505	1.93943	0.99763	-0.06880	0.00130	0.06880	0.99763	0.00135	-0.00139	-0.00125	1.00000	
16	0.08000	1.30064	-13.83373	1.18546	0.29191	-0.06645	-0.89636	0.24252	0.99988	0.01564	0.00116	-0.01565	0.99986	0.00509	-0.00108	-0.00511	0.99999		1.72998	6.89123	1.05891	0.08303	-0.07565	3.94774	1.95463	0.99763	-0.06885	0.00132	0.06884	0.99763	0.00145	-0.00142	-0.00135	1.00000	
17	0.08500	1.27496	-13.84302	1.19270	0.29203	-0.06215	-0.89994	0.25110	0.99988	0.01571	0.00108	-0.01571	0.99986	0.00510	-0.00100	-0.00511	0.99999		1.74581	6.88791	1.06741	0.08691	-0.07911	3.94480	1.95584	0.99763	-0.06880	0.00138	0.06879	0.99763	0.00152	-0.00148	-0.00142	1.00000	
18	0.09000	1.24184	-13.85024	1.21117	0.29175	-0.05882	-0.89374	0.24273	0.99988	0.01560	0.00103	-0.01560	0.99987	0.00509	-0.00095	-0.00511	0.99999		1.73054	6.87422	1.08220	0.08930	-0.08039	3.94704	1.96311	0.99763	-0.06883	0.00140	0.06883	0.99763	0.00156	-0.00151	-0.00146	1.00000	
19	0.09500	1.23010	-13.85471	1.21305	0.29138	-0.05626	-0.89729	0.24669	0.99988	0.01566	0.00098	-0.01566	0.99986	0.00509	-0.00090	-0.00510	0.99999		1.73221	6.87041	1.08903	0.09325	-0.08132	3.94683	1.96152	0.99763	-0.06883	0.00142	0.06883	0.99763	0.00163	-0.00153	-0.00153	1.00000	
20	0.10000	1.23427	-13.85181	1.21782	0.29271	-0.05133	-0.89564	0.24437	0.99988	0.01563	0.00090	-0.01564	0.99986	0.00511	-0.00082	-0.00512	0.99999		1.72960	6.85161	1.10176	0.09581	-0.07979	3.94974	1.96940	0.99762	-0.06888	0.00139	0.06888	0.99762	0.00167	-0.00150	-0.00157	1.00000	
21	0.10500	1.22128	-13.86249	1.21883	0.29200	-0.04991	-0.89671	0.24475	0.99988	0.01565	0.00087	-0.01565	0.99986	0.00510	-0.00079	-0.00511	0.99999		1.74211	6.86210	1.11906	0.10200	-0.08256	3.94704	1.97078	0.99763	-0.06883	0.00144	0.06883	0.99763	0.00178	-0.00156	-0.00168	1.00000	
22	0.11000	1.23840	-13.85577	1.22910	0.28933	-0.04926	-0.89841	0.24803	0.99988	0.01568	0.00086	-0.01568	0.99986	0.00505	-0.00078	-0.00506	0.99999		1.72828	6.87356	1.12669	0.10703	-0.08367	3.94886	1.97686	0.99762	-0.06887	0.00146	0.06886	0.99762	0.00187	-0.00159	-0.00176	1.00000	
23	0.11500	1.21084	-13.87544	1.23955	0.28831	-0.04496	-0.89669	0.24653	0.99988	0.01565	0.00078	-0.01565	0.99986	0.00503	-0.00071	-0.00504	0.99999		1.70935	6.85712	1.12249	0.11127	-0.08079	3.95820	1.97399	0.99761	-0.06903	0.00141	0.06903	0.99761	0.00194	-0.00154	-0.00184	1.00000	
24	0.12000	1.18877	-14.02515	1.11707	0.25172	-0.04375	-0.88777	0.24353	0.99988	0.01549	0.00076	-0.01550	0.99987	0.00439	-0.00070	-0.00440	0.99999		1.78296	6.76739	1.20319	0.09992	-0.10160	3.95588	1.96968	0.99762	-0.06899	0.00177	0.06899	0.99762	0.00174	-0.00189	-0.00162	1.00000	
25	0.12500	1.19765	-14.03168	1.12346	0.24766	-0.04303	-0.89113	0.23879	0.99988	0.01555	0.00075	-0.01556	0.99987	0.00432	-0.00068	-0.00433	0.99999		1.78881	6.73670	1.20200	0.10201	-0.10195	3.95803	1.95958	0.99761	-0.06903	0.00178	0.06902	0.99761	0.00178	-0.00190	-0.00165	1.00000	
26	0.13000	1.18056	-14.05712	1.12620	0.24167	-0.03841	-0.88630	0.24169	0.99988	0.01547	0.00067	-0.01547	0.99987	0.00422	-0.00060	-0.00423	0.99999		1.80018	6.75477	1.21492	0.10785	-0.10073	3.95513	1.98189	0.99762	-0.06898	0.00176	0.06897	0.99762	0.00188	-0.00188	-0.00176	1.00000	
27	0.13500	1.18645	-14.05052	1.11437	0.24382	-0.03881	-0.88738	0.24377	0.99988	0.01549	0.00068	-0.01549	0.99987	0.00426	-0.00061	-0.00427	0.99999		1.75406	6.73012	1.22062	0.10928	-0.09870	3.96114	1.96876	0.99761	-0.06908	0.00172	0.06908	0.99761	0.00191	-0.00185	-0.00178	1.00000	
28	0.14000	1.16965	-14.03993	1.10958	0.24411	-0.03146	-0.88974	0.23989	0.99988	0.01553	0.00055	-0.01553	0.99987	0.00426	-0.00048	-0.00427	0.99999		1.76089	6.72994	1.22368	0.11497	-0.10196	3.96326	1.98033	0.99761	-0.06912	0.00178	0.06911	0.99761	0.00201	-0.00191	-0.00188	1.00000	
29	0.14500	1.17248	-14.06230	1.11562	0.23808	-0.03209	-0.88369	0.23440	0.99988	0.01542	0.00056	-0.01542	0.99987	0.00416	-0.00050	-0.00416	0.99999		1.77066	6.72901	1.21862	0.12126	-0.10078	3.96540	1.98780	0.99760	-0.06915	0.00176	0.06915	0.99760	0.00212	-0.00190	-0.00199	1.00000	
30	0.15000	1.19008	-14.08192	1.11746	0.23158	-0.03180	-0.88496	0.23521	0.99988	0.01544	0.00056	-0.01545	0.99987	0.00404	-0.00049	-0.00405	0.99999		1.77019	6.73254	1.22662	0.12481	-0.10117	3.96436	1.97295	0.99761	-0.06914	0.00177	0.06913	0.99761	0.00218	-0.00191	-0.00205	1.00000	
31	0.15500	1.15729	-14.07159	1.10119	0.23206	-0.02948	-0.88960	0.24630	0.99988	0.01553	0.00051	-0.01553	0.99987	0.00405	-0.00045	-0.00406	0.99999		1.75766	6.75134	1.21602	0.12944	-0.09898	3.96457	1.99461	0.99761	-0.06914	0.00173	0.06914	0.99760	0.00226	-0.00188	-0.00213	1.00000	
32	0.16000	1.17046	-14.07456	1.09313	0.22832	-0.03220	-0.88457	0.23404	0.99988	0.01544	0.00056	-0.01544	0.99987	0.00399	-0.00050	-0.00399	0.99999		1.70750	6.70866	1.21967	0.13020	-0.09488	3.97187	1.98155	0.99760	-0.06927	0.00166	0.06926	0.99760	0.00227	-0.00181	-0.00215	1.00000	
33	0.16500	1.13026	-14.05811	1.08438	0.22927	-0.02527	-0.88739	0.23657	0.99988	0.01549	0.00044	-0.01549	0.99987	0.00400	-0.00038	-0.00401	0.99999		1.74231	6.72498	1.21315	0.13654	-0.09737	3.97296	1.99182	0.99760	-0.06929	0.00170	0.06928	0.99759	0.00238	-0.00186	-0.00226	1.00000	
34	0.17000	1.16189	-14.08047	1.08194	0.22081	-0.02559	-0.88618	0.22190	0.99988	0.01547	0.00045	-0.01547	0.99987	0.00385	-0.00039	-0.00386	0.99999		1.73735	6.71696	1.21789	0.13970	-0.09725	3.97277	1.99072	0.99760	-0.06928	0.00170	0.06928	0.99759	0.00244	-0.00186	-0.00231	1.00000	
35	0.17500	1.14672	-14.08792	1.06501	0.22052	-0.02324	-0.88371	0.24333	0.99988	0.01542	0.00041	-0.01542	0.99987	0.00385	-0.00035	-0.00385	0.99999		1.73135	6.70076	1.22597	0.14011	-0.09664	3.97381	1.99316	0.99759	-0.06930	0.00169	0.06930	0.99759	0.00245	-0.00185	-0.00232	1.00000	
36	0.18000	1.13607	-14.06878	1.04956	0.21863	-0.02086	-0.88706	0.24749	0.99988	0.01548	0.00036	-0.01548	0.99987	0.00382	-0.00031	-0.00382	0.99999		1.73437	6.71064	1.21739	0.14534	-0.09601	3.97124	1.99822	0.99760	-0.06926	0.00168	0.06925	0.99760	0.00254	-0.00185	-0.00241	1.00000	
37	0.18500	1.13869	-14.08342	1.04232	0.21464	-0.01810	-0.88538	0.24324	0.99988	0.01545	0.00032	-0.01545	0.99987	0.00375	-0.00026	-0.00375	0.99999		1.71970	6.70626	1.20882	0.14781	-0.09039	3.97377	2.00937	0.99759	-0.06930	0.00158	0.06930	0.99759	0.00258	-0.00175	-0.00246	1.00000	
38	0.19000	1.13743	-14.09011	1.03394	0.21046	-0.01834	-0.88496	0.24299	0.99988	0.01544	0.00032	-0.01545	0.99987	0.00367	-0.00026	-0.00368	0.99999		1.71459	6.71008	1.21504	0.14974	-0.09312	3.97231	2.01652	0.99760	-0.06927	0.00163	0.06927	0.99759	0.00261	-0.00180	-0.00249	1.00000	
39	0.19500	1.11890	-14.08548	1.02596	0.20676	-0.01464	-0.88462	0.24320	0.99988	0.01544	0.00026	-0.01544	0.99987	0.00361	-0.00020	-0.00361	0.99999		1.72842	6.69933	1.21852	0.15265	-0.09275	3.97162	2.01117	0.99760	-0.06926	0.00162	0.06926	0.99760	0.00266	-0.00180	-0.00255	1.00000	
40	0.20000	1.14175	-14.08199	1.00497	0.20401	-0.00985	-0.88555	0.23055	0.99988	0.01546	0.00017	-0.01546	0.99987	0.00356	-0.00012	-0.00356	0.99999		1.67045	6.68531	1.20933	0.15532	-0.08535	3.97438	2.02550	0.99759	-0.06931	0.00149	0.06931	0.99759	0.00271	-0.00167	-0.00260	1.00000	
41	0.20500	1.12855	-14.08529	0.98476	0.19893	-0.01456	-0.88452	0.24319	0.99988	0.01544	0.00025	-0.01544	0.99987	0.00347	-0.00020	-0.00348	0.99999		1.67824	6.68353	1.21282	0.15768	-0.08501	3.97662	2.03009	0.99759	-0.06935	0.00148	0.06935	0.99759	0.00275	-0.00167	-0.00264	1.00000	
42	0.21000	1.10733	-14.08141	0.98465	0.19542	-0.00834	-0.88022	0.23086	0.99988	0.01536	0.00015	-0.01536	0.99988	0.00341	-0.00009	-0.00341	0.99999		1.67163	6.70935	1.20614	0.16276	-0.08536	3.97704	2.02586	0.99759	-0.06936	0.00149	0.06935	0.99759	0.00284	-0.00168	-0.00273	0.99999	
43	0.21500	1.06620	-14.05244	0.95213	0.20021	-0.00252	-0.88018	0.24255	0.99988	0.01536	0.00004	-0.01536	0.99988	0.00349	0.00001	-0.00349	0.99999		1.66183	6.70444	1.19904	0.16183	-0.08378	3.97708	2.02598	0.99759	-0.06936	0.00146	0.06935	0.99759	0.00282	-0.00165	-0.00272	0.99999	
44	0.22000	1.07935	-14.06139	0.94344	0.19329	0.00156	-0.88198	0.25205	0.99988	0.01539	-0.00003	-0.01539	0.99988	0.00337	0.00008	-0.00337	0.99999		1.67968	6.68046	1.21196	0.16213	-0.08227	3.97984	2.02063	0.99759	-0.06941	0.00144	0.06940	0.99758	0.00283	-0.00163	-0.00272	0.99999	
45	0.22500	1.07272	-14.06912	0.92627	0.18733	-0.00039	-0.88151	0.23168	0.99988	0.01538	0.00001	-0.01538	0.99988	0.00327	0.00004	-0.00327	0.99999		1.65656	6.68619	1.18899	0.16504	-0.08021	3.97913	2.03381	0.99759	-0.06939	0.00140	0.06939	0.99759	0.00288	-0.00160	-0.00278	0.99999	
46	0.23000	1.08037	-14.07657	0.91477	0.18071	0.00595	-0.88004	0.22578	0.99988	0.01536	-0.00010	-0.01536	0.99988	0.00315	0.00015	-0.00315	1.00000		1.65109	6.67245	1.17895	0.16549	-0.07670	3.97676	2.02936	0.99759	-0.06935	0.00134	0.06935	0.99759	0.00289	-0.00154	-0.00279	0.99999	
47	0.23500	1.06268	-14.04944	0.88744	0.18132	0.00844	-0.87850	0.24664	0.99988	0.01533	-0.00015	-0.01533	0.99988	0.00316	0.00020	-0.00316	0.99999		1.63159	6.67592	1.17466	0.16778	-0.07339	3.98008	2.02884	0.99759	-0.06941	0.00128	0.06941	0.99758	0.00293	-0.00148	-0.00283	0.99999	
48	0.24000	1.06629	-14.06102	0.87612	0.17248	0.00413	-0.88017	0.23643	0.99988	0.01536	-0.00007	-0.01536	0.99988	0.00301	0.00012	-0.00301	1.00000		1.61628	6.68314	1.16629	0.16961	-0.07251	3.98034	2.02473	0.99759	-0.06941	0.00127	0.06941	0.99758	0.00296	-0.00147	-0.00287	0.99999	
49	0.24500	1.07108	-14.08067	0.86575	0.16590	0.00776	-0.87891	0.22661	0.99988	0.01534	-0.00014	-0.01534	0.99988	0.00290	0.00018	-0.00289	1.00000		1.60913	6.67344	1.16297	0.17182	-0.06665	3.98088	2.04320	0.99759	-0.06942	0.00116	0.06942	0.99758	0.00300	-0.00137	-0.00291	0.99999	
50	0.25000	1.04416	-14.06817	0.84948	0.16427	0.00992	-0.87753	0.25968	0.99988	0.01532	-0.00017	-0.01531	0.99988	0.00287	0.00022	-0.00286	1.00000		1.61758	6.69156	1.15910	0.17491	-0.06777	3.98066	2.05671	0.99759	-0.06942	0.00118	0.06942	0.99758	0.00305	-0.00139	-0.00296	0.99999	
51	0.25500	1.01788	-14.05038	0.81962	0.16339	0.01811	-0.88112	0.26279	0.99988	0.01538	-0.00032	-0.01538	0.99988	0.00285	0.00036	-0.00285	1.00000		1.61323	6.66465	1.14447	0.17188	-0.06430	3.98008	2.05505	0.99759	-0.06941	0.00112	0.06941	0.99758	0.00300	-0.00133	-0.00291	0.99999	
52	0.26000	1.02788	-14.02779	0.79765	0.16042	0.01839	-0.87892	0.26583	0.99988	0.01534	-0.00032	-0.01534	0.99988	0.00280	0.00036	-0.00279	1.00000		1.59692	6.67101	1.14202	0.17336	-0.06330	3.97883	2.06647	0.99759	-0.06939	0.00110	0.06938	0.99759	0.00303	-0.00131	-0.00294	0.99999	
53	0.26500	0.99485	-14.01709	0.78108	0.15785	0.02404	-0.88180	0.25224	0.99988	0.01539	-0.00042	-0.01539	0.99988	0.00276	0.00046	-0.00275	1.00000		1.57454	6.67612	1.11825	0.17482	-0.05778	3.97965	2.07225	0.99759	-0.06940	0.00101	0.06940	0.99758	0.00305	-0.00122	-0.00297	0.99999	
54	0.27000	1.01669	-14.01846	0.75605	0.15526	0.02418	-0.87915	0.24121	0.99988	0.01534	-0.00042	-0.01534	0.99988	0.00271	0.00046	-0.00270	1.00000		1.57732	6.65598	1.09930	0.17316	-0.05530	3.98113	2.04814	0.99759	-0.06943	0.00097	0.06942	0.99758	0.00302	-0.00117	-0.00295	0.99999	
55	0.27500	1.03312	-14.03032	0.73264	0.14651	0.01920	-0.87408	0.25980	0.99988	0.01526	-0.00034	-0.01525	0.99988	0.00256	0.00037	-0.00255	1.00000		1.55205	6.66878	1.09258	0.17411	-0.05269	3.97972	2.04528	0.99759	-0.06940	0.00092	0.06940	0.99758	0.00304	-0.00113	-0.00297	0.99999	
56	0.28000	1.02000	-14.01554	0.70729	0.14607	0.02164	-0.88021	0.24651	0.99988	0.01536	-0.00038	-0.01536	0.99988	0.00255	0.00042	-0.00254	1.00000		1.57233	6.67106	1.08858	0.17580	-0.05085	3.98261	2.05714	0.99758	-0.06945	0.00089	0.06945	0.99758	0.00307	-0.00110	-0.00300	0.99999	
57	0.28500	1.04750	-14.00924	0.67752	0.14187	0.01880	-0.87730	0.25182	0.99988	0.01531	-0.00033	-0.01531	0.99988	0.00248	0.00037	-0.00247	1.00000		1.55452	6.66952	1.07079	0.17419	-0.04629	3.97914	2.06563	0.99759	-0.06939	0.00081	0.06939	0.99758	0.00304	-0.00102	-0.00298	1.00000	
58	0.29000	1.03398	-14.00400	0.65715	0.13755	0.02409	-0.87715	0.25695	0.99988	0.01531	-0.00042	-0.01531	0.99988	0.00240	0.00046	-0.00239	1.00000		1.56668	6.66175	1.05609	0.17233	-0.04656	3.98000	2.06768	0.99759	-0.06941	0.00081	0.06941	0.99758	0.00301	-0.00102	-0.00294	1.00000	
59	0.29500	1.02404	-13.98874	0.63278	0.13518	0.02361	-0.87862	0.24048	0.99988	0.01533	-0.00041	-0.01533	0.99988	0.00236	0.00045	-0.00235	1.00000		1.54296	6.65610	1.04933	0.17113	-0.04266	3.98017	2.06783	0.99759	-0.06941	0.00074	0.06941	0.99758	0.00299	-0.00095	-0.00293	1.00000	
60	0.30000	1.04793	-14.02177	0.61566	0.12341	0.02025	-0.87318	0.26007	0.99988	0.01524	-0.00035	-0.01524	0.99988	0.00215	0.00039	-0.00215	1.00000		1.55740	6.65808	1.03794	0.17133	-0.04293	3.98391	2.07360	0.99758	-0.06948	0.00075	0.06947	0.99758	0.00299	-0.00096	-0.00293	1.00000	
61	0.30500	1.04361	-14.00617	0.58854	0.12264	0.02066	-0.87687	0.23736	0.99988	0.01530	-0.00036	-0.01530	0.99988	0.00214	0.00039	-0.00213	1.00000		1.52661	6.65505	1.03332	0.16882	-0.03451	3.98340	2.04960	0.99758	-0.06947	0.00060	0.06947	0.99758	0.00295	-0.00081	-0.00290	1.00000	
62	0.31000	1.07575	-13.99895	0.56751	0.11810	0.01567	-0.87387	0.26582	0.99988	0.01525	-0.00027	-0.01525	0.99988	0.00206	0.00030	-0.00206	1.00000		1.49502	6.63923	1.00896	0.16573	-0.02948	3.98245	2.05216	0.99759	-0.06945	0.00051	0.06945	0.99758	0.00289	-0.00071	-0.00285	1.00000	
63	0.31500	1.01381	-13.98368	0.53739	0.12014	0.02118	-0.87829	0.25092	0.99988	0.01533	-0.00037	-0.01533	0.99988	0.00210	0.00040	-0.00209	1.00000		1.52053	6.64956	0.98051	0.16464	-0.02648	3.98243	2.05317	0.99759	-0.06945	0.00046	0.06945	0.99758	0.00287	-0.00066	-0.00283	1.00000	
64	0.32000	1.03567	-13.98328	0.53148	0.11192	0.02301	-0.87475	0.24289	0.99988	0.01527	-0.00040	-0.01527	0.99988	0.00195	0.00043	-0.00195	1.00000		1.50189	6.63946	0.98297	0.16185	-0.02841	3.98092	2.07296	0.99759	-0.06942	0.00050	0.06942	0.99758	0.00282	-0.00069	-0.00278	1.00000	
65	0.32500	1.03872	-13.98441	0.49565	0.10802	0.02039	-0.87296	0.24537	0.99988	0.01524	-0.00036	-0.01523	0.99988	0.00189	0.00038	-0.00188	1.00000		1.47902	6.64579	0.96141	0.16066	-0.02240	3.98397	2.05994	0.99758	-0.06948	0.00039	0.06948	0.99758	0.00280	-0.00058	-0.00277	1.00000	
66	0.33000	1.02346	-13.95777	0.46740	0.11110	0.02268	-0.87238	0.24978	0.99988	0.01523	-0.00040	-0.01522	0.99988	0.00194	0.00043	-0.00193	1.00000		1.48065	6.63565	0.95443	0.15760	-0.01920	3.98537	2.05272	0.99758	-0.06950	0.00034	0.06950	0.99758	0.00275	-0.00053	-0.00272	1.00000	
67	0.33500	1.02466	-13.96230	0.46915	0.10691	0.02482	-0.87260	0.24836	0.99988	0.01523	-0.00043	-0.01523	0.99988	0.00187	0.00046	-0.00186	1.00000		1.46586	6.64497	0.93258	0.15701	-0.01678	3.98123	2.05611	0.99759	-0.06943	0.00029	0.06943	0.99758	0.00274	-0.00048	-0.00271	1.00000	
68	0.34000	1.06928	-13.97425	0.43214	0.09840	0.01260	-0.87296	0.26341	0.99988	0.01524	-0.00022	-0.01524	0.99988	0.00172	0.00025	-0.00171	1.00000		1.44552	6.63235	0.91575	0.15263	-0.01141	3.98396	2.04299	0.99758	-0.06948	0.00020	0.06948	0.99758	0.00266	-0.00038	-0.00264	1.00000	
69	0.34500	1.07979	-13.94729	0.41829	0.10012	0.01488	-0.87324	0.25282	0.99988	0.01524	-0.00026	-0.01524	0.99988	0.00175	0.00029	-0.00174	1.00000		1.41683	6.64203	0.88545	0.14892	-0.00617	3.98003	2.06317	0.99759	-0.06941	0.00011	0.06941	0.99758	0.00260	-0.00029	-0.00259	1.00000	
70	0.35000	1.08532	-13.96483	0.39347	0.09435	0.01010	-0.87402	0.26124	0.99988	0.01525	-0.00018	-0.01525	0.99988	0.00165	0.00020	-0.00164	1.00000		1.46875	6.63354	0.88947	0.14709	-0.00758	3.98526	2.05852	0.99758	-0.06950	0.00013	0.06950	0.99758	0.00257	-0.00031	-0.00255	1.00000	
71	0.35500	1.06597	-13.92826	0.35786	0.09730	0.01408	-0.87054	0.24797	0.99988	0.01519	-0.00025	-0.01519	0.99988	0.00170	0.00027	-0.00169	1.00000		1.42105	6.64898	0.87247	0.14524	-0.00431	3.98444	2.02937	0.99758	-0.06949	0.00008	0.06949	0.99758	0.00253	-0.00025	-0.00252	1.00000	
72	0.36000	1.09372	-13.94415	0.36313	0.09234	0.01189	-0.87681	0.24206	0.99988	0.01530	-0.00021	-0.01530	0.99988	0.00161	0.00023	-0.00161	1.00000		1.42299	6.61578	0.85991	0.13701	0.00016	3.98142	2.04418	0.99759	-0.06943	-0.00000	0.06943	0.99758	0.00239	-0.00016	-0.00239	1.00000	
73	0.36500	1.09789	-13.94138	0.32432	0.08835	0.00804	-0.87213	0.26490	0.99988	0.01522	-0.00014	-0.01522	0.99988	0.00154	0.00016	-0.00154	1.00000		1.43550	6.62131	0.84425	0.13688	0.00189	3.98431	2.03466	0.99758	-0.06948	-0.00003	0.06948	0.99758	0.00239	-0.00013	-0.00239	1.00000	
74	0.37000	1.06422	-13.91124	0.29901	0.08977	0.01005	-0.87116	0.25606	0.99988	0.01520	-0.00018	-0.01520	0.99988	0.00157	0.00020	-0.00156	1.00000		1.39603	6.62741	0.82620	0.13171	0.00393	3.98102	2.03856	0.99759	-0.06943	-0.00007	0.06943	0.99758	0.00230	-0.00009	-0.00230	1.00000	
75	0.37500	1.07332	-13.92370	0.28530	0.08680	0.00796	-0.87053	0.25501	0.99988	0.01519	-0.00014	-0.01519	0.99988	0.00151	0.00016	-0.00151	1.00000		1.42171	6.63257	0.82453	0.12833	0.00710	3.98214	2.03820	0.99759	-0.06945	-0.00012	0.06945	0.99758	0.00224	-0.00003	-0.00224	1.00000	
76	0.38000	1.10219	-13.93610	0.25835	0.08057	-0.00140	-0.87386	0.25111	0.99988	0.01525	0.00002	-0.01525	0.99988	0.00141	-0.00000	-0.00141	1.00000		1.40572	6.61419	0.79634	0.12289	0.01151	3.98311	2.02538	0.99758	-0.06946	-0.00020	0.06946	0.99758	0.00214	0.00005	-0.00215	1.00000	
77	0.38500	1.07912	-13.93538	0.25927	0.07733	0.00232	-0.87123	0.24672	0.99988	0.01521	-0.00004	-0.01521	0.99988	0.00135	0.00006	-0.00135	1.00000		1.37288	6.62669	0.78381	0.11973	0.01420	3.98035	2.03506	0.99759	-0.06941	-0.00025	0.06941	0.99759	0.00209	0.00010	-0.00210	1.00000	
78	0.39000	1.11029	-13.92766	0.23799	0.07888	-0.00040	-0.87053	0.23240	0.99988	0.01519	0.00001	-0.01519	0.99988	0.00138	0.00001	-0.00138	1.00000		1.37856	6.63301	0.77107	0.11712	0.01526	3.98111	2.00799	0.99759	-0.06943	-0.00027	0.06943	0.99758	0.00204	0.00012	-0.00206	1.00000	
79	0.39500	1.10612	-13.87946	0.20852	0.08456	-0.00465	-0.87015	0.26004	0.99988	0.01519	0.00008	-0.01519	0.99988	0.00148	-0.00006	-0.00148	1.00000		1.41204	6.63421	0.75891	0.11248	0.01555	3.98293	1.99905	0.99758	-0.06946	-0.00027	0.06946	0.99758	0.00196	0.00013	-0.00198	1.00000	
80	0.40000	1.14260	-13.90942	0.20734	0.07912	-0.00745	-0.87472	0.24179	0.99988	0.01527	0.00013	-0.01527	0.99988	0.00138	-0.00011	-0.00138	1.00000		1.35240	6.62340	0.73580	0.10615	0.02078	3.98270	2.00274	0.99759	-0.06946	-0.00036	0.06946	0.99758	0.00185	0.00023	-0.00187	1.00000	
81	0.40500	1.09953	-13.88021	0.18105	0.08360	-0.00459	-0.86982	0.24709	0.99988	0.01518	0.00008	-0.01518	0.99988	0.00146	-0.00006	-0.00146	1.00000		1.42295	6.65112	0.73783	0.10479	0.01985	3.97691	2.01474	0.99759	-0.06935	-0.00035	0.06936	0.99759	0.00183	0.00022	-0.00185	1.00000	
82	0.41000	1.13242	-13.89549	0.17765	0.07749	-0.00884	-0.87162	0.23540	0.99988	0.01521	0.00015	-0.01521	0.99988	0.00135	-0.00013	-0.00135	1.00000		1.38584	6.64684	0.70988	0.09987	0.02470	3.97757	1.99295	0.99759	-0.06937	-0.00043	0.06937	0.99759	0.00174	0.00031	-0.00177	1.00000	
83	0.41500	1.12848	-13.90141	0.15951	0.07779	-0.01489	-0.87687	0.24065	0.99988	0.01530	0.00026	-0.01530	0.99988	0.00136	-0.00024	-0.00136	1.00000		1.42662	6.67702	0.70559	0.09632	0.02396	3.97187	2.00980	0.99760	-0.06927	-0.00042	0.06927	0.99760	0.00168	0.00030	-0.00171	1.00000	
84	0.42000	1.13137	-13.85859	0.12197	0.08355	-0.01609	-0.86886	0.26061	0.99988	0.01516	0.00028	-0.01516	0.99988	0.00146	-0.00026	-0.00146	1.00000		1.39173	6.64671	0.68297	0.08784	0.02637	3.97236	1.98335	0.99760	-0.06928	-0.00046	0.06928	0.99760	0.00153	0.00035	-0.00156	1.00000	
85	0.42500	1.16036	-13.87293	0.13518	0.07784	-0.02413	-0.87353	0.25390	0.99988	0.01525	0.00042	-0.01525	0.99988	0.00136	-0.00040	-0.00136	1.00000		1.41574	6.65387	0.66226	0.08444	0.02605	3.96997	1.97587	0.99760	-0.06923	-0.00045	0.06923	0.99760	0.00147	0.00035	-0.00150	1.00000	
86	0.43000	1.12889	-13.84182	0.10773	0.08680	-0.01898	-0.87724	0.25164	0.99988	0.01531	0.00033	-0.01531	0.99988	0.00151	-0.00031	-0.00152	1.00000		1.39203	6.64931	0.65606	0.07867	0.03059	3.96879	1.99276	0.99760	-0.06921	-0.00053	0.06921	0.99760	0.00137	0.00044	-0.00141	1.00000	
87	0.43500	1.14649	-13.83721	0.08760	0.08517	-0.02261	-0.87435	0.24144	0.99988	0.01526	0.00039	-0.01526	0.99988	0.00149	-0.00037	-0.00149	1.00000		1.38081	6.68041	0.65817	0.07867	0.03191	3.97130	1.98693	0.99760	-0.06926	-0.00056	0.06926	0.99760	0.00137	0.00046	-0.00141	1.00000	
88	0.44000	1.13564	-13.85881	0.10384	0.08061	-0.02778	-0.87391	0.24056	0.99988	0.01525	0.00048	-0.01525	0.99988	0.00141	-0.00046	-0.00141	1.00000		1.41048	6.66492	0.64848	0.07230	0.02866	3.96876	1.97481	0.99760	-0.06921	-0.00050	0.06921	0.99760	0.00126	0.00041	-0.00129	1.00000	
89	0.44500	1.20092	-13.86566	0.08582	0.08028	-0.03598	-0.87478	0.25591	0.99988	0.01527	0.00063	-0.01527	0.99988	0.00140	-0.00061	-0.00141	1.00000		1.44951	6.68987	0.64546	0.06725	0.03001	3.96453	1.98042	0.99761	-0.06914	-0.00052	0.06914	0.99761	0.00117	0.00044	-0.00121	1.00000	
90	0.45000	1.17099	-13.84534	0.07251	0.08039	-0.03769	-0.87514	0.25110	0.99988	0.01527	0.00066	-0.01527	0.99988	0.00140	-0.00064	-0.00141	1.00000		1.42685	6.69082	0.62260	0.06235	0.03415	3.96258	1.96496	0.99761	-0.06911	-0.00060	0.06911	0.99761	0.00109	0.00052	-0.00113	1.00000	
91	0.45500	1.17286	-13.83725	0.05794	0.08422	-0.03909	-0.87699	0.24786	0.99988	0.01531	0.00068	-0.01531	0.99988	0.00147	-0.00066	-0.00148	1.00000		1.45121	6.68343	0.61121	0.05870	0.03172	3.95918	1.96997	0.99761	-0.06905	-0.00055	0.06905	0.99761	0.00102	0.00048	-0.00106	1.00000	
92	0.46000	1.19103	-13.84074	0.05177	0.08681	-0.04543	-0.87744	0.26640	0.99988	0.01531	0.00079	-0.01531	0.99988	0.00152	-0.00077	-0.00153	1.00000		1.43564	6.68955	0.60705	0.05275	0.03363	3.96023	1.96362	0.99761	-0.06906	-0.00059	0.06906	0.99761	0.00092	0.00052	-0.00096	1.00000	
93	0.46500	1.19711	-13.84586	0.03680	0.08206	-0.04455	-0.87618	0.23987	0.99988	0.01529	0.00078	-0.01529	0.99988	0.00143	-0.00076	-0.00144	1.00000		1.42450	6.69870	0.59539	0.04972	0.03617	3.96195	1.94351	0.99761	-0.06909	-0.00063	0.06909	0.99761	0.00087	0.00057	-0.00091	1.00000	
94	0.47000	1.17731	-13.82473	0.02422	0.08956	-0.04727	-0.87481	0.25706	0.99988	0.01527	0.00082	-0.01527	0.99988	0.00156	-0.00080	-0.00158	1.00000		1.44087	6.69929	0.59614	0.04449	0.03563	3.96029	1.94986	0.99761	-0.06906	-0.00062	0.06907	0.99761	0.00078	0.00057	-0.00082	1.00000	
95	0.47500	1.18221	-13.82166	0.00909	0.09169	-0.05185	-0.88122	0.26295	0.99988	0.01538	0.00090	-0.01538	0.99988	0.00160	-0.00088	-0.00161	1.00000		1.42057	6.72147	0.57430	0.04177	0.03672	3.95983	1.95503	0.99761	-0.06906	-0.00064	0.06906	0.99761	0.00073	0.00059	-0.00077	1.00000	
96	0.48000	1.18028	-13.84219	0.02180	0.08879	-0.05172	-0.87918	0.25910	0.99988	0.01534	0.00090	-0.01535	0.99988	0.00155	-0.00088	-0.00156	1.00000		1.41699	6.72933	0.56131	0.03820	0.03767	3.95776	1.93961	0.99762	-0.06902	-0.00066	0.06902	0.99761	0.00067	0.00061	-0.00071	1.00000	
97	0.48500	1.19319	-13.82328	0.00122	0.09236	-0.05949	-0.87796	0.23963	0.99988	0.01532	0.00104	-0.01532	0.99988	0.00161	-0.00101	-0.00163	1.00000		1.42348	6.71646	0.55855	0.03137	0.03688	3.95596	1.94151	0.99762	-0.06899	-0.00064	0.06899	0.99762	0.00055	0.00060	-0.00059	1.00000	
98	0.49000	1.20518	-13.81725	0.00709	0.09359	-0.06217	-0.87781	0.23979	0.99988	0.01532	0.00109	-0.01532	0.99988	0.00163	-0.00106	-0.00165	1.00000		1.44752	6.72837	0.54462	0.03013	0.03530	3.95921	1.92433	0.99761	-0.06905	-0.00062	0.06905	0.99761	0.00053	0.00058	-0.00057	1.00000	
99	0.49500	1.21836	-13.84504	0.01373	0.08990	-0.06930	-0.87974	0.23719	0.99988	0.01535	0.00121	-0.01536	0.99988	0.00157	-0.00119	-0.00159	1.00000		1.42760	6.71120	0.54506	0.02324	0.03492	3.95264	1.91892	0.99762	-0.06893	-0.00061	0.06893	0.99762	0.00041	0.00058	-0.00045	1.00000	
100	0.50000	1.24922	-13.84956	0.00731	0.08937	-0.07496	-0.87925	0.24862	0.99988	0.01535	0.00131	-0.01535	0.99988	0.00156	-0.00128	-0.00158	1.00000		1.42840	6.74734	0.53999	0.02184	0.03626	3.95481	1.91462	0.99762	-0.06897	-0.00063	0.06897	0.99762	0.00038	0.00061	-0.00042	1.00000	
101	0.50500	1.23987	-13.81432	-0.00663	0.09803	-0.07174	-0.87987	0.25439	0.99988	0.01536	0.00125	-0.01536	0.99988	0.00171	-0.00123	-0.00173	1.00000		1.43202	6.74013	0.52491	0.01533	0.03794	3.95480	1.92016	0.99762	-0.06897	-0.00066	0.06897	0.99762	0.00027	0.00064	-0.00031	1.00000	
102	0.51000	1.20884	-13.81908	0.00099	0.09849	-0.07053	-0.87973	0.25404	0.99988	0.01535	0.00123	-0.01536	0.99988	0.00172	-0.00120	-0.00174	1.00000		1.42087	6.74974	0.52918	0.01424	0.03486	3.95222	1.90593	0.99762	-0.06892	-0.00061	0.06892	0.99762	0.00025	0.00059	-0.00029	1.00000	
103	0.51500	1.27357	-13.83673	0.00405	0.09562	-0.08622	-0.87807	0.25281	0.99988	0.01532	0.00150	-0.01533	0.99988	0.00167	-0.00148	-0.00169	1.00000		1.42224	6.76538	0.51315	0.01069	0.03549	3.95177	1.90608	0.99762	-0.06892	-0.00062	0.06892	0.99762	0.00019	0.00061	-0.00023	1.00000	
104	0.52000	1.26212	-13.80723	-0.00417	0.10496	-0.07973	-0.88202	0.23078	0.99988	0.01539	0.00139	-0.01540	0.99988	0.00183	-0.00136	-0.00185	1.00000		1.41448	6.74165	0.50371	0.00338	0.03673	3.95004	1.89182	0.99762	-0.06889	-0.00064	0.06889	0.99762	0.00006	0.00064	-0.00010	1.00000	
105	0.52500	1.25138	-13.83177	0.01420	0.10109	-0.08725	-0.88315	0.24091	0.99988	0.01541	0.00152	-0.01542	0.99988	0.00176	-0.00150	-0.00179	1.00000		1.41897	6.75381	0.51105	0.00029	0.03528	3.95199	1.89847	0.99762	-0.06892	-0.00062	0.06892	0.99762	0.00001	0.00061	-0.00005	1.00000	
106	0.53000	1.27121	-13.81943	0.01887	0.10448	-0.08909	-0.87876	0.24206	0.99988	0.01534	0.00155	-0.01534	0.99988	0.00182	-0.00153	-0.00185	1.00000		1.42055	6.76566	0.49801	-0.00188	0.03696	3.94879	1.88907	0.99763	-0.06886	-0.00065	0.06886	0.99763	-0.00003	0.00065	-0.00001	1.00000	
107	0.53500	1.27790	-13.82496	0.02075	0.10622	-0.09269	-0.87696	0.21922	0.99988	0.01531	0.00162	-0.01531	0.99988	0.00185	-0.00159	-0.00188	1.00000		1.41561	6.75874	0.49800	-0.00590	0.03486	3.95163	1.87282	0.99762	-0.06891	-0.00061	0.06891	0.99762	-0.00010	0.00061	0.00006	1.00000	
108	0.54000	1.30987	-13.82837	0.00927	0.10699	-0.09903	-0.88383	0.23121	0.99988	0.01543	0.00173	-0.01543	0.99988	0.00187	-0.00170	-0.00189	1.00000		1.41276	6.76816	0.50075	-0.00945	0.03234	3.94686	1.88310	0.99763	-0.06883	-0.00056	0.06883	0.99763	-0.00016	0.00057	0.00013	1.00000	
109	0.54500	1.30157	-13.82823	0.01604	0.10803	-0.10197	-0.87798	0.24135	0.99988	0.01532	0.00178	-0.01533	0.99988	0.00189	-0.00175	-0.00191	1.00000		1.41909	6.76386	0.48183	-0.01466	0.03182	3.94686	1.88430	0.99763	-0.06883	-0.00056	0.06883	0.99763	-0.00026	0.00057	0.00022	1.00000	
110	0.55000	1.28217	-13.82575	0.03540	0.11299	-0.09888	-0.88135	0.22488	0.99988	0.01538	0.00173	-0.01539	0.99988	0.00197	-0.00170	-0.00200	1.00000		1.41860	6.76387	0.48354	-0.01610	0.03218	3.94805	1.88245	0.99763	-0.06885	-0.00056	0.06885	0.99763	-0.00028	0.00058	0.00024	1.00000	
111	0.55500	1.30344	-13.81963	0.03560	0.11360	-0.10454	-0.88014	0.22685	0.99988	0.01536	0.00182	-0.01536	0.99988	0.00198	-0.00179	-0.00201	1.00000		1.39502	6.77639	0.48689	-0.01886	0.03333	3.94832	1.85491	0.99763	-0.06886	-0.00058	0.06886	0.99763	-0.00033	0.00060	0.00029	1.00000	
112	0.56000	1.32209	-13.82473	0.03809	0.11870	-0.10602	-0.88187	0.23346	0.99988	0.01539	0.00185	-0.01539	0.99988	0.00207	-0.00182	-0.00210	1.00000		1.38823	6.78073	0.47932	-0.02169	0.03117	3.94401	1.86653	0.99763	-0.06878	-0.00054	0.06878	0.99763	-0.00038	0.00057	0.00034	1.00000	
113	0.56500	1.30761	-13.81465	0.04000	0.12061	-0.10776	-0.88195	0.24108	0.99988	0.01539	0.00188	-0.01540	0.99988	0.00211	-0.00185	-0.00213	1.00000		1.39852	6.78407	0.47299	-0.02394	0.03001	3.94571	1.86061	0.99763	-0.06881	-0.00052	0.06881	0.99763	-0.00042	0.00055	0.00038	1.00000	
114	0.57000	1.30820	-13.81861	0.05641	0.12232	-0.11221	-0.88468	0.24332	0.99988	0.01544	0.00196	-0.01544	0.99988	0.00213	-0.00193	-0.00216	1.00000		1.40011	6.79883	0.47179	-0.02630	0.03027	3.94303	1.86519	0.99763	-0.06876	-0.00053	0.06876	0.99763	-0.00046	0.00056	0.00042	1.00000	
115	0.57500	1.35501	-13.83303	0.07011	0.12512	-0.11566	-0.88532	0.23944	0.99988	0.01545	0.00202	-0.01546	0.99988	0.00218	-0.00198	-0.00221	1.00000		1.42580	6.80557	0.47507	-0.02640	0.02621	3.94347	1.86132	0.99763	-0.06877	-0.00046	0.06877	0.99763	-0.00046	0.00049	0.00043	1.00000	
116	0.58000	1.31863	-13.80891	0.06370	0.13212	-0.11157	-0.88017	0.23186	0.99988	0.01536	0.00195	-0.01537	0.99988	0.00231	-0.00191	-0.00234	1.00000		1.40445	6.79293	0.47448	-0.02955	0.02464	3.94302	1.84764	0.99763	-0.06876	-0.00043	0.06876	0.99763	-0.00052	0.00046	0.00048	1.00000	
117	0.58500	1.32198	-13.82119	0.08637	0.12983	-0.11696	-0.88479	0.24267	0.99988	0.01544	0.00204	-0.01545	0.99988	0.00227	-0.00201	-0.00230	1.00000		1.37590	6.82393	0.47552	-0.02861	0.02840	3.94236	1.84175	0.99763	-0.06875	-0.00050	0.06875	0.99763	-0.00050	0.00053	0.00046	1.00000	
118	0.59000	1.34397	-13.81742	0.09469	0.13328	-0.12022	-0.88184	0.23229	0.99988	0.01539	0.00210	-0.01540	0.99988	0.00233	-0.00206	-0.00236	1.00000		1.39280	6.80096	0.47283	-0.03175	0.02681	3.94004	1.84919	0.99764	-0.06871	-0.00047	0.06871	0.99764	-0.00055	0.00050	0.00052	1.00000	
119	0.59500	1.36480	-13.82707	0.10656	0.13563	-0.12077	-0.88258	0.22066	0.99988	0.01540	0.00211	-0.01541	0.99988	0.00237	-0.00207	-0.00240	0.99999		1.38541	6.82263	0.47749	-0.03194	0.02375	3.94079	1.84994	0.99764	-0.06873	-0.00041	0.06873	0.99764	-0.00056	0.00045	0.00053	1.00000	
120	0.60000	1.30174	-13.81701	0.11074	0.14150	-0.11328	-0.88346	0.22136	0.99988	0.01542	0.00198	-0.01542	0.99988	0.00247	-0.00194	-0.00250	1.00000		1.40249	6.82224	0.47946	-0.03201	0.02076	3.93894	1.85049	0.99764	-0.06869	-0.00036	0.06869	0.99764	-0.00056	0.00040	0.00053	1.00000	
121	0.60500	1.34185	-13.82725	0.12402	0.14089	-0.11921	-0.88450	0.22585	0.99988	0.01544	0.00208	-0.01544	0.99988	0.00246	-0.00204	-0.00249	0.99999		1.39643	6.82813	0.48789	-0.03375	0.02018	3.93579	1.84775	0.99764	-0.06864	-0.00035	0.06864	0.99764	-0.00059	0.00039	0.00056	1.00000	
122	0.61000	1.35712	-13.82433	0.14569	0.14201	-0.12602	-0.88540	0.23200	0.99988	0.01545	0.00220	-0.01546	0.99988	0.00248	-0.00216	-0.00251	0.99999		1.39193	6.81705	0.49476	-0.03532	0.01765	3.93870	1.85525	0.99764	-0.06869	-0.00031	0.06869	0.99764	-0.00062	0.00035	0.00059	1.00000	
123	0.61500	1.32320	-13.82221	0.14503	0.14797	-0.12030	-0.88279	0.21985	0.99988	0.01541	0.00210	-0.01541	0.99988	0.00258	-0.00206	-0.00261	0.99999		1.39018	6.84039	0.48790	-0.03402	0.01655	3.93617	1.83027	0.99764	-0.06865	-0.00029	0.06864	0.99764	-0.00059	0.00033	0.00057	1.00000	
124	0.62000	1.36027	-13.80399	0.15845	0.15199	-0.12616	-0.87494	0.24958	0.99988	0.01527	0.00220	-0.01528	0.99988	0.00265	-0.00216	-0.00269	0.99999		1.40802	6.81242	0.48318	-0.03654	0.01335	3.94000	1.82673	0.99764	-0.06871	-0.00023	0.06871	0.99764	-0.00064	0.00028	0.00062	1.00000	
125	0.62500	1.36706	-13.81443	0.16782	0.15639	-0.12655	-0.88521	0.22277	0.99988	0.01545	0.00221	-0.01546	0.99988	0.00273	-0.00217	-0.00276	0.99999		1.38316	6.84814	0.48906	-0.03388	0.01149	3.94003	1.82591	0.99764	-0.06871	-0.00020	0.06871	0.99764	-0.00059	0.00024	0.00058	1.00000	
126	0.63000	1.33984	-13.83782	0.19918	0.15374	-0.12816	-0.88462	0.22101	0.99988	0.01544	0.00224	-0.01544	0.99988	0.00268	-0.00220	-0.00272	0.99999		1.39510	6.84607	0.50036	-0.03265	0.01264	3.93922	1.83772	0.99764	-0.06870	-0.00022	0.06870	0.99764	-0.00057	0.00026	0.00055	1.00000	
127	0.63500	1.37534	-13.81774	0.20364	0.16124	-0.12976	-0.88239	0.24289	0.99988	0.01540	0.00226	-0.01541	0.99988	0.00281	-0.00222	-0.00285	0.99999		1.39412	6.84693	0.50207	-0.03193	0.01102	3.93771	1.84889	0.99764	-0.06867	-0.00019	0.06867	0.99764	-0.00056	0.00023	0.00054	1.00000	
128	0.64000	1.37390	-13.83759	0.23276	0.15871	-0.13053	-0.88404	0.22065	0.99988	0.01543	0.00228	-0.01544	0.99988	0.00277	-0.00224	-0.00280	0.99999		1.38729	6.84916	0.51543	-0.03233	0.00725	3.93840	1.83274	0.99764	-0.06868	-0.00013	0.06868	0.99764	-0.00056	0.00016	0.00055	1.00000	
129	0.64500	1.36537	-13.83451	0.23991	0.16461	-0.12798	-0.88614	0.21278	0.99988	0.01547	0.00223	-0.01547	0.99988	0.00287	-0.00219	-0.00291	0.99999		1.38270	6.85373	0.50707	-0.02894	0.00623	3.94156	1.82782	0.99763	-0.06874	-0.00011	0.06874	0.99763	-0.00051	0.00014	0.00050	1.00000	
130	0.65000	1.39007	-13.85132	0.27007	0.16212	-0.13411	-0.88223	0.23827	0.99988	0.01540	0.00234	-0.01540	0.99988	0.00283	-0.00230	-0.00287	0.99999		1.42590	6.85324	0.51226	-0.02812	0.00382	3.93908	1.83746	0.99764	-0.06870	-0.00007	0.06870	0.99764	-0.00049	0.00010	0.00049	1.00000	
131	0.65500	1.34322	-13.82129	0.26503	0.17179	-0.12990	-0.87882	0.21099	0.99988	0.01534	0.00227	-0.01534	0.99988	0.00300	-0.00222	-0.00303	0.99999		1.41329	6.86492	0.52562	-0.02502	-0.00114	3.93633	1.82419	0.99764	-0.06865	0.00002	0.06865	0.99764	-0.00044	0.00001	0.00044	1.00000	
132	0.66000	1.38662	-13.85785	0.30051	0.16847	-0.13555	-0.88208	0.23734	0.99988	0.01539	0.00237	-0.01540	0.99988	0.00294	-0.00232	-0.00298	0.99999		1.39965	6.86773	0.51786	-0.02410	-0.00065	3.93497	1.83535	0.99764	-0.06862	0.00001	0.06862	0.99764	-0.00042	0.00002	0.00042	1.00000	
133	0.66500	1.36385	-13.82112	0.29811	0.17841	-0.12839	-0.88510	0.22543	0.99988	0.01545	0.00224	-0.01545	0.99988	0.00311	-0.00219	-0.00315	0.99999		1.39977	6.88310	0.52826	-0.01989	-0.00063	3.93569	1.83671	0.99764	-0.06864	0.00001	0.06864	0.99764	-0.00035	0.00001	0.00035	1.00000	
134	0.67000	1.36195	-13.83444	0.30949	0.18056	-0.13073	-0.88450	0.23370	0.99988	0.01544	0.00228	-0.01544	0.99988	0.00315	-0.00223	-0.00319	0.99999		1.39538	6.88460	0.53131	-0.01787	-0.00332	3.93827	1.82610	0.99764	-0.06868	0.00006	0.06868	0.99764	-0.00031	-0.00004	0.00032	1.00000	
135	0.67500	1.38089	-13.85672	0.34239	0.17913	-0.13226	-0.88373	0.21114	0.99988	0.01542	0.00231	-0.01543	0.99988	0.00313	-0.00226	-0.00316	0.99999		1.38117	6.87885	0.53513	-0.01548	-0.00330	3.93502	1.84335	0.99764	-0.06863	0.00006	0.06863	0.99764	-0.00027	-0.00004	0.00027	1.00000	
136	0.68000	1.37041	-13.85208	0.36150	0.18230	-0.13443	-0.88368	0.22600	0.99988	0.01542	0.00235	-0.01543	0.99988	0.00318	-0.00230	-0.00322	0.99999		1.39067	6.87766	0.54252	-0.01393	-0.00498	3.93657	1.83598	0.99764	-0.06865	0.00009	0.06865	0.99764	-0.00024	-0.00007	0.00025	1.00000	
137	0.68500	1.35622	-13.88354	0.37356	0.18162	-0.13247	-0.88456	0.21746	0.99988	0.01544	0.00231	-0.01545	0.99988	0.00317	-0.00226	-0.00321	0.99999		1.37728	6.88096	0.53238	-0.01065	-0.00659	3.93456	1.84688	0.99764	-0.06862	0.00012	0.06862	0.99764	-0.00019	-0.00010	0.00019	1.00000	
138	0.69000	1.37046	-13.86619	0.38600	0.18920	-0.13308	-0.88525	0.21991	0.99988	0.01545	0.00232	-0.01546	0.99988	0.00330	-0.00227	-0.00334	0.99999		1.41256	6.89822	0.55088	-0.00416	-0.00909	3.93565	1.85745	0.99764	-0.06864	0.00016	0.06864	0.99764	-0.00007	-0.00015	0.00008	1.00000	
139	0.69500	1.35939	-13.88343	0.41537	0.18739	-0.12701	-0.88559	0.19587	0.99988	0.01546	0.00222	-0.01546	0.99988	0.00327	-0.00217	-0.00330	0.99999		1.39029	6.89157	0.55072	-0.00168	-0.01085	3.93575	1.87495	0.99764	-0.06864	0.00019	0.06864	0.99764	-0.00003	-0.00019	0.00004	1.00000	
140	0.70000	1.35639	-13.87390	0.41949	0.19306	-0.12799	-0.88528	0.21847	0.99988	0.01545	0.00223	-0.01546	0.99987	0.00337	-0.00218	-0.00340	0.99999		1.39061	6.90023	0.54848	0.00171	-0.01319	3.93232	1.85585	0.99765	-0.06858	0.00023	0.06858	0.99765	0.00003	-0.00023	-0.00001	1.00000	
