NO_OF_FRAMES	12049
NO_OF_CAMERAS	8
NO_OF_BODIES	2
FREQUENCY	200
NO_OF_ANALOG	0
ANALOG_FREQUENCY	0
DESCRIPTION	--
TIME_STAMP	2013-07-05, 11:43:27	183820.89536528
DATA_INCLUDED	6D
BODY_NAMES	Ice 2 V2	Ice 3
Frame	Time	Ice 2 V2 X	Y	Z	Roll	Pitch	Yaw	Residual	Rot[0]	Rot[1]	Rot[2]	Rot[3]	Rot[4]	Rot[5]	Rot[6]	Rot[7]	Rot[8]	Ice 3 X	Y	Z	Roll	Pitch	Yaw	Residual	Rot[0]	Rot[1]	Rot[2]	Rot[3]	Rot[4]	Rot[5]	Rot[6]	Rot[7]	Rot[8]	
1	0.00500	0.08485	-13.87948	0.70462	0.23326	-0.06171	-0.91522	0.23598	0.99987	0.01597	0.00108	-0.01598	0.99986	0.00407	-0.00101	-0.00409	0.99999		-0.80014	6.73922	0.63678	0.12182	-0.04093	4.06997	1.67853	0.99748	-0.07097	0.00071	0.07097	0.99748	0.00213	-0.00086	-0.00207	1.00000	
2	0.01000	0.09869	-13.86912	0.68463	0.23775	-0.06784	-0.91167	0.23622	0.99987	0.01591	0.00118	-0.01592	0.99986	0.00415	-0.00112	-0.00417	0.99999		-0.78006	6.71636	0.62756	0.12094	-0.04066	4.06053	1.69229	0.99749	-0.07081	0.00071	0.07081	0.99749	0.00211	-0.00086	-0.00206	1.00000	
3	0.01500	0.10632	-13.88198	0.68698	0.23486	-0.07065	-0.91522	0.23021	0.99987	0.01597	0.00123	-0.01598	0.99986	0.00410	-0.00117	-0.00412	0.99999		-0.81445	6.72079	0.63369	0.12015	-0.03793	4.06366	1.68552	0.99749	-0.07086	0.00066	0.07086	0.99748	0.00210	-0.00081	-0.00204	1.00000	
4	0.02000	0.11183	-13.87958	0.69327	0.23705	-0.06950	-0.91772	0.23721	0.99987	0.01602	0.00121	-0.01602	0.99986	0.00414	-0.00115	-0.00416	0.99999		-0.80099	6.72386	0.63047	0.11894	-0.04018	4.06115	1.66575	0.99749	-0.07082	0.00070	0.07082	0.99749	0.00208	-0.00085	-0.00202	1.00000	
5	0.02500	0.09424	-13.88118	0.68392	0.23922	-0.06865	-0.91517	0.23627	0.99987	0.01597	0.00120	-0.01598	0.99986	0.00418	-0.00113	-0.00419	0.99999		-0.77333	6.70494	0.63921	0.11969	-0.04042	4.05914	1.69832	0.99749	-0.07079	0.00071	0.07078	0.99749	0.00209	-0.00085	-0.00203	1.00000	
6	0.03000	0.11684	-13.87849	0.68857	0.23833	-0.07221	-0.91551	0.23983	0.99987	0.01598	0.00126	-0.01598	0.99986	0.00416	-0.00119	-0.00418	0.99999		-0.76745	6.70794	0.64014	0.11822	-0.04272	4.06130	1.67525	0.99749	-0.07082	0.00075	0.07082	0.99749	0.00206	-0.00089	-0.00201	1.00000	
7	0.03500	0.08751	-13.86002	0.67898	0.24278	-0.06942	-0.91532	0.24175	0.99987	0.01597	0.00121	-0.01598	0.99986	0.00424	-0.00114	-0.00426	0.99999		-0.81386	6.70443	0.63604	0.11766	-0.03700	4.05927	1.67589	0.99749	-0.07079	0.00065	0.07079	0.99749	0.00205	-0.00079	-0.00200	1.00000	
8	0.04000	0.10555	-13.89039	0.68225	0.24040	-0.07310	-0.91359	0.24523	0.99987	0.01594	0.00128	-0.01595	0.99986	0.00420	-0.00121	-0.00422	0.99999		-0.78359	6.70563	0.64359	0.11822	-0.04185	4.05989	1.68682	0.99749	-0.07080	0.00073	0.07080	0.99749	0.00206	-0.00087	-0.00201	1.00000	
9	0.04500	0.09645	-13.87974	0.68924	0.24093	-0.07332	-0.90979	0.24793	0.99987	0.01588	0.00128	-0.01588	0.99987	0.00420	-0.00121	-0.00422	0.99999		-0.77559	6.69655	0.62991	0.11621	-0.04150	4.06122	1.67501	0.99749	-0.07082	0.00072	0.07082	0.99749	0.00203	-0.00087	-0.00197	1.00000	
10	0.05000	0.09326	-13.88143	0.68673	0.24314	-0.07293	-0.91290	0.23461	0.99987	0.01593	0.00127	-0.01594	0.99986	0.00424	-0.00121	-0.00426	0.99999		-0.80107	6.71422	0.62643	0.11855	-0.04061	4.05833	1.68356	0.99749	-0.07077	0.00071	0.07077	0.99749	0.00207	-0.00085	-0.00201	1.00000	
11	0.05500	0.13096	-13.88721	0.68238	0.24222	-0.07661	-0.91365	0.23458	0.99987	0.01595	0.00134	-0.01595	0.99986	0.00423	-0.00127	-0.00425	0.99999		-0.78070	6.69939	0.63528	0.11723	-0.04243	4.05977	1.68654	0.99749	-0.07080	0.00074	0.07080	0.99749	0.00205	-0.00088	-0.00199	1.00000	
12	0.06000	0.09617	-13.88631	0.68306	0.24444	-0.07393	-0.91499	0.22951	0.99987	0.01597	0.00129	-0.01597	0.99986	0.00427	-0.00122	-0.00429	0.99999		-0.76770	6.70866	0.65137	0.11645	-0.04265	4.05824	1.67666	0.99749	-0.07077	0.00074	0.07077	0.99749	0.00203	-0.00089	-0.00197	1.00000	
13	0.06500	0.09808	-13.89453	0.69304	0.24300	-0.07799	-0.91564	0.23287	0.99987	0.01598	0.00136	-0.01599	0.99986	0.00424	-0.00129	-0.00426	0.99999		-0.80365	6.69837	0.62823	0.11690	-0.03863	4.06042	1.67360	0.99749	-0.07081	0.00067	0.07081	0.99749	0.00204	-0.00082	-0.00199	1.00000	
14	0.07000	0.10914	-13.88061	0.67105	0.24832	-0.07631	-0.91472	0.24110	0.99987	0.01596	0.00133	-0.01597	0.99986	0.00433	-0.00126	-0.00435	0.99999		-0.77264	6.70150	0.64726	0.11707	-0.04192	4.06126	1.67544	0.99749	-0.07082	0.00073	0.07082	0.99749	0.00204	-0.00087	-0.00199	1.00000	
15	0.07500	0.08044	-13.88280	0.67354	0.25076	-0.07481	-0.92129	0.23696	0.99987	0.01608	0.00131	-0.01608	0.99986	0.00438	-0.00124	-0.00440	0.99999		-0.78504	6.70806	0.65348	0.11615	-0.03963	4.05858	1.69093	0.99749	-0.07078	0.00069	0.07077	0.99749	0.00203	-0.00083	-0.00197	1.00000	
16	0.08000	0.13214	-13.89466	0.68059	0.24620	-0.08287	-0.91257	0.25775	0.99987	0.01593	0.00145	-0.01593	0.99986	0.00430	-0.00138	-0.00432	0.99999		-0.78689	6.69221	0.65461	0.11593	-0.04144	4.05974	1.68694	0.99749	-0.07080	0.00072	0.07079	0.99749	0.00202	-0.00086	-0.00197	1.00000	
17	0.08500	0.10046	-13.88363	0.67519	0.25102	-0.07821	-0.92089	0.24622	0.99987	0.01607	0.00137	-0.01608	0.99986	0.00438	-0.00129	-0.00440	0.99999		-0.80039	6.71283	0.65682	0.11565	-0.03895	4.05528	1.68877	0.99750	-0.07072	0.00068	0.07072	0.99749	0.00202	-0.00082	-0.00197	1.00000	
18	0.09000	0.10561	-13.90308	0.67996	0.24846	-0.07987	-0.91932	0.24478	0.99987	0.01604	0.00139	-0.01605	0.99986	0.00434	-0.00132	-0.00436	0.99999		-0.78226	6.69022	0.65492	0.11446	-0.03737	4.05666	1.68397	0.99749	-0.07074	0.00065	0.07074	0.99749	0.00200	-0.00079	-0.00195	1.00000	
19	0.09500	0.11087	-13.90149	0.66989	0.24799	-0.08209	-0.91805	0.24306	0.99987	0.01602	0.00143	-0.01603	0.99986	0.00433	-0.00136	-0.00435	0.99999		-0.82930	6.70050	0.65329	0.11475	-0.03444	4.05480	1.69243	0.99750	-0.07071	0.00060	0.07071	0.99749	0.00200	-0.00074	-0.00196	1.00000	
20	0.10000	0.06794	-13.89323	0.67266	0.25151	-0.07664	-0.91356	0.22521	0.99987	0.01594	0.00134	-0.01595	0.99986	0.00439	-0.00127	-0.00441	0.99999		-0.81016	6.71230	0.65480	0.11631	-0.03566	4.05658	1.67430	0.99749	-0.07074	0.00062	0.07074	0.99749	0.00203	-0.00076	-0.00198	1.00000	
21	0.10500	0.11812	-13.91705	0.68029	0.24829	-0.08352	-0.91282	0.23784	0.99987	0.01593	0.00146	-0.01594	0.99986	0.00433	-0.00139	-0.00436	0.99999		-0.80636	6.69920	0.65759	0.11478	-0.03496	4.05519	1.68091	0.99750	-0.07072	0.00061	0.07072	0.99749	0.00200	-0.00075	-0.00196	1.00000	
22	0.11000	0.12116	-13.92022	0.67167	0.24960	-0.08560	-0.91602	0.24515	0.99987	0.01599	0.00149	-0.01599	0.99986	0.00436	-0.00142	-0.00438	0.99999		-0.84247	6.70159	0.65254	0.11415	-0.03374	4.05612	1.68581	0.99750	-0.07073	0.00059	0.07073	0.99749	0.00199	-0.00073	-0.00195	1.00000	
23	0.11500	0.11449	-13.91042	0.67176	0.25107	-0.08524	-0.91520	0.23917	0.99987	0.01597	0.00149	-0.01598	0.99986	0.00438	-0.00142	-0.00441	0.99999		-0.81497	6.69195	0.66086	0.11277	-0.03510	4.05564	1.69451	0.99750	-0.07073	0.00061	0.07072	0.99749	0.00197	-0.00075	-0.00192	1.00000	
24	0.12000	0.08270	-14.10241	0.49173	0.20522	-0.08600	-0.90684	0.23814	0.99987	0.01583	0.00150	-0.01583	0.99987	0.00358	-0.00144	-0.00361	0.99999		-0.66511	6.58047	0.73022	0.09559	-0.05862	4.05338	1.66595	0.99750	-0.07069	0.00102	0.07068	0.99750	0.00167	-0.00114	-0.00159	1.00000	
25	0.12500	0.06657	-14.10523	0.47976	0.20596	-0.08145	-0.91193	0.21968	0.99987	0.01592	0.00142	-0.01592	0.99987	0.00359	-0.00136	-0.00362	0.99999		-0.68135	6.59343	0.72668	0.09700	-0.05941	4.04805	1.67596	0.99750	-0.07059	0.00104	0.07059	0.99750	0.00169	-0.00115	-0.00162	1.00000	
26	0.13000	0.09530	-14.12187	0.48704	0.20351	-0.08746	-0.90485	0.22583	0.99987	0.01579	0.00153	-0.01580	0.99987	0.00355	-0.00147	-0.00358	0.99999		-0.65907	6.57188	0.72612	0.09391	-0.05632	4.05099	1.69081	0.99750	-0.07064	0.00098	0.07064	0.99750	0.00164	-0.00110	-0.00157	1.00000	
27	0.13500	0.08267	-14.10825	0.48592	0.20437	-0.08483	-0.90575	0.22324	0.99987	0.01581	0.00148	-0.01581	0.99987	0.00357	-0.00142	-0.00359	0.99999		-0.67241	6.58467	0.73931	0.09438	-0.05385	4.05100	1.67647	0.99750	-0.07064	0.00094	0.07064	0.99750	0.00165	-0.00105	-0.00158	1.00000	
28	0.14000	0.08001	-14.12785	0.47000	0.20277	-0.08717	-0.90506	0.21170	0.99987	0.01580	0.00152	-0.01580	0.99987	0.00354	-0.00147	-0.00356	0.99999		-0.67688	6.57410	0.73166	0.09312	-0.05508	4.04935	1.68799	0.99750	-0.07062	0.00096	0.07061	0.99750	0.00163	-0.00107	-0.00155	1.00000	
29	0.14500	0.07571	-14.13398	0.48866	0.20029	-0.08400	-0.90466	0.21758	0.99987	0.01579	0.00147	-0.01579	0.99987	0.00350	-0.00141	-0.00352	0.99999		-0.67458	6.58774	0.73864	0.09409	-0.05170	4.05110	1.68092	0.99750	-0.07065	0.00090	0.07064	0.99750	0.00164	-0.00102	-0.00157	1.00000	
30	0.15000	0.05797	-14.11651	0.47002	0.20392	-0.08607	-0.90842	0.24912	0.99987	0.01585	0.00150	-0.01586	0.99987	0.00356	-0.00145	-0.00358	0.99999		-0.68327	6.57000	0.73232	0.09239	-0.05402	4.04937	1.68787	0.99750	-0.07062	0.00094	0.07061	0.99750	0.00161	-0.00105	-0.00154	1.00000	
31	0.15500	0.07888	-14.13456	0.47101	0.20010	-0.08888	-0.90458	0.21427	0.99987	0.01579	0.00155	-0.01579	0.99987	0.00349	-0.00150	-0.00352	0.99999		-0.68480	6.59343	0.74590	0.09398	-0.05165	4.04943	1.67826	0.99750	-0.07062	0.00090	0.07062	0.99750	0.00164	-0.00102	-0.00157	1.00000	
32	0.16000	0.09992	-14.12547	0.45658	0.20089	-0.09095	-0.90201	0.22731	0.99987	0.01574	0.00159	-0.01575	0.99987	0.00351	-0.00153	-0.00353	0.99999		-0.67978	6.58008	0.74491	0.09275	-0.05087	4.05106	1.68094	0.99750	-0.07065	0.00089	0.07064	0.99750	0.00162	-0.00100	-0.00155	1.00000	
33	0.16500	0.05860	-14.13968	0.45928	0.19972	-0.09082	-0.90232	0.23010	0.99987	0.01575	0.00159	-0.01575	0.99987	0.00349	-0.00153	-0.00351	0.99999		-0.68355	6.56742	0.74482	0.08929	-0.04880	4.04684	1.70284	0.99751	-0.07057	0.00085	0.07057	0.99751	0.00156	-0.00096	-0.00149	1.00000	
34	0.17000	0.03738	-14.13434	0.46344	0.19859	-0.09067	-0.90322	0.24057	0.99987	0.01576	0.00158	-0.01577	0.99987	0.00347	-0.00153	-0.00349	0.99999		-0.71470	6.57903	0.74456	0.09099	-0.05028	4.04750	1.68364	0.99751	-0.07058	0.00088	0.07058	0.99750	0.00159	-0.00099	-0.00152	1.00000	
35	0.17500	0.10779	-14.13942	0.45532	0.19939	-0.09033	-0.90403	0.22035	0.99987	0.01578	0.00158	-0.01578	0.99987	0.00348	-0.00152	-0.00350	0.99999		-0.69283	6.56761	0.74927	0.08766	-0.04724	4.04660	1.68884	0.99751	-0.07057	0.00082	0.07057	0.99751	0.00153	-0.00093	-0.00147	1.00000	
36	0.18000	0.03748	-14.13833	0.44952	0.19815	-0.08886	-0.89981	0.23608	0.99988	0.01570	0.00155	-0.01571	0.99987	0.00346	-0.00150	-0.00348	0.99999		-0.69683	6.58450	0.74154	0.09046	-0.04979	4.04636	1.67864	0.99751	-0.07056	0.00087	0.07056	0.99751	0.00158	-0.00098	-0.00151	1.00000	
37	0.18500	0.05451	-14.15109	0.44301	0.19676	-0.08695	-0.90383	0.23062	0.99987	0.01577	0.00152	-0.01578	0.99987	0.00343	-0.00146	-0.00346	0.99999		-0.71503	6.57024	0.75199	0.08644	-0.04661	4.04754	1.67685	0.99751	-0.07058	0.00081	0.07058	0.99750	0.00151	-0.00092	-0.00145	1.00000	
38	0.19000	0.06448	-14.13529	0.45185	0.19742	-0.09277	-0.89825	0.24815	0.99988	0.01568	0.00162	-0.01568	0.99987	0.00345	-0.00156	-0.00347	0.99999		-0.69896	6.59464	0.75156	0.09007	-0.04713	4.04885	1.67878	0.99750	-0.07061	0.00082	0.07061	0.99750	0.00157	-0.00093	-0.00151	1.00000	
39	0.19500	0.05177	-14.13852	0.44885	0.19615	-0.09477	-0.89690	0.23336	0.99988	0.01565	0.00165	-0.01566	0.99987	0.00342	-0.00160	-0.00345	0.99999		-0.74049	6.59096	0.75022	0.08805	-0.04536	4.04738	1.66804	0.99751	-0.07058	0.00079	0.07058	0.99750	0.00154	-0.00090	-0.00148	1.00000	
40	0.20000	0.06381	-14.14672	0.43656	0.19535	-0.09263	-0.90167	0.22868	0.99987	0.01574	0.00162	-0.01574	0.99987	0.00341	-0.00156	-0.00343	0.99999		-0.69342	6.58616	0.75729	0.08685	-0.04473	4.04613	1.68924	0.99751	-0.07056	0.00078	0.07056	0.99751	0.00152	-0.00089	-0.00146	1.00000	
41	0.20500	0.06077	-14.14501	0.44022	0.19481	-0.08954	-0.90169	0.23551	0.99987	0.01574	0.00156	-0.01574	0.99987	0.00340	-0.00151	-0.00342	0.99999		-0.70918	6.59717	0.74600	0.08791	-0.04341	4.04763	1.68326	0.99751	-0.07059	0.00076	0.07058	0.99750	0.00153	-0.00086	-0.00148	1.00000	
42	0.21000	0.03653	-14.15844	0.43939	0.19292	-0.08956	-0.89829	0.23847	0.99988	0.01568	0.00156	-0.01568	0.99987	0.00337	-0.00151	-0.00339	0.99999		-0.72778	6.56315	0.74513	0.08325	-0.04112	4.04504	1.68747	0.99751	-0.07054	0.00072	0.07054	0.99751	0.00145	-0.00082	-0.00140	1.00000	
43	0.21500	0.01788	-14.15459	0.44593	0.19124	-0.08510	-0.89527	0.21893	0.99988	0.01562	0.00149	-0.01563	0.99987	0.00334	-0.00143	-0.00336	0.99999		-0.73553	6.57054	0.74452	0.08269	-0.03969	4.04342	1.68922	0.99751	-0.07051	0.00069	0.07051	0.99751	0.00144	-0.00079	-0.00139	1.00000	
44	0.22000	0.03163	-14.16307	0.44335	0.18977	-0.08735	-0.89560	0.21499	0.99988	0.01563	0.00152	-0.01564	0.99987	0.00331	-0.00147	-0.00334	0.99999		-0.74724	6.57185	0.74908	0.08276	-0.03770	4.04355	1.68902	0.99751	-0.07051	0.00066	0.07051	0.99751	0.00144	-0.00076	-0.00139	1.00000	
45	0.22500	0.03301	-14.15592	0.41694	0.19161	-0.08907	-0.90109	0.24229	0.99988	0.01573	0.00155	-0.01573	0.99987	0.00334	-0.00150	-0.00337	0.99999		-0.73776	6.56980	0.76465	0.08284	-0.03903	4.04645	1.68600	0.99751	-0.07057	0.00068	0.07056	0.99751	0.00145	-0.00078	-0.00139	1.00000	
46	0.23000	0.03326	-14.15484	0.42201	0.18822	-0.08986	-0.89542	0.23867	0.99988	0.01563	0.00157	-0.01563	0.99987	0.00329	-0.00152	-0.00331	0.99999		-0.75207	6.60754	0.74638	0.08543	-0.03622	4.04198	1.68810	0.99751	-0.07049	0.00063	0.07049	0.99751	0.00149	-0.00074	-0.00144	1.00000	
47	0.23500	0.01575	-14.16514	0.42417	0.18675	-0.08503	-0.89720	0.22820	0.99988	0.01566	0.00148	-0.01566	0.99987	0.00326	-0.00143	-0.00328	0.99999		-0.75598	6.57718	0.74481	0.08188	-0.03605	4.04231	1.68922	0.99751	-0.07049	0.00063	0.07049	0.99751	0.00143	-0.00073	-0.00138	1.00000	
48	0.24000	0.02549	-14.14599	0.41434	0.18929	-0.08582	-0.89567	0.24472	0.99988	0.01563	0.00150	-0.01564	0.99987	0.00330	-0.00145	-0.00333	0.99999		-0.78005	6.58910	0.74699	0.08109	-0.03346	4.04040	1.68496	0.99751	-0.07046	0.00058	0.07046	0.99751	0.00142	-0.00068	-0.00137	1.00000	
49	0.24500	0.03438	-14.15008	0.41891	0.18689	-0.08728	-0.89919	0.22122	0.99988	0.01569	0.00152	-0.01570	0.99987	0.00326	-0.00147	-0.00329	0.99999		-0.78356	6.57706	0.73848	0.07822	-0.03123	4.04032	1.68953	0.99751	-0.07046	0.00055	0.07046	0.99751	0.00137	-0.00064	-0.00132	1.00000	
50	0.25000	0.00654	-14.15041	0.41256	0.18462	-0.08435	-0.89622	0.23386	0.99988	0.01564	0.00147	-0.01565	0.99987	0.00322	-0.00142	-0.00324	0.99999		-0.77041	6.60463	0.75374	0.08066	-0.03105	4.04029	1.69119	0.99751	-0.07046	0.00054	0.07046	0.99751	0.00141	-0.00064	-0.00137	1.00000	
51	0.25500	0.02253	-14.15136	0.41738	0.18490	-0.08705	-0.89675	0.22779	0.99988	0.01565	0.00152	-0.01566	0.99987	0.00323	-0.00147	-0.00325	0.99999		-0.74168	6.59391	0.74564	0.07870	-0.03412	4.04272	1.67708	0.99751	-0.07050	0.00060	0.07050	0.99751	0.00137	-0.00069	-0.00133	1.00000	
52	0.26000	0.02942	-14.16616	0.41642	0.18281	-0.08679	-0.89820	0.22364	0.99988	0.01568	0.00151	-0.01568	0.99987	0.00319	-0.00146	-0.00321	0.99999		-0.77368	6.59295	0.74859	0.07723	-0.03056	4.04117	1.67407	0.99751	-0.07047	0.00053	0.07047	0.99751	0.00135	-0.00063	-0.00131	1.00000	
53	0.26500	0.00801	-14.15113	0.40432	0.18087	-0.08205	-0.89334	0.22732	0.99988	0.01559	0.00143	-0.01560	0.99987	0.00316	-0.00138	-0.00318	0.99999		-0.79101	6.59345	0.75309	0.07602	-0.02948	4.03775	1.69415	0.99752	-0.07041	0.00051	0.07041	0.99752	0.00133	-0.00061	-0.00129	1.00000	
54	0.27000	0.03446	-14.15858	0.40393	0.17925	-0.08337	-0.89228	0.23970	0.99988	0.01557	0.00146	-0.01558	0.99987	0.00313	-0.00141	-0.00315	0.99999		-0.75093	6.59595	0.73691	0.07613	-0.03092	4.03844	1.68468	0.99752	-0.07043	0.00054	0.07042	0.99752	0.00133	-0.00063	-0.00129	1.00000	
55	0.27500	0.01445	-14.15714	0.40271	0.17713	-0.08364	-0.89326	0.22175	0.99988	0.01559	0.00146	-0.01559	0.99987	0.00309	-0.00141	-0.00311	0.99999		-0.74527	6.60164	0.73955	0.07423	-0.03124	4.03959	1.69902	0.99752	-0.07045	0.00055	0.07044	0.99751	0.00130	-0.00064	-0.00125	1.00000	
56	0.28000	-0.00929	-14.14284	0.39475	0.17811	-0.08279	-0.89368	0.23789	0.99988	0.01560	0.00144	-0.01560	0.99987	0.00311	-0.00140	-0.00313	0.99999		-0.78014	6.60694	0.73701	0.07387	-0.02717	4.03860	1.68303	0.99752	-0.07043	0.00047	0.07043	0.99752	0.00129	-0.00056	-0.00125	1.00000	
57	0.28500	0.00433	-14.15473	0.38764	0.17447	-0.07862	-0.89152	0.22848	0.99988	0.01556	0.00137	-0.01556	0.99987	0.00304	-0.00132	-0.00307	0.99999		-0.76928	6.59122	0.73926	0.07007	-0.02756	4.03418	1.70502	0.99752	-0.07035	0.00048	0.07035	0.99752	0.00122	-0.00057	-0.00119	1.00000	
58	0.29000	0.00530	-14.15488	0.39649	0.17404	-0.08092	-0.89632	0.23731	0.99988	0.01564	0.00141	-0.01565	0.99987	0.00304	-0.00136	-0.00306	0.99999		-0.78108	6.61012	0.73463	0.07209	-0.02825	4.03893	1.68886	0.99752	-0.07043	0.00049	0.07043	0.99752	0.00126	-0.00058	-0.00122	1.00000	
59	0.29500	-0.00729	-14.15813	0.40002	0.17208	-0.07567	-0.89429	0.23001	0.99988	0.01561	0.00132	-0.01561	0.99987	0.00300	-0.00127	-0.00302	0.99999		-0.76076	6.61655	0.73027	0.07254	-0.02650	4.03826	1.68933	0.99752	-0.07042	0.00046	0.07042	0.99752	0.00127	-0.00055	-0.00123	1.00000	
60	0.30000	-0.00044	-14.15690	0.38416	0.17072	-0.07692	-0.89709	0.23546	0.99988	0.01566	0.00134	-0.01566	0.99987	0.00298	-0.00130	-0.00300	0.99999		-0.77372	6.61397	0.73312	0.07102	-0.02615	4.03652	1.68677	0.99752	-0.07039	0.00046	0.07039	0.99752	0.00124	-0.00054	-0.00120	1.00000	
61	0.30500	0.02760	-14.16300	0.38036	0.16816	-0.07608	-0.89394	0.23885	0.99988	0.01560	0.00133	-0.01561	0.99987	0.00293	-0.00128	-0.00296	0.99999		-0.78518	6.61615	0.73000	0.06965	-0.02407	4.03619	1.68521	0.99752	-0.07039	0.00042	0.07039	0.99752	0.00122	-0.00050	-0.00118	1.00000	
62	0.31000	-0.02078	-14.14654	0.38132	0.16587	-0.07626	-0.89352	0.23918	0.99988	0.01559	0.00133	-0.01560	0.99987	0.00290	-0.00129	-0.00292	0.99999		-0.76291	6.62122	0.72314	0.06830	-0.02592	4.03451	1.67408	0.99752	-0.07036	0.00045	0.07036	0.99752	0.00119	-0.00054	-0.00116	1.00000	
63	0.31500	0.01864	-14.14796	0.38644	0.16291	-0.07605	-0.89000	0.22249	0.99988	0.01553	0.00133	-0.01554	0.99988	0.00284	-0.00128	-0.00286	1.00000		-0.80736	6.62036	0.73144	0.06588	-0.02177	4.03275	1.68106	0.99752	-0.07033	0.00038	0.07033	0.99752	0.00115	-0.00046	-0.00112	1.00000	
64	0.32000	-0.02397	-14.14910	0.38576	0.16351	-0.07002	-0.89191	0.24334	0.99988	0.01557	0.00122	-0.01557	0.99987	0.00285	-0.00118	-0.00287	1.00000		-0.79889	6.61101	0.72851	0.06504	-0.02176	4.03138	1.68710	0.99753	-0.07030	0.00038	0.07030	0.99753	0.00114	-0.00046	-0.00111	1.00000	
65	0.32500	-0.04330	-14.13228	0.38648	0.16316	-0.06924	-0.89232	0.22555	0.99988	0.01557	0.00121	-0.01558	0.99987	0.00285	-0.00116	-0.00287	1.00000		-0.79577	6.63345	0.72623	0.06591	-0.02155	4.03227	1.68980	0.99752	-0.07032	0.00038	0.07032	0.99752	0.00115	-0.00046	-0.00112	1.00000	
66	0.33000	-0.01809	-14.14496	0.37857	0.16217	-0.06768	-0.89360	0.23748	0.99988	0.01560	0.00118	-0.01560	0.99987	0.00283	-0.00114	-0.00285	1.00000		-0.77998	6.59426	0.72124	0.06028	-0.01966	4.03293	1.68325	0.99752	-0.07033	0.00034	0.07033	0.99752	0.00105	-0.00042	-0.00103	1.00000	
67	0.33500	-0.03176	-14.14612	0.38223	0.15775	-0.06687	-0.88948	0.21909	0.99988	0.01552	0.00117	-0.01553	0.99988	0.00275	-0.00112	-0.00277	1.00000		-0.81149	6.62017	0.71563	0.06191	-0.01898	4.03244	1.66849	0.99752	-0.07032	0.00033	0.07032	0.99752	0.00108	-0.00041	-0.00105	1.00000	
68	0.34000	-0.04335	-14.14421	0.37204	0.15621	-0.06874	-0.89208	0.22239	0.99988	0.01557	0.00120	-0.01557	0.99988	0.00273	-0.00116	-0.00274	1.00000		-0.82279	6.61015	0.70516	0.05782	-0.01860	4.03240	1.68095	0.99752	-0.07032	0.00032	0.07032	0.99752	0.00101	-0.00039	-0.00098	1.00000	
69	0.34500	-0.01377	-14.13507	0.37225	0.15272	-0.06785	-0.88930	0.23133	0.99988	0.01552	0.00118	-0.01552	0.99988	0.00267	-0.00114	-0.00268	1.00000		-0.79267	6.62077	0.69960	0.05927	-0.02163	4.03335	1.68285	0.99752	-0.07034	0.00038	0.07034	0.99752	0.00103	-0.00045	-0.00101	1.00000	
70	0.35000	-0.01988	-14.13735	0.36633	0.15125	-0.06782	-0.88788	0.23424	0.99988	0.01550	0.00118	-0.01550	0.99988	0.00264	-0.00114	-0.00266	1.00000		-0.79514	6.61906	0.71620	0.05723	-0.02109	4.03195	1.68287	0.99752	-0.07031	0.00037	0.07031	0.99752	0.00100	-0.00044	-0.00097	1.00000	
71	0.35500	-0.03235	-14.14191	0.36033	0.14806	-0.06508	-0.88823	0.22435	0.99988	0.01550	0.00114	-0.01550	0.99988	0.00258	-0.00110	-0.00260	1.00000		-0.80902	6.61995	0.68804	0.05626	-0.01728	4.02957	1.67770	0.99753	-0.07027	0.00030	0.07027	0.99753	0.00098	-0.00037	-0.00096	1.00000	
72	0.36000	-0.03789	-14.12615	0.36562	0.15135	-0.06119	-0.89204	0.22550	0.99988	0.01557	0.00107	-0.01557	0.99988	0.00264	-0.00103	-0.00266	1.00000		-0.80073	6.62216	0.71204	0.05663	-0.01859	4.02910	1.69071	0.99753	-0.07026	0.00032	0.07026	0.99753	0.00099	-0.00039	-0.00096	1.00000	
73	0.36500	-0.02011	-14.13377	0.35260	0.14591	-0.06329	-0.89049	0.23160	0.99988	0.01554	0.00110	-0.01554	0.99988	0.00255	-0.00106	-0.00256	1.00000		-0.81595	6.60830	0.68460	0.05130	-0.01578	4.03125	1.67189	0.99753	-0.07030	0.00028	0.07030	0.99753	0.00090	-0.00034	-0.00087	1.00000	
74	0.37000	-0.01103	-14.12355	0.34848	0.14477	-0.06249	-0.88801	0.22205	0.99988	0.01550	0.00109	-0.01550	0.99988	0.00253	-0.00105	-0.00254	1.00000		-0.81717	6.63929	0.70131	0.05382	-0.01682	4.02777	1.68909	0.99753	-0.07024	0.00029	0.07024	0.99753	0.00094	-0.00036	-0.00092	1.00000	
75	0.37500	-0.02311	-14.12413	0.36087	0.14366	-0.06241	-0.89067	0.22986	0.99988	0.01554	0.00109	-0.01555	0.99988	0.00251	-0.00105	-0.00252	1.00000		-0.78780	6.61721	0.68983	0.05203	-0.01876	4.02851	1.67798	0.99753	-0.07025	0.00033	0.07025	0.99753	0.00091	-0.00039	-0.00088	1.00000	
76	0.38000	-0.05409	-14.11845	0.34617	0.14198	-0.05337	-0.89261	0.22687	0.99988	0.01558	0.00093	-0.01558	0.99988	0.00248	-0.00089	-0.00249	1.00000		-0.78644	6.63429	0.68876	0.05248	-0.02033	4.02750	1.67102	0.99753	-0.07024	0.00035	0.07023	0.99753	0.00092	-0.00042	-0.00089	1.00000	
77	0.38500	-0.06969	-14.11191	0.34814	0.13965	-0.05453	-0.88470	0.22640	0.99988	0.01544	0.00095	-0.01544	0.99988	0.00244	-0.00091	-0.00245	1.00000		-0.82797	6.63062	0.68278	0.04999	-0.01647	4.02843	1.68189	0.99753	-0.07025	0.00029	0.07025	0.99753	0.00087	-0.00035	-0.00085	1.00000	
78	0.39000	-0.03342	-14.10865	0.34101	0.14083	-0.05437	-0.88809	0.23207	0.99988	0.01550	0.00095	-0.01550	0.99988	0.00246	-0.00091	-0.00247	1.00000		-0.80379	6.63296	0.69350	0.04915	-0.02028	4.02881	1.67768	0.99753	-0.07026	0.00035	0.07026	0.99753	0.00086	-0.00041	-0.00083	1.00000	
79	0.39500	-0.04160	-14.10935	0.34363	0.13588	-0.05649	-0.88598	0.22285	0.99988	0.01546	0.00099	-0.01546	0.99988	0.00237	-0.00095	-0.00239	1.00000		-0.79782	6.64585	0.69127	0.04891	-0.02264	4.02704	1.67182	0.99753	-0.07023	0.00040	0.07023	0.99753	0.00085	-0.00045	-0.00082	1.00000	
80	0.40000	-0.06162	-14.11058	0.33679	0.13277	-0.05268	-0.88423	0.22796	0.99988	0.01543	0.00092	-0.01543	0.99988	0.00232	-0.00088	-0.00233	1.00000		-0.80813	6.63729	0.68062	0.04656	-0.01923	4.02705	1.67644	0.99753	-0.07023	0.00034	0.07023	0.99753	0.00081	-0.00039	-0.00079	1.00000	
81	0.40500	-0.03218	-14.10642	0.32918	0.13105	-0.05248	-0.88729	0.23517	0.99988	0.01549	0.00092	-0.01549	0.99988	0.00229	-0.00088	-0.00230	1.00000		-0.79985	6.63429	0.68032	0.04616	-0.02064	4.02691	1.67636	0.99753	-0.07023	0.00036	0.07022	0.99753	0.00081	-0.00042	-0.00078	1.00000	
82	0.41000	-0.05449	-14.10057	0.32449	0.12807	-0.04590	-0.88315	0.22342	0.99988	0.01541	0.00080	-0.01542	0.99988	0.00224	-0.00077	-0.00225	1.00000		-0.77534	6.64460	0.67360	0.04667	-0.02444	4.02741	1.67245	0.99753	-0.07023	0.00043	0.07023	0.99753	0.00081	-0.00048	-0.00078	1.00000	
83	0.41500	-0.02962	-14.10656	0.33089	0.12407	-0.05074	-0.87911	0.22824	0.99988	0.01534	0.00089	-0.01534	0.99988	0.00217	-0.00085	-0.00218	1.00000		-0.81400	6.63515	0.67530	0.04376	-0.01989	4.02624	1.65617	0.99753	-0.07021	0.00035	0.07021	0.99753	0.00076	-0.00040	-0.00074	1.00000	
84	0.42000	-0.03057	-14.12649	0.34188	0.12263	-0.05130	-0.88603	0.23850	0.99988	0.01546	0.00090	-0.01547	0.99988	0.00214	-0.00086	-0.00215	1.00000		-0.79319	6.61288	0.67719	0.04176	-0.02371	4.02601	1.67051	0.99753	-0.07021	0.00041	0.07021	0.99753	0.00073	-0.00046	-0.00070	1.00000	
85	0.42500	-0.05668	-14.09848	0.32389	0.12427	-0.04870	-0.88197	0.22038	0.99988	0.01539	0.00085	-0.01539	0.99988	0.00217	-0.00082	-0.00218	1.00000		-0.82959	6.63823	0.66400	0.04198	-0.02194	4.02755	1.65822	0.99753	-0.07024	0.00038	0.07024	0.99753	0.00073	-0.00043	-0.00070	1.00000	
86	0.43000	-0.03903	-14.10863	0.34376	0.11811	-0.04596	-0.87757	0.23005	0.99988	0.01532	0.00080	-0.01532	0.99988	0.00206	-0.00077	-0.00207	1.00000		-0.80608	6.61692	0.65862	0.03946	-0.02108	4.02842	1.65174	0.99753	-0.07025	0.00037	0.07025	0.99753	0.00069	-0.00042	-0.00066	1.00000	
87	0.43500	-0.06585	-14.10195	0.31283	0.11784	-0.04511	-0.88371	0.22093	0.99988	0.01542	0.00079	-0.01542	0.99988	0.00206	-0.00076	-0.00207	1.00000		-0.83058	6.63520	0.65294	0.04126	-0.02179	4.02601	1.67444	0.99753	-0.07021	0.00038	0.07021	0.99753	0.00072	-0.00043	-0.00069	1.00000	
88	0.44000	-0.04094	-14.10051	0.32358	0.11704	-0.04348	-0.88089	0.22395	0.99988	0.01537	0.00076	-0.01538	0.99988	0.00204	-0.00073	-0.00205	1.00000		-0.81721	6.65863	0.66600	0.04316	-0.02186	4.02703	1.66196	0.99753	-0.07023	0.00038	0.07023	0.99753	0.00075	-0.00043	-0.00072	1.00000	
89	0.44500	-0.03351	-14.10224	0.31808	0.11282	-0.04697	-0.87784	0.23121	0.99988	0.01532	0.00082	-0.01532	0.99988	0.00197	-0.00079	-0.00198	1.00000		-0.82384	6.62258	0.64713	0.03920	-0.02312	4.02576	1.67434	0.99753	-0.07021	0.00040	0.07020	0.99753	0.00068	-0.00045	-0.00065	1.00000	
90	0.45000	-0.08383	-14.08414	0.30409	0.11381	-0.04241	-0.88040	0.22986	0.99988	0.01537	0.00074	-0.01537	0.99988	0.00199	-0.00071	-0.00200	1.00000		-0.85494	6.63993	0.64559	0.03940	-0.02258	4.02515	1.65972	0.99753	-0.07019	0.00039	0.07019	0.99753	0.00069	-0.00044	-0.00066	1.00000	
91	0.45500	-0.01990	-14.09045	0.31415	0.10929	-0.04545	-0.88047	0.22351	0.99988	0.01537	0.00079	-0.01537	0.99988	0.00191	-0.00076	-0.00192	1.00000		-0.81656	6.64571	0.64791	0.04017	-0.02383	4.02630	1.65604	0.99753	-0.07021	0.00042	0.07021	0.99753	0.00070	-0.00046	-0.00067	1.00000	
92	0.46000	-0.06674	-14.10973	0.30384	0.10575	-0.04117	-0.87722	0.22081	0.99988	0.01531	0.00072	-0.01531	0.99988	0.00185	-0.00069	-0.00186	1.00000		-0.76527	6.61710	0.63731	0.03484	-0.02775	4.02368	1.64953	0.99754	-0.07017	0.00048	0.07017	0.99753	0.00061	-0.00053	-0.00057	1.00000	
93	0.46500	-0.05476	-14.07938	0.29989	0.10967	-0.04095	-0.87799	0.23856	0.99988	0.01532	0.00071	-0.01532	0.99988	0.00191	-0.00069	-0.00192	1.00000		-0.78381	6.64826	0.63801	0.03942	-0.02558	4.02646	1.66358	0.99753	-0.07022	0.00045	0.07022	0.99753	0.00069	-0.00049	-0.00065	1.00000	
94	0.47000	-0.05135	-14.08139	0.31551	0.10703	-0.03792	-0.87969	0.23416	0.99988	0.01535	0.00066	-0.01535	0.99988	0.00187	-0.00063	-0.00188	1.00000		-0.77503	6.62034	0.65092	0.03520	-0.02933	4.02278	1.67495	0.99754	-0.07015	0.00051	0.07015	0.99754	0.00061	-0.00055	-0.00058	1.00000	
95	0.47500	-0.06346	-14.08571	0.30769	0.10607	-0.03953	-0.88038	0.21859	0.99988	0.01536	0.00069	-0.01537	0.99988	0.00185	-0.00066	-0.00186	1.00000		-0.82886	6.63375	0.63695	0.03677	-0.02707	4.02169	1.65975	0.99754	-0.07013	0.00047	0.07013	0.99754	0.00064	-0.00052	-0.00061	1.00000	
96	0.48000	-0.05236	-14.08803	0.28882	0.10361	-0.03957	-0.87405	0.23216	0.99988	0.01525	0.00069	-0.01526	0.99988	0.00181	-0.00066	-0.00182	1.00000		-0.79564	6.63627	0.64042	0.03626	-0.02895	4.02401	1.65018	0.99753	-0.07017	0.00051	0.07017	0.99753	0.00063	-0.00055	-0.00060	1.00000	
97	0.48500	-0.06110	-14.07785	0.28610	0.10271	-0.03951	-0.87474	0.22862	0.99988	0.01527	0.00069	-0.01527	0.99988	0.00179	-0.00066	-0.00180	1.00000		-0.80863	6.62907	0.63361	0.03618	-0.03057	4.02141	1.65978	0.99754	-0.07013	0.00053	0.07013	0.99754	0.00063	-0.00058	-0.00059	1.00000	
98	0.49000	-0.04371	-14.09196	0.28350	0.09998	-0.04253	-0.87486	0.22538	0.99988	0.01527	0.00074	-0.01527	0.99988	0.00174	-0.00072	-0.00176	1.00000		-0.79860	6.63021	0.62844	0.03419	-0.03020	4.02195	1.66024	0.99754	-0.07014	0.00053	0.07014	0.99754	0.00060	-0.00057	-0.00056	1.00000	
99	0.49500	-0.05357	-14.08616	0.27753	0.09965	-0.03985	-0.87726	0.20825	0.99988	0.01531	0.00070	-0.01531	0.99988	0.00174	-0.00067	-0.00175	1.00000		-0.79258	6.62173	0.63484	0.03525	-0.03321	4.02249	1.65657	0.99754	-0.07015	0.00058	0.07015	0.99754	0.00062	-0.00062	-0.00057	1.00000	
100	0.50000	-0.07371	-14.08671	0.29023	0.09682	-0.03678	-0.87870	0.22290	0.99988	0.01534	0.00064	-0.01534	0.99988	0.00169	-0.00062	-0.00170	1.00000		-0.79581	6.61287	0.62048	0.03263	-0.03129	4.01940	1.66456	0.99754	-0.07009	0.00055	0.07009	0.99754	0.00057	-0.00058	-0.00053	1.00000	
101	0.50500	-0.03444	-14.09333	0.27776	0.09642	-0.04339	-0.87897	0.23097	0.99988	0.01534	0.00076	-0.01534	0.99988	0.00168	-0.00073	-0.00169	1.00000		-0.78369	6.63205	0.62401	0.03544	-0.03454	4.02177	1.65570	0.99754	-0.07014	0.00060	0.07014	0.99754	0.00062	-0.00064	-0.00057	1.00000	
102	0.51000	-0.06057	-14.09590	0.27995	0.09173	-0.03984	-0.87502	0.21238	0.99988	0.01527	0.00070	-0.01527	0.99988	0.00160	-0.00067	-0.00161	1.00000		-0.78929	6.63283	0.61924	0.03486	-0.03502	4.02233	1.66956	0.99754	-0.07015	0.00061	0.07014	0.99754	0.00061	-0.00065	-0.00056	1.00000	
103	0.51500	-0.06847	-14.08867	0.28314	0.09305	-0.03860	-0.87481	0.21756	0.99988	0.01527	0.00067	-0.01527	0.99988	0.00162	-0.00065	-0.00163	1.00000		-0.80306	6.62086	0.61939	0.03481	-0.03507	4.02068	1.64927	0.99754	-0.07012	0.00061	0.07012	0.99754	0.00061	-0.00065	-0.00056	1.00000	
104	0.52000	-0.07575	-14.07894	0.26467	0.09497	-0.03745	-0.87473	0.21921	0.99988	0.01527	0.00065	-0.01527	0.99988	0.00166	-0.00063	-0.00167	1.00000		-0.79991	6.61597	0.60675	0.03462	-0.03747	4.01903	1.66061	0.99754	-0.07009	0.00065	0.07009	0.99754	0.00060	-0.00069	-0.00056	1.00000	
105	0.52500	-0.04682	-14.07797	0.26053	0.09194	-0.03640	-0.87139	0.22593	0.99988	0.01521	0.00064	-0.01521	0.99988	0.00160	-0.00061	-0.00161	1.00000		-0.77757	6.63201	0.61425	0.03544	-0.03882	4.02063	1.68100	0.99754	-0.07012	0.00068	0.07012	0.99754	0.00062	-0.00072	-0.00057	1.00000	
106	0.53000	-0.05539	-14.08346	0.27492	0.09346	-0.03868	-0.87437	0.22806	0.99988	0.01526	0.00068	-0.01526	0.99988	0.00163	-0.00065	-0.00164	1.00000		-0.79207	6.62260	0.62355	0.03501	-0.04035	4.01855	1.65481	0.99754	-0.07008	0.00070	0.07008	0.99754	0.00061	-0.00075	-0.00056	1.00000	
107	0.53500	-0.07418	-14.08210	0.25740	0.09270	-0.03200	-0.87336	0.21387	0.99988	0.01524	0.00056	-0.01524	0.99988	0.00162	-0.00053	-0.00163	1.00000		-0.78817	6.61808	0.60255	0.03509	-0.03943	4.01892	1.66073	0.99754	-0.07009	0.00069	0.07009	0.99754	0.00061	-0.00073	-0.00056	1.00000	
108	0.54000	-0.03942	-14.06311	0.25892	0.09288	-0.03848	-0.87262	0.20645	0.99988	0.01523	0.00067	-0.01523	0.99988	0.00162	-0.00065	-0.00163	1.00000		-0.76149	6.62592	0.59833	0.03522	-0.04360	4.01937	1.65658	0.99754	-0.07009	0.00076	0.07009	0.99754	0.00061	-0.00080	-0.00056	1.00000	
109	0.54500	-0.05693	-14.07390	0.26426	0.09286	-0.03491	-0.87459	0.21028	0.99988	0.01526	0.00061	-0.01526	0.99988	0.00162	-0.00058	-0.00163	1.00000		-0.78148	6.60057	0.60040	0.03491	-0.04250	4.02191	1.65591	0.99754	-0.07014	0.00074	0.07014	0.99754	0.00061	-0.00078	-0.00056	1.00000	
110	0.55000	-0.04281	-14.08204	0.27108	0.08796	-0.04180	-0.86808	0.22914	0.99988	0.01515	0.00073	-0.01515	0.99988	0.00154	-0.00071	-0.00155	1.00000		-0.76510	6.60349	0.59994	0.03567	-0.04514	4.02284	1.65306	0.99754	-0.07015	0.00079	0.07015	0.99754	0.00062	-0.00083	-0.00057	1.00000	
111	0.55500	-0.08752	-14.06287	0.25733	0.09046	-0.03628	-0.87112	0.22666	0.99988	0.01520	0.00063	-0.01520	0.99988	0.00158	-0.00061	-0.00159	1.00000		-0.75603	6.60611	0.59251	0.03357	-0.04485	4.01977	1.65763	0.99754	-0.07010	0.00078	0.07010	0.99754	0.00059	-0.00082	-0.00053	1.00000	
112	0.56000	-0.05355	-14.08318	0.25899	0.08932	-0.03688	-0.86917	0.23179	0.99988	0.01517	0.00064	-0.01517	0.99988	0.00156	-0.00062	-0.00157	1.00000		-0.78862	6.59367	0.60227	0.03503	-0.04498	4.02030	1.66258	0.99754	-0.07011	0.00079	0.07011	0.99754	0.00061	-0.00083	-0.00055	1.00000	
113	0.56500	-0.08182	-14.07121	0.26177	0.08847	-0.03759	-0.87070	0.22546	0.99988	0.01520	0.00066	-0.01520	0.99988	0.00154	-0.00063	-0.00155	1.00000		-0.78765	6.59185	0.59141	0.03474	-0.04519	4.02026	1.66251	0.99754	-0.07011	0.00079	0.07011	0.99754	0.00061	-0.00083	-0.00055	1.00000	
114	0.57000	-0.08423	-14.06436	0.25861	0.09099	-0.03583	-0.87231	0.22377	0.99988	0.01522	0.00063	-0.01523	0.99988	0.00159	-0.00060	-0.00160	1.00000		-0.74256	6.61173	0.59504	0.03686	-0.04897	4.01865	1.67040	0.99754	-0.07008	0.00085	0.07008	0.99754	0.00064	-0.00090	-0.00058	1.00000	
115	0.57500	-0.03039	-14.08838	0.24347	0.08729	-0.03879	-0.86722	0.21688	0.99989	0.01514	0.00068	-0.01514	0.99988	0.00152	-0.00065	-0.00153	1.00000		-0.76451	6.58421	0.58886	0.03515	-0.04601	4.01925	1.67465	0.99754	-0.07009	0.00080	0.07009	0.99754	0.00061	-0.00084	-0.00056	1.00000	
116	0.58000	-0.11378	-14.06613	0.24585	0.09137	-0.03180	-0.87161	0.22061	0.99988	0.01521	0.00056	-0.01521	0.99988	0.00159	-0.00053	-0.00160	1.00000		-0.78329	6.61575	0.58467	0.03931	-0.04769	4.01755	1.66127	0.99754	-0.07006	0.00083	0.07006	0.99754	0.00069	-0.00088	-0.00063	1.00000	
117	0.58500	-0.04222	-14.08749	0.25104	0.08681	-0.04262	-0.87061	0.23789	0.99988	0.01519	0.00074	-0.01520	0.99988	0.00152	-0.00072	-0.00153	1.00000		-0.75685	6.59550	0.59102	0.03794	-0.04891	4.01934	1.66994	0.99754	-0.07009	0.00085	0.07009	0.99754	0.00066	-0.00090	-0.00060	1.00000	
118	0.59000	-0.05443	-14.08775	0.23438	0.08822	-0.04078	-0.86840	0.20982	0.99988	0.01516	0.00071	-0.01516	0.99988	0.00154	-0.00069	-0.00155	1.00000		-0.72953	6.62152	0.58646	0.04273	-0.05313	4.02049	1.66720	0.99754	-0.07011	0.00093	0.07011	0.99754	0.00075	-0.00098	-0.00068	1.00000	
119	0.59500	-0.02544	-14.07547	0.24528	0.08801	-0.04475	-0.87042	0.19778	0.99988	0.01519	0.00078	-0.01519	0.99988	0.00154	-0.00076	-0.00155	1.00000		-0.74199	6.62149	0.59566	0.04237	-0.05450	4.01859	1.67275	0.99754	-0.07008	0.00095	0.07008	0.99754	0.00074	-0.00100	-0.00067	1.00000	
120	0.60000	-0.02064	-14.09321	0.25152	0.08891	-0.04136	-0.87124	0.21659	0.99988	0.01521	0.00072	-0.01521	0.99988	0.00155	-0.00070	-0.00156	1.00000		-0.72496	6.58449	0.58745	0.03941	-0.05478	4.01863	1.66556	0.99754	-0.07008	0.00096	0.07008	0.99754	0.00069	-0.00100	-0.00062	1.00000	
121	0.60500	-0.02447	-14.07603	0.22684	0.08773	-0.04539	-0.87118	0.20025	0.99988	0.01520	0.00079	-0.01521	0.99988	0.00153	-0.00077	-0.00154	1.00000		-0.74949	6.59777	0.57920	0.04180	-0.05362	4.02212	1.67341	0.99754	-0.07014	0.00094	0.07014	0.99754	0.00073	-0.00098	-0.00066	1.00000	
122	0.61000	-0.04954	-14.08669	0.24097	0.08827	-0.04328	-0.87208	0.21251	0.99988	0.01522	0.00076	-0.01522	0.99988	0.00154	-0.00073	-0.00155	1.00000		-0.76635	6.59717	0.58674	0.04265	-0.05469	4.01816	1.67047	0.99754	-0.07007	0.00095	0.07007	0.99754	0.00074	-0.00100	-0.00068	1.00000	
123	0.61500	-0.01154	-14.07857	0.23880	0.09130	-0.04406	-0.86861	0.20661	0.99988	0.01516	0.00077	-0.01516	0.99988	0.00159	-0.00074	-0.00161	1.00000		-0.72775	6.60184	0.59144	0.04392	-0.05423	4.01939	1.66710	0.99754	-0.07009	0.00095	0.07009	0.99754	0.00077	-0.00100	-0.00070	1.00000	
124	0.62000	-0.02208	-14.06235	0.21968	0.09433	-0.04704	-0.86849	0.22293	0.99988	0.01516	0.00082	-0.01516	0.99988	0.00165	-0.00080	-0.00166	1.00000		-0.73817	6.60758	0.57202	0.04554	-0.05435	4.01915	1.66423	0.99754	-0.07009	0.00095	0.07009	0.99754	0.00079	-0.00100	-0.00073	1.00000	
125	0.62500	-0.02508	-14.07593	0.23551	0.09289	-0.04411	-0.87055	0.21803	0.99988	0.01519	0.00077	-0.01519	0.99988	0.00162	-0.00075	-0.00163	1.00000		-0.70493	6.58470	0.58393	0.04454	-0.05842	4.02065	1.68117	0.99754	-0.07012	0.00102	0.07012	0.99754	0.00078	-0.00107	-0.00070	1.00000	
126	0.63000	-0.02007	-14.07462	0.23973	0.09608	-0.04380	-0.87013	0.19385	0.99988	0.01519	0.00076	-0.01519	0.99988	0.00168	-0.00074	-0.00169	1.00000		-0.71918	6.60167	0.57515	0.04712	-0.05594	4.01970	1.68429	0.99754	-0.07010	0.00098	0.07010	0.99754	0.00082	-0.00103	-0.00075	1.00000	
127	0.63500	-0.02802	-14.07811	0.23386	0.09468	-0.04294	-0.86918	0.19464	0.99988	0.01517	0.00075	-0.01517	0.99988	0.00165	-0.00072	-0.00166	1.00000		-0.74104	6.58659	0.57821	0.04747	-0.05630	4.01996	1.67791	0.99754	-0.07010	0.00098	0.07010	0.99754	0.00083	-0.00104	-0.00076	1.00000	
128	0.64000	-0.02523	-14.08225	0.22780	0.09573	-0.04870	-0.87099	0.20019	0.99988	0.01520	0.00085	-0.01520	0.99988	0.00167	-0.00082	-0.00168	1.00000		-0.72875	6.59577	0.57617	0.04810	-0.05659	4.01740	1.68398	0.99754	-0.07006	0.00099	0.07006	0.99754	0.00084	-0.00104	-0.00077	1.00000	
129	0.64500	-0.02072	-14.08387	0.22878	0.09598	-0.04730	-0.86639	0.19448	0.99989	0.01512	0.00083	-0.01512	0.99988	0.00168	-0.00080	-0.00169	1.00000		-0.70254	6.60581	0.57603	0.04941	-0.05897	4.01837	1.68557	0.99754	-0.07008	0.00103	0.07008	0.99754	0.00086	-0.00109	-0.00079	1.00000	
130	0.65000	-0.00981	-14.07509	0.21397	0.09847	-0.04939	-0.86826	0.21556	0.99988	0.01515	0.00086	-0.01515	0.99988	0.00172	-0.00084	-0.00173	1.00000		-0.72781	6.59173	0.57854	0.04742	-0.05682	4.01734	1.68395	0.99754	-0.07006	0.00099	0.07006	0.99754	0.00083	-0.00105	-0.00076	1.00000	
131	0.65500	-0.00483	-14.08053	0.23043	0.09891	-0.05168	-0.86901	0.21753	0.99988	0.01517	0.00090	-0.01517	0.99988	0.00173	-0.00088	-0.00174	1.00000		-0.73772	6.60306	0.56939	0.05108	-0.05843	4.02015	1.67341	0.99754	-0.07011	0.00102	0.07011	0.99754	0.00089	-0.00108	-0.00082	1.00000	
132	0.66000	0.03794	-14.06924	0.22516	0.10221	-0.05174	-0.87045	0.21395	0.99988	0.01519	0.00090	-0.01519	0.99988	0.00178	-0.00088	-0.00180	1.00000		-0.69955	6.61299	0.57330	0.05293	-0.05807	4.01846	1.67310	0.99754	-0.07008	0.00101	0.07008	0.99754	0.00092	-0.00108	-0.00085	1.00000	
133	0.66500	-0.00229	-14.08443	0.22597	0.10362	-0.05089	-0.87076	0.21350	0.99988	0.01520	0.00089	-0.01520	0.99988	0.00181	-0.00086	-0.00182	1.00000		-0.72161	6.60292	0.57167	0.05351	-0.05982	4.01996	1.66093	0.99754	-0.07010	0.00104	0.07010	0.99754	0.00093	-0.00111	-0.00086	1.00000	
134	0.67000	0.03366	-14.07237	0.21703	0.10466	-0.05299	-0.86925	0.19923	0.99988	0.01517	0.00092	-0.01517	0.99988	0.00183	-0.00090	-0.00184	1.00000		-0.72969	6.59994	0.57147	0.05291	-0.05845	4.02002	1.66075	0.99754	-0.07010	0.00102	0.07010	0.99754	0.00092	-0.00108	-0.00085	1.00000	
135	0.67500	0.01570	-14.07598	0.22892	0.10413	-0.05245	-0.86842	0.20118	0.99988	0.01516	0.00092	-0.01516	0.99988	0.00182	-0.00089	-0.00183	1.00000		-0.70797	6.59841	0.57046	0.05316	-0.06186	4.02208	1.67745	0.99754	-0.07014	0.00108	0.07014	0.99754	0.00093	-0.00114	-0.00085	1.00000	
136	0.68000	0.02134	-14.07018	0.23907	0.10725	-0.05539	-0.87151	0.20563	0.99988	0.01521	0.00097	-0.01521	0.99988	0.00187	-0.00094	-0.00189	1.00000		-0.72050	6.59045	0.57733	0.05293	-0.06011	4.01940	1.69473	0.99754	-0.07009	0.00105	0.07009	0.99754	0.00092	-0.00111	-0.00085	1.00000	
137	0.68500	-0.00800	-14.07944	0.23977	0.10726	-0.05189	-0.86628	0.19692	0.99989	0.01512	0.00091	-0.01512	0.99988	0.00187	-0.00088	-0.00189	1.00000		-0.68419	6.57943	0.56308	0.05392	-0.06142	4.02077	1.68964	0.99754	-0.07012	0.00107	0.07012	0.99754	0.00094	-0.00114	-0.00086	1.00000	
138	0.69000	0.04944	-14.06548	0.21241	0.11264	-0.05737	-0.87025	0.20906	0.99988	0.01519	0.00100	-0.01519	0.99988	0.00197	-0.00097	-0.00198	1.00000		-0.68274	6.60822	0.56563	0.05716	-0.06123	4.02043	1.68854	0.99754	-0.07011	0.00107	0.07011	0.99754	0.00100	-0.00114	-0.00092	1.00000	
139	0.69500	0.04997	-14.08187	0.22268	0.11044	-0.05845	-0.86832	0.20932	0.99988	0.01515	0.00102	-0.01516	0.99988	0.00193	-0.00099	-0.00194	1.00000		-0.69953	6.58686	0.57631	0.05578	-0.06054	4.02100	1.68513	0.99754	-0.07012	0.00106	0.07012	0.99754	0.00097	-0.00112	-0.00090	1.00000	
