NO_OF_FRAMES	12043
NO_OF_CAMERAS	8
NO_OF_BODIES	2
FREQUENCY	200
NO_OF_ANALOG	0
ANALOG_FREQUENCY	0
DESCRIPTION	--
TIME_STAMP	2013-07-04, 18:00:33	120048.69107339
DATA_INCLUDED	6D
BODY_NAMES	Ice 2 V2	Ice 3
Frame	Time	Ice 2 V2 X	Y	Z	Roll	Pitch	Yaw	Residual	Rot[0]	Rot[1]	Rot[2]	Rot[3]	Rot[4]	Rot[5]	Rot[6]	Rot[7]	Rot[8]	Ice 3 X	Y	Z	Roll	Pitch	Yaw	Residual	Rot[0]	Rot[1]	Rot[2]	Rot[3]	Rot[4]	Rot[5]	Rot[6]	Rot[7]	Rot[8]	
1	0.00500	-2.67131	1.85435	1.46517	0.30787	0.52112	-0.42282	1.81193	0.99993	0.00738	-0.00910	-0.00733	0.99996	0.00537	0.00913	-0.00531	0.99994		0.09850	4.22853	-0.28239	0.07041	-0.08125	4.21266	0.16836	0.99730	-0.07346	0.00142	0.07346	0.99730	0.00123	-0.00150	-0.00112	1.00000	
2	0.01000	-2.59433	1.84373	1.46588	0.31747	0.51184	-0.43113	1.75439	0.99993	0.00752	-0.00893	-0.00747	0.99996	0.00554	0.00897	-0.00547	0.99994		0.12359	4.19751	-0.25232	0.07622	-0.08286	4.21124	0.17972	0.99730	-0.07343	0.00145	0.07343	0.99730	0.00133	-0.00154	-0.00122	1.00000	
3	0.01500	-2.63164	1.82794	1.50081	0.32337	0.51635	-0.43695	1.76368	0.99993	0.00763	-0.00901	-0.00758	0.99996	0.00564	0.00905	-0.00558	0.99994		0.13840	4.18652	-0.25250	0.08198	-0.08644	4.21668	0.16473	0.99729	-0.07353	0.00151	0.07353	0.99729	0.00143	-0.00161	-0.00132	1.00000	
4	0.02000	-2.61824	1.82322	1.50714	0.32592	0.51836	-0.43318	1.77924	0.99993	0.00756	-0.00905	-0.00751	0.99996	0.00569	0.00909	-0.00562	0.99994		0.09618	4.15881	-0.26096	0.08410	-0.08196	4.21503	0.18602	0.99729	-0.07350	0.00143	0.07350	0.99729	0.00147	-0.00153	-0.00136	1.00000	
5	0.02500	-2.63843	1.81237	1.53543	0.32797	0.52439	-0.43397	1.78039	0.99993	0.00757	-0.00915	-0.00752	0.99996	0.00572	0.00920	-0.00565	0.99994		0.13855	4.17577	-0.24983	0.09325	-0.08531	4.21307	0.17020	0.99730	-0.07347	0.00149	0.07346	0.99730	0.00163	-0.00160	-0.00151	1.00000	
6	0.03000	-2.62518	1.85246	1.53890	0.33700	0.51966	-0.42761	1.77413	0.99993	0.00746	-0.00907	-0.00741	0.99996	0.00588	0.00911	-0.00581	0.99994		0.10952	4.15014	-0.24972	0.09779	-0.08348	4.21664	0.17113	0.99729	-0.07353	0.00146	0.07353	0.99729	0.00171	-0.00158	-0.00160	1.00000	
7	0.03500	-2.59090	1.82236	1.54907	0.33852	0.51476	-0.43049	1.76182	0.99993	0.00751	-0.00898	-0.00746	0.99995	0.00591	0.00903	-0.00584	0.99994		0.12497	4.16024	-0.23510	0.10641	-0.08607	4.21770	0.17296	0.99729	-0.07355	0.00150	0.07354	0.99729	0.00186	-0.00163	-0.00174	1.00000	
8	0.04000	-2.67970	1.83683	1.59079	0.34680	0.52932	-0.42801	1.77822	0.99993	0.00747	-0.00924	-0.00741	0.99995	0.00605	0.00928	-0.00598	0.99994		0.15061	4.13352	-0.22406	0.11137	-0.08729	4.21750	0.15494	0.99729	-0.07354	0.00152	0.07354	0.99729	0.00194	-0.00166	-0.00183	1.00000	
9	0.04500	-2.63264	1.82364	1.60303	0.34710	0.52093	-0.42777	1.79259	0.99993	0.00747	-0.00909	-0.00741	0.99995	0.00606	0.00914	-0.00599	0.99994		0.16582	4.14386	-0.20926	0.12001	-0.08991	4.21858	0.15656	0.99729	-0.07356	0.00157	0.07356	0.99729	0.00209	-0.00172	-0.00197	1.00000	
10	0.05000	-2.65063	1.81425	1.62967	0.35323	0.52612	-0.43193	1.77732	0.99993	0.00754	-0.00918	-0.00748	0.99995	0.00616	0.00923	-0.00610	0.99994		0.21158	4.12797	-0.20709	0.12677	-0.09379	4.21865	0.14676	0.99729	-0.07356	0.00164	0.07356	0.99729	0.00221	-0.00180	-0.00209	1.00000	
11	0.05500	-2.66759	1.81669	1.66063	0.35840	0.52973	-0.43016	1.79452	0.99993	0.00751	-0.00925	-0.00745	0.99995	0.00625	0.00929	-0.00619	0.99994		0.20199	4.12145	-0.19826	0.13377	-0.09110	4.22028	0.14816	0.99729	-0.07359	0.00159	0.07359	0.99729	0.00233	-0.00176	-0.00221	1.00000	
12	0.06000	-2.56558	1.78327	1.65053	0.35619	0.51478	-0.42844	1.78590	0.99993	0.00748	-0.00898	-0.00742	0.99995	0.00622	0.00903	-0.00615	0.99994		0.20988	4.13344	-0.18016	0.14294	-0.09509	4.21911	0.16809	0.99729	-0.07357	0.00166	0.07357	0.99729	0.00249	-0.00184	-0.00237	1.00000	
13	0.06500	-2.63173	1.78641	1.68819	0.36307	0.52489	-0.42788	1.78574	0.99993	0.00747	-0.00916	-0.00741	0.99995	0.00634	0.00921	-0.00627	0.99994		0.24266	4.10987	-0.19242	0.14722	-0.09284	4.22134	0.15578	0.99729	-0.07361	0.00162	0.07361	0.99728	0.00257	-0.00181	-0.00244	1.00000	
14	0.07000	-2.66879	1.79598	1.73802	0.36770	0.53280	-0.42724	1.81200	0.99993	0.00746	-0.00930	-0.00740	0.99995	0.00642	0.00935	-0.00635	0.99994		0.23928	4.11755	-0.16794	0.15645	-0.09738	4.21979	0.14910	0.99729	-0.07358	0.00170	0.07358	0.99729	0.00273	-0.00190	-0.00260	0.99999	
15	0.07500	-2.60035	1.78813	1.72189	0.36994	0.51754	-0.42664	1.79230	0.99993	0.00745	-0.00903	-0.00739	0.99995	0.00646	0.00908	-0.00639	0.99994		0.25501	4.13254	-0.15667	0.16492	-0.09792	4.22105	0.17465	0.99729	-0.07360	0.00171	0.07360	0.99728	0.00288	-0.00192	-0.00274	0.99999	
16	0.08000	-2.59570	1.78982	1.76236	0.37383	0.52123	-0.42311	1.80749	0.99993	0.00738	-0.00910	-0.00733	0.99995	0.00652	0.00914	-0.00646	0.99994		0.25958	4.09489	-0.15330	0.16810	-0.09642	4.22057	0.14949	0.99729	-0.07360	0.00168	0.07359	0.99728	0.00293	-0.00189	-0.00280	0.99999	
17	0.08500	-2.62043	1.77468	1.76299	0.37367	0.51700	-0.42241	1.80954	0.99993	0.00737	-0.00902	-0.00731	0.99995	0.00652	0.00907	-0.00646	0.99994		0.27391	4.11685	-0.14153	0.17833	-0.09874	4.22157	0.15328	0.99729	-0.07361	0.00172	0.07361	0.99728	0.00311	-0.00195	-0.00298	0.99999	
18	0.09000	-2.62116	1.77680	1.79461	0.37668	0.51930	-0.41979	1.79844	0.99993	0.00733	-0.00906	-0.00727	0.99995	0.00657	0.00911	-0.00651	0.99994		0.24708	4.05875	-0.16021	0.17720	-0.09509	4.21992	0.16440	0.99729	-0.07358	0.00166	0.07358	0.99728	0.00309	-0.00188	-0.00296	0.99999	
19	0.09500	-2.64709	1.79081	1.84830	0.38642	0.52899	-0.42420	1.79750	0.99993	0.00740	-0.00923	-0.00734	0.99995	0.00674	0.00928	-0.00668	0.99993		0.28274	4.06477	-0.13788	0.18849	-0.09925	4.22726	0.15615	0.99728	-0.07371	0.00173	0.07371	0.99727	0.00329	-0.00197	-0.00315	0.99999	
20	0.10000	-2.57491	1.77378	1.83611	0.38369	0.51293	-0.41632	1.79190	0.99993	0.00727	-0.00895	-0.00721	0.99995	0.00670	0.00900	-0.00663	0.99994		0.29323	4.09565	-0.11554	0.19911	-0.10114	4.22052	0.13751	0.99729	-0.07360	0.00177	0.07359	0.99728	0.00348	-0.00202	-0.00334	0.99999	
21	0.10500	-2.62878	1.79127	1.87388	0.39022	0.52136	-0.41966	1.82978	0.99993	0.00732	-0.00910	-0.00726	0.99995	0.00681	0.00915	-0.00674	0.99994		0.32734	4.09106	-0.09133	0.20396	-0.10351	4.22460	0.15385	0.99728	-0.07367	0.00181	0.07366	0.99728	0.00356	-0.00206	-0.00342	0.99999	
22	0.11000	-2.62887	1.74795	1.91117	0.38836	0.51934	-0.42526	1.82746	0.99993	0.00742	-0.00906	-0.00736	0.99995	0.00678	0.00911	-0.00671	0.99994		0.32218	4.09045	-0.06766	0.21079	-0.10345	4.22537	0.14813	0.99728	-0.07368	0.00181	0.07367	0.99728	0.00368	-0.00207	-0.00354	0.99999	
23	0.11500	-2.65786	1.75993	1.91151	0.39557	0.52282	-0.42708	1.80068	0.99993	0.00745	-0.00912	-0.00739	0.99995	0.00690	0.00918	-0.00684	0.99993		0.32060	4.07632	-0.07440	0.21572	-0.10034	4.22611	0.15383	0.99728	-0.07369	0.00175	0.07369	0.99727	0.00376	-0.00202	-0.00363	0.99999	
24	0.12000	-2.50667	1.38592	1.36954	0.32382	0.49412	-0.41455	1.82067	0.99994	0.00723	-0.00862	-0.00719	0.99996	0.00565	0.00866	-0.00559	0.99995		0.68751	3.98026	0.29324	0.21365	-0.14960	4.23331	0.25606	0.99727	-0.07382	0.00261	0.07381	0.99727	0.00373	-0.00288	-0.00353	0.99999	
25	0.12500	-2.45439	1.36712	1.36712	0.32039	0.48613	-0.41868	1.79073	0.99994	0.00731	-0.00848	-0.00726	0.99996	0.00559	0.00852	-0.00553	0.99995		0.69704	3.98370	0.30644	0.22124	-0.15146	4.23431	0.25528	0.99727	-0.07384	0.00264	0.07382	0.99726	0.00386	-0.00292	-0.00366	0.99999	
26	0.13000	-2.54924	1.36764	1.43224	0.32740	0.49938	-0.42258	1.79991	0.99993	0.00738	-0.00872	-0.00733	0.99996	0.00571	0.00876	-0.00565	0.99995		0.70834	3.96720	0.33914	0.22485	-0.15226	4.23348	0.25421	0.99727	-0.07382	0.00266	0.07381	0.99726	0.00392	-0.00294	-0.00372	0.99999	
27	0.13500	-2.45046	1.34554	1.39812	0.32277	0.47882	-0.41787	1.79838	0.99994	0.00729	-0.00836	-0.00725	0.99996	0.00563	0.00840	-0.00557	0.99995		0.74725	3.98222	0.36278	0.23091	-0.15784	4.23423	0.22406	0.99727	-0.07383	0.00275	0.07382	0.99726	0.00403	-0.00304	-0.00382	0.99999	
28	0.14000	-2.52333	1.37406	1.45276	0.32952	0.48705	-0.41571	1.79715	0.99994	0.00726	-0.00850	-0.00721	0.99996	0.00575	0.00854	-0.00569	0.99995		0.74713	3.94105	0.37974	0.23287	-0.15802	4.23852	0.25412	0.99726	-0.07391	0.00276	0.07390	0.99726	0.00406	-0.00305	-0.00385	0.99999	
29	0.14500	-2.50276	1.36169	1.47330	0.33004	0.48589	-0.41901	1.79381	0.99994	0.00731	-0.00848	-0.00726	0.99996	0.00576	0.00852	-0.00570	0.99995		0.73465	3.96788	0.38819	0.23869	-0.15855	4.23683	0.26300	0.99726	-0.07388	0.00277	0.07387	0.99726	0.00417	-0.00307	-0.00395	0.99999	
30	0.15000	-2.51008	1.33650	1.50411	0.32532	0.48736	-0.41928	1.79124	0.99994	0.00732	-0.00851	-0.00727	0.99996	0.00568	0.00855	-0.00562	0.99995		0.76003	3.97442	0.43962	0.24437	-0.16331	4.23406	0.23900	0.99727	-0.07383	0.00285	0.07382	0.99726	0.00427	-0.00316	-0.00404	0.99999	
31	0.15500	-2.63915	1.35508	1.58424	0.33456	0.50479	-0.42320	1.78454	0.99993	0.00739	-0.00881	-0.00733	0.99996	0.00584	0.00885	-0.00577	0.99994		0.79689	3.94784	0.45910	0.24508	-0.16469	4.23722	0.25530	0.99726	-0.07389	0.00287	0.07387	0.99726	0.00428	-0.00318	-0.00405	0.99999	
32	0.16000	-2.66690	1.34656	1.62474	0.33262	0.51346	-0.42439	1.79388	0.99993	0.00741	-0.00896	-0.00735	0.99996	0.00581	0.00900	-0.00574	0.99994		0.77782	3.94373	0.45730	0.24612	-0.16213	4.23762	0.23913	0.99726	-0.07389	0.00283	0.07388	0.99726	0.00430	-0.00314	-0.00407	0.99999	
33	0.16500	-2.75752	1.36443	1.67648	0.33572	0.52407	-0.42592	1.80646	0.99993	0.00743	-0.00915	-0.00738	0.99996	0.00586	0.00919	-0.00579	0.99994		0.78540	3.94803	0.47453	0.25195	-0.16373	4.23788	0.24824	0.99726	-0.07390	0.00286	0.07388	0.99726	0.00440	-0.00317	-0.00417	0.99999	
34	0.17000	-2.77456	1.37407	1.70806	0.33768	0.52728	-0.42623	1.80588	0.99993	0.00744	-0.00920	-0.00738	0.99996	0.00589	0.00925	-0.00582	0.99994		0.78889	3.90170	0.49460	0.24881	-0.16520	4.23752	0.26061	0.99726	-0.07389	0.00288	0.07388	0.99726	0.00434	-0.00320	-0.00412	0.99999	
35	0.17500	-2.71991	1.34082	1.71878	0.33252	0.51475	-0.43174	1.80172	0.99993	0.00753	-0.00898	-0.00748	0.99996	0.00580	0.00903	-0.00574	0.99994		0.80419	3.95475	0.52601	0.25813	-0.16693	4.23745	0.26319	0.99726	-0.07389	0.00291	0.07388	0.99726	0.00451	-0.00324	-0.00428	0.99999	
36	0.18000	-2.79491	1.35740	1.76813	0.33345	0.52190	-0.42334	1.80816	0.99993	0.00739	-0.00911	-0.00734	0.99996	0.00582	0.00915	-0.00575	0.99994		0.84092	3.94171	0.55241	0.25942	-0.17043	4.23845	0.25010	0.99726	-0.07391	0.00297	0.07389	0.99726	0.00453	-0.00330	-0.00430	0.99999	
37	0.18500	-2.79634	1.36338	1.77047	0.33131	0.52148	-0.42258	1.82062	0.99993	0.00738	-0.00910	-0.00732	0.99996	0.00578	0.00914	-0.00572	0.99994		0.84313	3.91990	0.59052	0.25640	-0.17090	4.23854	0.24784	0.99726	-0.07391	0.00298	0.07389	0.99726	0.00448	-0.00331	-0.00424	0.99999	
38	0.19000	-2.74347	1.31624	1.77602	0.32611	0.50553	-0.42690	1.79215	0.99993	0.00745	-0.00882	-0.00740	0.99996	0.00569	0.00887	-0.00563	0.99994		0.81802	3.92838	0.61242	0.25762	-0.16984	4.23599	0.26228	0.99726	-0.07386	0.00296	0.07385	0.99726	0.00450	-0.00329	-0.00426	0.99999	
39	0.19500	-2.82092	1.35496	1.81311	0.32657	0.51473	-0.42368	1.78983	0.99993	0.00739	-0.00898	-0.00734	0.99996	0.00570	0.00903	-0.00563	0.99994		0.83316	3.90404	0.64102	0.25528	-0.17419	4.23610	0.24145	0.99726	-0.07387	0.00304	0.07385	0.99726	0.00446	-0.00336	-0.00422	0.99999	
40	0.20000	-2.81082	1.35016	1.85710	0.32281	0.51430	-0.42135	1.80560	0.99993	0.00735	-0.00898	-0.00730	0.99996	0.00563	0.00902	-0.00557	0.99994		0.87468	3.93929	0.67195	0.25931	-0.17908	4.23789	0.22463	0.99726	-0.07390	0.00313	0.07388	0.99726	0.00453	-0.00345	-0.00428	0.99998	
41	0.20500	-2.81121	1.34430	1.85660	0.31865	0.50798	-0.42227	1.80506	0.99993	0.00737	-0.00887	-0.00732	0.99996	0.00556	0.00891	-0.00550	0.99995		0.87434	3.92986	0.68885	0.25656	-0.17855	4.23931	0.25491	0.99726	-0.07392	0.00312	0.07391	0.99725	0.00448	-0.00344	-0.00424	0.99999	
42	0.21000	-2.77150	1.32706	1.88683	0.31609	0.50381	-0.42604	1.78996	0.99993	0.00744	-0.00879	-0.00739	0.99996	0.00552	0.00883	-0.00545	0.99995		0.84310	3.93595	0.71268	0.25734	-0.17671	4.23666	0.26679	0.99726	-0.07388	0.00308	0.07386	0.99726	0.00449	-0.00341	-0.00425	0.99999	
43	0.21500	-2.81678	1.35491	1.91431	0.31791	0.50525	-0.42681	1.78937	0.99993	0.00745	-0.00882	-0.00740	0.99996	0.00555	0.00886	-0.00548	0.99995		0.89909	3.92199	0.75277	0.25578	-0.18197	4.23973	0.26104	0.99726	-0.07393	0.00318	0.07391	0.99725	0.00446	-0.00350	-0.00422	0.99998	
44	0.22000	-2.78975	1.33921	1.93782	0.30989	0.50203	-0.42496	1.81617	0.99993	0.00742	-0.00876	-0.00737	0.99996	0.00541	0.00880	-0.00534	0.99995		0.89816	3.93123	0.78147	0.25526	-0.18540	4.23911	0.25951	0.99726	-0.07392	0.00324	0.07390	0.99726	0.00446	-0.00356	-0.00420	0.99998	
45	0.22500	-2.74710	1.32489	1.92338	0.30498	0.49140	-0.42310	1.80430	0.99994	0.00738	-0.00858	-0.00734	0.99996	0.00532	0.00862	-0.00526	0.99995		0.87533	3.95187	0.81761	0.25380	-0.18234	4.23607	0.25911	0.99726	-0.07387	0.00318	0.07385	0.99726	0.00443	-0.00350	-0.00418	0.99999	
46	0.23000	-2.82036	1.34598	1.97446	0.30577	0.49915	-0.42327	1.81756	0.99993	0.00739	-0.00871	-0.00734	0.99996	0.00534	0.00875	-0.00527	0.99995		0.91338	3.92318	0.84849	0.24806	-0.18528	4.23820	0.25719	0.99726	-0.07390	0.00323	0.07389	0.99726	0.00433	-0.00354	-0.00408	0.99999	
47	0.23500	-2.80922	1.32731	1.99431	0.29774	0.49241	-0.42477	1.81377	0.99994	0.00741	-0.00859	-0.00737	0.99996	0.00520	0.00863	-0.00513	0.99995		0.86600	3.92270	0.86302	0.24496	-0.18401	4.23805	0.25060	0.99726	-0.07390	0.00321	0.07389	0.99726	0.00428	-0.00352	-0.00403	0.99999	
48	0.24000	-2.76980	1.32499	2.01646	0.29457	0.48428	-0.42552	1.78768	0.99994	0.00743	-0.00845	-0.00738	0.99996	0.00514	0.00849	-0.00508	0.99995		0.88613	3.94467	0.91557	0.24341	-0.18852	4.23517	0.27349	0.99726	-0.07385	0.00329	0.07384	0.99726	0.00425	-0.00359	-0.00399	0.99999	
49	0.24500	-2.74779	1.33268	2.02283	0.29170	0.48101	-0.42652	1.78799	0.99994	0.00744	-0.00840	-0.00740	0.99996	0.00509	0.00843	-0.00503	0.99995		0.92346	3.91600	0.94164	0.23766	-0.19137	4.23727	0.26995	0.99726	-0.07389	0.00334	0.07387	0.99726	0.00415	-0.00364	-0.00389	0.99999	
50	0.25000	-2.71773	1.31490	2.04378	0.28470	0.47754	-0.42749	1.79641	0.99994	0.00746	-0.00833	-0.00742	0.99996	0.00497	0.00837	-0.00491	0.99995		0.93648	3.92759	0.95192	0.23432	-0.19243	4.23730	0.26830	0.99726	-0.07389	0.00336	0.07387	0.99726	0.00409	-0.00365	-0.00383	0.99999	
51	0.25500	-2.76994	1.32302	2.06943	0.28076	0.47755	-0.42715	1.77972	0.99994	0.00745	-0.00833	-0.00741	0.99996	0.00490	0.00837	-0.00484	0.99995		0.92858	3.95430	1.00738	0.23214	-0.19499	4.23390	0.27125	0.99727	-0.07383	0.00340	0.07381	0.99726	0.00405	-0.00369	-0.00379	0.99999	
52	0.26000	-2.73294	1.32539	2.07475	0.27896	0.46843	-0.43066	1.78264	0.99994	0.00752	-0.00818	-0.00748	0.99996	0.00487	0.00821	-0.00481	0.99995		0.89407	3.97871	1.03960	0.22979	-0.19424	4.23653	0.27100	0.99726	-0.07387	0.00339	0.07386	0.99726	0.00401	-0.00368	-0.00375	0.99999	
53	0.26500	-2.79032	1.34921	2.12212	0.27404	0.47607	-0.41875	1.79845	0.99994	0.00731	-0.00831	-0.00727	0.99996	0.00478	0.00834	-0.00472	0.99995		0.91886	3.96761	1.05713	0.22303	-0.19766	4.23471	0.24888	0.99726	-0.07384	0.00345	0.07383	0.99726	0.00389	-0.00373	-0.00363	0.99999	
54	0.27000	-2.69404	1.31646	2.10348	0.26693	0.45882	-0.42788	1.76896	0.99994	0.00747	-0.00801	-0.00743	0.99996	0.00466	0.00804	-0.00460	0.99996		0.93623	3.94982	1.10223	0.21521	-0.19995	4.23295	0.28684	0.99727	-0.07381	0.00349	0.07380	0.99727	0.00376	-0.00376	-0.00349	0.99999	
55	0.27500	-2.65939	1.31261	2.11061	0.25938	0.45161	-0.42488	1.78295	0.99994	0.00742	-0.00788	-0.00738	0.99996	0.00453	0.00792	-0.00447	0.99996		0.93820	3.99119	1.17645	0.21571	-0.20395	4.23610	0.29993	0.99726	-0.07387	0.00356	0.07385	0.99726	0.00376	-0.00383	-0.00349	0.99999	
56	0.28000	-2.73890	1.32959	2.15509	0.25824	0.46236	-0.42616	1.79184	0.99994	0.00744	-0.00807	-0.00740	0.99996	0.00451	0.00810	-0.00445	0.99996		0.95868	4.02307	1.21333	0.21485	-0.20640	4.23408	0.28309	0.99726	-0.07383	0.00360	0.07382	0.99726	0.00375	-0.00387	-0.00347	0.99999	
57	0.28500	-2.75779	1.31058	2.17719	0.25358	0.46131	-0.42976	1.78621	0.99994	0.00750	-0.00805	-0.00746	0.99996	0.00443	0.00808	-0.00437	0.99996		0.96435	4.00466	1.24438	0.20476	-0.20819	4.23456	0.29462	0.99726	-0.07384	0.00363	0.07383	0.99726	0.00357	-0.00389	-0.00330	0.99999	
58	0.29000	-2.76501	1.33366	2.18793	0.25011	0.46074	-0.42588	1.80065	0.99994	0.00743	-0.00804	-0.00740	0.99996	0.00437	0.00807	-0.00431	0.99996		0.98564	4.01422	1.26657	0.19906	-0.21159	4.23629	0.27242	0.99726	-0.07387	0.00369	0.07386	0.99726	0.00347	-0.00394	-0.00319	0.99999	
59	0.29500	-2.72338	1.33366	2.20338	0.24366	0.45384	-0.42190	1.77547	0.99994	0.00736	-0.00792	-0.00733	0.99996	0.00425	0.00795	-0.00419	0.99996		0.97766	4.02864	1.29985	0.19415	-0.21629	4.23203	0.26211	0.99727	-0.07380	0.00378	0.07378	0.99727	0.00339	-0.00401	-0.00310	0.99999	
60	0.30000	-2.73214	1.34109	2.22305	0.23743	0.45119	-0.42176	1.77771	0.99994	0.00736	-0.00787	-0.00733	0.99996	0.00414	0.00790	-0.00409	0.99996		0.98518	3.99982	1.33894	0.18426	-0.21495	4.23228	0.27489	0.99727	-0.07380	0.00375	0.07379	0.99727	0.00322	-0.00398	-0.00293	0.99999	
61	0.30500	-2.78665	1.32773	2.25017	0.23452	0.45442	-0.42990	1.78142	0.99994	0.00750	-0.00793	-0.00747	0.99996	0.00409	0.00796	-0.00403	0.99996		0.94215	3.96332	1.33919	0.17134	-0.21373	4.23339	0.27607	0.99726	-0.07382	0.00373	0.07381	0.99727	0.00299	-0.00394	-0.00271	0.99999	
62	0.31000	-2.70605	1.33323	2.24043	0.22882	0.44397	-0.42634	1.77154	0.99994	0.00744	-0.00775	-0.00741	0.99996	0.00399	0.00778	-0.00394	0.99996		0.95195	4.00127	1.37094	0.16687	-0.21594	4.23098	0.28945	0.99727	-0.07378	0.00377	0.07377	0.99727	0.00291	-0.00397	-0.00263	0.99999	
63	0.31500	-2.68729	1.32538	2.26604	0.22189	0.43980	-0.42065	1.75792	0.99994	0.00734	-0.00768	-0.00731	0.99997	0.00387	0.00770	-0.00382	0.99996		0.95454	3.99243	1.38808	0.15724	-0.21535	4.23144	0.26171	0.99727	-0.07378	0.00376	0.07377	0.99727	0.00274	-0.00395	-0.00246	0.99999	
64	0.32000	-2.72273	1.34396	2.27341	0.22145	0.44248	-0.42857	1.76671	0.99994	0.00748	-0.00772	-0.00745	0.99996	0.00386	0.00775	-0.00381	0.99996		0.95525	3.99300	1.41110	0.14972	-0.21633	4.23179	0.27599	0.99727	-0.07379	0.00378	0.07378	0.99727	0.00261	-0.00396	-0.00233	0.99999	
65	0.32500	-2.67519	1.32997	2.26532	0.21319	0.43019	-0.42574	1.76756	0.99994	0.00743	-0.00751	-0.00740	0.99997	0.00372	0.00754	-0.00367	0.99996		0.98195	4.00981	1.44869	0.14611	-0.22137	4.23023	0.26619	0.99727	-0.07376	0.00386	0.07375	0.99727	0.00255	-0.00404	-0.00226	0.99999	
66	0.33000	-2.71839	1.33221	2.32471	0.21098	0.44103	-0.42866	1.74763	0.99994	0.00748	-0.00770	-0.00745	0.99997	0.00368	0.00772	-0.00362	0.99996		0.91295	3.99606	1.47995	0.13611	-0.21625	4.23173	0.26478	0.99727	-0.07379	0.00377	0.07378	0.99727	0.00238	-0.00394	-0.00209	0.99999	
67	0.33500	-2.77592	1.35170	2.34985	0.20916	0.45020	-0.43020	1.72820	0.99994	0.00751	-0.00786	-0.00748	0.99997	0.00365	0.00788	-0.00359	0.99996		0.95094	4.01719	1.49932	0.12992	-0.21853	4.23076	0.25347	0.99727	-0.07377	0.00381	0.07376	0.99727	0.00227	-0.00397	-0.00198	0.99999	
68	0.34000	-2.72564	1.34732	2.34477	0.20412	0.43848	-0.42917	1.76106	0.99994	0.00749	-0.00765	-0.00746	0.99997	0.00356	0.00768	-0.00351	0.99996		0.91360	4.02102	1.51832	0.12199	-0.21834	4.22870	0.28483	0.99727	-0.07374	0.00381	0.07373	0.99728	0.00213	-0.00396	-0.00184	0.99999	
69	0.34500	-2.67606	1.32614	2.32635	0.19646	0.42988	-0.43199	1.74350	0.99994	0.00754	-0.00750	-0.00751	0.99997	0.00343	0.00753	-0.00337	0.99997		0.90216	4.00008	1.54324	0.10987	-0.21744	4.23014	0.26193	0.99727	-0.07376	0.00380	0.07376	0.99727	0.00192	-0.00393	-0.00163	0.99999	
70	0.35000	-2.71471	1.36136	2.37008	0.19650	0.43392	-0.42665	1.74724	0.99994	0.00745	-0.00757	-0.00742	0.99997	0.00343	0.00760	-0.00337	0.99997		0.88084	3.99375	1.56353	0.10105	-0.21849	4.22595	0.26680	0.99727	-0.07369	0.00381	0.07368	0.99728	0.00176	-0.00393	-0.00148	0.99999	
71	0.35500	-2.76736	1.35361	2.39746	0.19655	0.44722	-0.43230	1.72527	0.99994	0.00754	-0.00781	-0.00752	0.99997	0.00343	0.00783	-0.00337	0.99996		0.90057	3.99341	1.59767	0.09253	-0.22120	4.22906	0.27573	0.99727	-0.07374	0.00386	0.07374	0.99728	0.00161	-0.00397	-0.00133	0.99999	
72	0.36000	-2.77748	1.35809	2.42585	0.19311	0.45041	-0.43284	1.73338	0.99994	0.00755	-0.00786	-0.00753	0.99997	0.00337	0.00789	-0.00331	0.99996		0.92848	4.00790	1.63087	0.08783	-0.22355	4.22411	0.23879	0.99728	-0.07366	0.00390	0.07365	0.99728	0.00153	-0.00400	-0.00124	0.99999	
73	0.36500	-2.66675	1.33398	2.38869	0.18588	0.43254	-0.43501	1.73539	0.99994	0.00759	-0.00755	-0.00757	0.99997	0.00324	0.00757	-0.00319	0.99997		0.91479	4.00933	1.65136	0.07826	-0.21968	4.22688	0.26082	0.99727	-0.07371	0.00383	0.07370	0.99728	0.00137	-0.00392	-0.00108	0.99999	
74	0.37000	-2.77839	1.37221	2.44231	0.18597	0.44663	-0.43316	1.74744	0.99994	0.00756	-0.00780	-0.00753	0.99997	0.00325	0.00782	-0.00319	0.99996		0.90642	4.00218	1.65995	0.07035	-0.22449	4.22268	0.24651	0.99728	-0.07363	0.00392	0.07363	0.99728	0.00123	-0.00400	-0.00094	0.99999	
75	0.37500	-2.66606	1.32413	2.42174	0.17607	0.42705	-0.43569	1.72043	0.99994	0.00760	-0.00745	-0.00758	0.99997	0.00307	0.00748	-0.00302	0.99997		0.87259	3.95801	1.67265	0.05744	-0.21893	4.22473	0.27501	0.99728	-0.07367	0.00382	0.07366	0.99728	0.00100	-0.00388	-0.00072	0.99999	
76	0.38000	-2.73216	1.33851	2.45534	0.17854	0.43883	-0.43598	1.71719	0.99994	0.00761	-0.00766	-0.00759	0.99997	0.00312	0.00768	-0.00306	0.99997		0.85776	3.96848	1.69005	0.04956	-0.21639	4.22171	0.26906	0.99728	-0.07362	0.00378	0.07361	0.99729	0.00087	-0.00383	-0.00058	0.99999	
77	0.38500	-2.76279	1.34001	2.44937	0.17589	0.44082	-0.43394	1.70231	0.99994	0.00757	-0.00769	-0.00755	0.99997	0.00307	0.00772	-0.00301	0.99997		0.84254	3.99177	1.71368	0.04720	-0.21843	4.22378	0.27489	0.99728	-0.07365	0.00381	0.07365	0.99728	0.00082	-0.00386	-0.00054	0.99999	
78	0.39000	-2.79502	1.36635	2.47257	0.17379	0.44644	-0.43005	1.73115	0.99994	0.00751	-0.00779	-0.00748	0.99997	0.00303	0.00781	-0.00297	0.99997		0.84077	4.01798	1.74284	0.04238	-0.21974	4.21984	0.25021	0.99728	-0.07358	0.00384	0.07358	0.99729	0.00074	-0.00388	-0.00046	0.99999	
79	0.39500	-2.79214	1.35530	2.49176	0.17412	0.45047	-0.43623	1.71169	0.99994	0.00761	-0.00786	-0.00759	0.99997	0.00304	0.00788	-0.00298	0.99996		0.83438	4.01714	1.77133	0.03517	-0.21824	4.21888	0.25215	0.99728	-0.07357	0.00381	0.07356	0.99729	0.00061	-0.00384	-0.00033	0.99999	
80	0.40000	-2.75227	1.32069	2.48770	0.16544	0.43776	-0.43797	1.71043	0.99994	0.00764	-0.00764	-0.00762	0.99997	0.00289	0.00766	-0.00283	0.99997		0.80854	3.99161	1.76424	0.02580	-0.21563	4.22082	0.26244	0.99728	-0.07360	0.00376	0.07360	0.99729	0.00045	-0.00379	-0.00017	0.99999	
81	0.40500	-2.69254	1.30149	2.48540	0.16256	0.43381	-0.44280	1.70852	0.99994	0.00773	-0.00757	-0.00771	0.99997	0.00284	0.00759	-0.00278	0.99997		0.80625	3.98789	1.81068	0.01950	-0.21619	4.22183	0.26526	0.99728	-0.07362	0.00377	0.07362	0.99729	0.00034	-0.00379	-0.00006	0.99999	
82	0.41000	-2.71916	1.32603	2.48723	0.16127	0.44065	-0.43886	1.69641	0.99994	0.00766	-0.00769	-0.00764	0.99997	0.00281	0.00771	-0.00276	0.99997		0.81111	3.98419	1.81013	0.01163	-0.21685	4.21897	0.24754	0.99728	-0.07357	0.00378	0.07357	0.99729	0.00020	-0.00379	0.00008	0.99999	
83	0.41500	-2.75787	1.32332	2.52006	0.16167	0.44852	-0.44038	1.69213	0.99994	0.00769	-0.00783	-0.00766	0.99997	0.00282	0.00785	-0.00276	0.99997		0.80292	4.00108	1.82754	0.00872	-0.21499	4.21863	0.24028	0.99728	-0.07356	0.00375	0.07356	0.99729	0.00015	-0.00375	0.00012	0.99999	
84	0.42000	-2.67930	1.31453	2.51705	0.15833	0.43514	-0.44082	1.68412	0.99994	0.00769	-0.00759	-0.00767	0.99997	0.00276	0.00762	-0.00270	0.99997		0.79655	4.00267	1.85561	0.00187	-0.21348	4.21766	0.24256	0.99728	-0.07355	0.00373	0.07355	0.99729	0.00003	-0.00372	0.00024	0.99999	
85	0.42500	-2.78322	1.30641	2.54089	0.15885	0.44991	-0.44580	1.68409	0.99994	0.00778	-0.00785	-0.00776	0.99997	0.00277	0.00787	-0.00271	0.99997		0.75990	3.96905	1.85221	-0.00549	-0.20987	4.21895	0.26938	0.99728	-0.07357	0.00366	0.07357	0.99729	-0.00010	-0.00365	0.00037	0.99999	
86	0.43000	-2.77212	1.27868	2.52897	0.15587	0.44598	-0.44749	1.70132	0.99994	0.00781	-0.00778	-0.00779	0.99997	0.00272	0.00780	-0.00266	0.99997		0.76578	3.97386	1.86535	-0.00926	-0.20855	4.21767	0.25482	0.99729	-0.07355	0.00364	0.07355	0.99729	-0.00016	-0.00362	0.00043	0.99999	
87	0.43500	-2.78585	1.31815	2.54031	0.15875	0.45064	-0.44617	1.67253	0.99994	0.00779	-0.00787	-0.00777	0.99997	0.00277	0.00789	-0.00271	0.99997		0.78021	3.98150	1.89914	-0.01303	-0.21264	4.21435	0.25129	0.99729	-0.07349	0.00371	0.07349	0.99730	-0.00023	-0.00368	0.00050	0.99999	
88	0.44000	-2.74054	1.27225	2.55172	0.15284	0.44596	-0.44810	1.68525	0.99994	0.00782	-0.00778	-0.00780	0.99997	0.00267	0.00780	-0.00261	0.99997		0.76505	4.01223	1.92504	-0.01260	-0.21098	4.21699	0.26136	0.99729	-0.07353	0.00368	0.07353	0.99729	-0.00022	-0.00366	0.00049	0.99999	
89	0.44500	-2.72027	1.27279	2.54104	0.15326	0.43664	-0.44959	1.67427	0.99994	0.00785	-0.00762	-0.00783	0.99997	0.00267	0.00764	-0.00262	0.99997		0.74666	4.00407	1.93276	-0.01709	-0.20685	4.21414	0.27009	0.99729	-0.07348	0.00361	0.07349	0.99730	-0.00030	-0.00358	0.00056	0.99999	
90	0.45000	-2.74332	1.27764	2.54777	0.15217	0.44563	-0.44522	1.67506	0.99994	0.00777	-0.00778	-0.00775	0.99997	0.00266	0.00780	-0.00260	0.99997		0.72786	4.00809	1.95764	-0.02041	-0.20495	4.21681	0.27494	0.99729	-0.07353	0.00358	0.07353	0.99729	-0.00036	-0.00354	0.00062	0.99999	
91	0.45500	-2.71332	1.27030	2.54574	0.15438	0.44051	-0.44690	1.67669	0.99994	0.00780	-0.00769	-0.00778	0.99997	0.00269	0.00771	-0.00263	0.99997		0.75396	4.03496	1.96718	-0.01784	-0.20696	4.21403	0.26953	0.99729	-0.07348	0.00361	0.07348	0.99730	-0.00031	-0.00358	0.00058	0.99999	
92	0.46000	-2.75897	1.27326	2.56991	0.15882	0.45224	-0.45203	1.66813	0.99994	0.00789	-0.00789	-0.00787	0.99997	0.00277	0.00791	-0.00271	0.99996		0.70199	4.04341	1.99306	-0.02164	-0.20496	4.21310	0.27306	0.99729	-0.07347	0.00358	0.07347	0.99730	-0.00038	-0.00354	0.00064	0.99999	
93	0.46500	-2.80153	1.28002	2.53935	0.15751	0.45146	-0.44489	1.67296	0.99994	0.00776	-0.00788	-0.00774	0.99997	0.00275	0.00790	-0.00269	0.99997		0.71083	4.05052	2.00419	-0.02093	-0.20366	4.21534	0.25659	0.99729	-0.07350	0.00355	0.07351	0.99729	-0.00037	-0.00352	0.00063	0.99999	
94	0.47000	-2.81813	1.28111	2.57207	0.15941	0.46220	-0.45155	1.66569	0.99994	0.00788	-0.00807	-0.00786	0.99997	0.00278	0.00809	-0.00272	0.99996		0.71196	4.06859	2.00099	-0.02135	-0.20182	4.21361	0.27486	0.99729	-0.07347	0.00352	0.07348	0.99730	-0.00037	-0.00349	0.00063	0.99999	
95	0.47500	-2.84095	1.30931	2.56451	0.16268	0.46330	-0.44457	1.64492	0.99994	0.00776	-0.00809	-0.00774	0.99997	0.00284	0.00811	-0.00278	0.99996		0.69021	4.06705	2.00810	-0.02188	-0.19887	4.21326	0.26851	0.99729	-0.07347	0.00347	0.07347	0.99730	-0.00038	-0.00343	0.00064	0.99999	
96	0.48000	-2.86306	1.25554	2.58109	0.15632	0.46913	-0.45182	1.66317	0.99994	0.00789	-0.00819	-0.00786	0.99997	0.00273	0.00821	-0.00266	0.99996		0.68075	4.04842	2.02942	-0.02545	-0.19571	4.21338	0.28588	0.99729	-0.07347	0.00342	0.07347	0.99730	-0.00044	-0.00337	0.00069	0.99999	
97	0.48500	-2.83897	1.28809	2.55457	0.16113	0.46115	-0.44657	1.66201	0.99994	0.00779	-0.00805	-0.00777	0.99997	0.00281	0.00807	-0.00275	0.99996		0.66072	4.04906	2.03874	-0.02564	-0.19301	4.21306	0.28029	0.99729	-0.07347	0.00337	0.07347	0.99730	-0.00045	-0.00333	0.00069	0.99999	
98	0.49000	-2.86774	1.24520	2.57355	0.16279	0.47619	-0.45771	1.65966	0.99993	0.00799	-0.00831	-0.00796	0.99996	0.00284	0.00833	-0.00277	0.99996		0.67257	4.06398	2.03163	-0.02279	-0.19299	4.21200	0.27634	0.99729	-0.07345	0.00337	0.07345	0.99730	-0.00040	-0.00333	0.00064	0.99999	
99	0.49500	-2.90813	1.24842	2.58235	0.16314	0.48096	-0.45453	1.67265	0.99993	0.00793	-0.00839	-0.00791	0.99996	0.00285	0.00842	-0.00278	0.99996		0.64902	4.08476	2.06465	-0.02026	-0.18960	4.21156	0.27261	0.99729	-0.07344	0.00331	0.07344	0.99730	-0.00035	-0.00327	0.00060	0.99999	
100	0.50000	-2.91437	1.27167	2.57539	0.16687	0.48376	-0.45693	1.65959	0.99993	0.00797	-0.00844	-0.00795	0.99996	0.00291	0.00847	-0.00285	0.99996		0.63741	4.03642	2.04961	-0.02608	-0.18645	4.21243	0.27510	0.99729	-0.07345	0.00325	0.07346	0.99730	-0.00046	-0.00321	0.00069	0.99999	
101	0.50500	-2.95691	1.25925	2.59184	0.16540	0.48710	-0.45282	1.67510	0.99993	0.00790	-0.00850	-0.00788	0.99996	0.00289	0.00852	-0.00282	0.99996		0.61159	4.07725	2.07467	-0.01799	-0.18530	4.21691	0.28810	0.99729	-0.07353	0.00323	0.07353	0.99729	-0.00031	-0.00320	0.00055	0.99999	
102	0.51000	-2.93586	1.26957	2.57502	0.16771	0.48643	-0.45541	1.67159	0.99993	0.00795	-0.00849	-0.00792	0.99996	0.00293	0.00851	-0.00286	0.99996		0.62766	4.09801	2.05659	-0.01580	-0.18456	4.21279	0.26982	0.99729	-0.07346	0.00322	0.07346	0.99730	-0.00028	-0.00319	0.00051	0.99999	
103	0.51500	-2.94970	1.26038	2.56974	0.16762	0.48436	-0.45314	1.64808	0.99993	0.00791	-0.00845	-0.00788	0.99996	0.00293	0.00848	-0.00286	0.99996		0.57429	4.05135	2.05151	-0.01933	-0.17780	4.21364	0.28702	0.99729	-0.07348	0.00310	0.07348	0.99730	-0.00034	-0.00307	0.00056	1.00000	
104	0.52000	-2.96095	1.23076	2.57253	0.16574	0.49110	-0.45007	1.65977	0.99993	0.00785	-0.00857	-0.00783	0.99997	0.00289	0.00859	-0.00283	0.99996		0.60346	4.06804	2.07342	-0.01588	-0.18001	4.21371	0.28798	0.99729	-0.07348	0.00314	0.07348	0.99730	-0.00028	-0.00311	0.00051	1.00000	
105	0.52500	-3.03912	1.27386	2.57100	0.17316	0.50071	-0.44858	1.64666	0.99993	0.00783	-0.00874	-0.00780	0.99997	0.00302	0.00876	-0.00295	0.99996		0.61371	4.09784	2.08349	-0.00914	-0.17963	4.21327	0.27421	0.99729	-0.07347	0.00314	0.07347	0.99730	-0.00016	-0.00311	0.00039	1.00000	
106	0.53000	-2.99316	1.25956	2.54246	0.17440	0.49680	-0.45177	1.66018	0.99993	0.00788	-0.00867	-0.00786	0.99996	0.00304	0.00869	-0.00298	0.99996		0.56411	4.09435	2.08360	-0.00580	-0.17502	4.21385	0.27618	0.99729	-0.07348	0.00305	0.07348	0.99730	-0.00010	-0.00304	0.00033	1.00000	
107	0.53500	-3.05682	1.24794	2.57270	0.17698	0.50773	-0.45839	1.65298	0.99993	0.00800	-0.00886	-0.00797	0.99996	0.00309	0.00889	-0.00302	0.99996		0.52407	4.09262	2.07861	-0.00533	-0.17109	4.21512	0.26550	0.99729	-0.07350	0.00299	0.07350	0.99730	-0.00009	-0.00297	0.00031	1.00000	
108	0.54000	-3.06725	1.26244	2.55394	0.17630	0.50417	-0.45106	1.67355	0.99993	0.00787	-0.00880	-0.00785	0.99996	0.00308	0.00882	-0.00301	0.99996		0.52013	4.05728	2.06237	-0.00538	-0.16796	4.21432	0.27770	0.99729	-0.07349	0.00293	0.07349	0.99730	-0.00009	-0.00292	0.00031	1.00000	
109	0.54500	-3.13285	1.27836	2.56112	0.17870	0.51938	-0.45211	1.68281	0.99993	0.00789	-0.00906	-0.00786	0.99996	0.00312	0.00909	-0.00305	0.99995		0.54541	4.10695	2.09343	0.00446	-0.16932	4.21493	0.27186	0.99729	-0.07350	0.00296	0.07350	0.99730	0.00008	-0.00295	0.00014	1.00000	
110	0.55000	-3.07039	1.26841	2.52026	0.18034	0.51096	-0.45000	1.67414	0.99993	0.00785	-0.00892	-0.00783	0.99996	0.00315	0.00894	-0.00308	0.99996		0.47349	4.02897	2.07197	-0.00070	-0.16214	4.21728	0.26572	0.99729	-0.07354	0.00283	0.07354	0.99729	-0.00001	-0.00282	0.00022	1.00000	
111	0.55500	-3.05780	1.24609	2.53485	0.18051	0.50608	-0.45743	1.66812	0.99993	0.00798	-0.00883	-0.00796	0.99996	0.00315	0.00886	-0.00308	0.99996		0.46839	4.09114	2.07646	0.01199	-0.16336	4.21630	0.27019	0.99729	-0.07352	0.00285	0.07352	0.99729	0.00021	-0.00286	0.00000	1.00000	
112	0.56000	-3.09227	1.23596	2.50436	0.17750	0.51178	-0.44990	1.66916	0.99993	0.00785	-0.00893	-0.00782	0.99996	0.00310	0.00896	-0.00303	0.99996		0.48836	4.11610	2.08751	0.01893	-0.16275	4.21568	0.24896	0.99729	-0.07351	0.00284	0.07351	0.99729	0.00033	-0.00286	-0.00012	1.00000	
113	0.56500	-3.16908	1.25730	2.51430	0.18201	0.52114	-0.45133	1.66952	0.99993	0.00788	-0.00910	-0.00785	0.99996	0.00318	0.00912	-0.00310	0.99995		0.48601	4.09587	2.07844	0.02225	-0.16117	4.21676	0.26446	0.99729	-0.07353	0.00281	0.07353	0.99729	0.00039	-0.00283	-0.00018	1.00000	
114	0.57000	-3.16759	1.28661	2.50645	0.18536	0.52383	-0.44839	1.67006	0.99993	0.00783	-0.00914	-0.00780	0.99996	0.00324	0.00917	-0.00316	0.99995		0.46571	4.15025	2.07471	0.03178	-0.16037	4.21484	0.27451	0.99729	-0.07350	0.00280	0.07349	0.99730	0.00055	-0.00283	-0.00035	1.00000	
115	0.57500	-3.18448	1.25351	2.49824	0.18457	0.52064	-0.45103	1.66738	0.99993	0.00787	-0.00909	-0.00784	0.99996	0.00322	0.00911	-0.00315	0.99995		0.44542	4.11685	2.07146	0.03415	-0.15533	4.22090	0.28051	0.99728	-0.07360	0.00271	0.07360	0.99729	0.00060	-0.00275	-0.00039	1.00000	
116	0.58000	-3.16950	1.24569	2.47429	0.18292	0.52144	-0.44611	1.67260	0.99993	0.00779	-0.00910	-0.00776	0.99996	0.00319	0.00913	-0.00312	0.99995		0.35785	4.12360	2.05110	0.03965	-0.14997	4.21852	0.27078	0.99729	-0.07356	0.00262	0.07356	0.99729	0.00069	-0.00266	-0.00050	1.00000	
117	0.58500	-3.24711	1.30172	2.47756	0.19103	0.52716	-0.44497	1.68559	0.99993	0.00777	-0.00920	-0.00774	0.99996	0.00333	0.00923	-0.00326	0.99995		0.37895	4.13683	2.06036	0.04334	-0.15310	4.21825	0.24870	0.99729	-0.07356	0.00267	0.07355	0.99729	0.00076	-0.00272	-0.00056	1.00000	
118	0.59000	-3.27676	1.28013	2.47743	0.19238	0.53841	-0.45074	1.69114	0.99992	0.00787	-0.00940	-0.00784	0.99996	0.00336	0.00942	-0.00328	0.99995		0.36758	4.11901	2.04555	0.04889	-0.14923	4.21677	0.28098	0.99729	-0.07353	0.00260	0.07353	0.99729	0.00085	-0.00266	-0.00066	1.00000	
119	0.59500	-3.31633	1.27456	2.48383	0.18853	0.54317	-0.44779	1.69186	0.99992	0.00782	-0.00948	-0.00778	0.99996	0.00329	0.00951	-0.00322	0.99995		0.37753	4.14186	2.05231	0.05717	-0.15207	4.22013	0.26325	0.99729	-0.07359	0.00265	0.07359	0.99729	0.00100	-0.00272	-0.00080	1.00000	
120	0.60000	-3.32627	1.26480	2.45584	0.18994	0.54055	-0.44877	1.70612	0.99992	0.00783	-0.00943	-0.00780	0.99996	0.00331	0.00946	-0.00324	0.99995		0.32057	4.09954	2.02171	0.05605	-0.14779	4.21739	0.26700	0.99729	-0.07354	0.00258	0.07354	0.99729	0.00098	-0.00264	-0.00079	1.00000	
121	0.60500	-3.39663	1.27959	2.48329	0.19251	0.55809	-0.44902	1.69750	0.99992	0.00784	-0.00974	-0.00780	0.99996	0.00336	0.00977	-0.00328	0.99995		0.33718	4.12749	2.01171	0.06627	-0.14468	4.21834	0.24735	0.99729	-0.07356	0.00253	0.07355	0.99729	0.00116	-0.00260	-0.00097	1.00000	
122	0.61000	-3.40748	1.28301	2.45503	0.18863	0.54780	-0.44173	1.70680	0.99992	0.00771	-0.00956	-0.00768	0.99997	0.00329	0.00959	-0.00322	0.99995		0.31251	4.15795	2.02582	0.07292	-0.14676	4.21862	0.25749	0.99729	-0.07356	0.00256	0.07356	0.99729	0.00127	-0.00265	-0.00108	1.00000	
123	0.61500	-3.41810	1.28328	2.41872	0.18815	0.54533	-0.44000	1.69501	0.99993	0.00768	-0.00952	-0.00765	0.99997	0.00328	0.00954	-0.00321	0.99995		0.31430	4.13744	2.01999	0.07727	-0.14374	4.22066	0.28622	0.99728	-0.07360	0.00251	0.07359	0.99729	0.00135	-0.00260	-0.00116	1.00000	
124	0.62000	-3.45545	1.28325	2.40523	0.19197	0.55553	-0.44501	1.68700	0.99992	0.00777	-0.00970	-0.00773	0.99996	0.00335	0.00972	-0.00328	0.99995		0.28424	4.10026	1.98969	0.07684	-0.14061	4.22045	0.27984	0.99729	-0.07359	0.00245	0.07359	0.99729	0.00134	-0.00255	-0.00116	1.00000	
125	0.62500	-3.49315	1.28867	2.41037	0.19252	0.55925	-0.44815	1.69789	0.99992	0.00782	-0.00976	-0.00779	0.99996	0.00336	0.00979	-0.00328	0.99995		0.26473	4.15964	1.98298	0.09005	-0.14169	4.22023	0.27416	0.99729	-0.07359	0.00247	0.07359	0.99729	0.00157	-0.00258	-0.00139	1.00000	
126	0.63000	-3.56956	1.31476	2.41965	0.19605	0.57607	-0.44173	1.71093	0.99992	0.00771	-0.01005	-0.00768	0.99996	0.00342	0.01008	-0.00334	0.99994		0.22525	4.13837	1.97618	0.08955	-0.13735	4.21793	0.26079	0.99729	-0.07355	0.00240	0.07355	0.99729	0.00156	-0.00251	-0.00138	1.00000	
127	0.63500	-3.47495	1.28884	2.36105	0.18578	0.55428	-0.43416	1.69007	0.99992	0.00758	-0.00967	-0.00755	0.99997	0.00324	0.00970	-0.00317	0.99995		0.17249	4.13189	1.95492	0.09398	-0.13359	4.22154	0.27901	0.99728	-0.07361	0.00233	0.07361	0.99729	0.00164	-0.00245	-0.00146	1.00000	
128	0.64000	-3.57313	1.33351	2.35604	0.19418	0.56810	-0.43967	1.71525	0.99992	0.00767	-0.00991	-0.00764	0.99997	0.00339	0.00994	-0.00331	0.99995		0.21423	4.16095	1.95966	0.10302	-0.14039	4.21897	0.26152	0.99729	-0.07357	0.00245	0.07356	0.99729	0.00180	-0.00258	-0.00161	1.00000	
129	0.64500	-3.62690	1.32130	2.35997	0.19171	0.57548	-0.43683	1.72604	0.99992	0.00762	-0.01004	-0.00759	0.99997	0.00335	0.01007	-0.00327	0.99994		0.17018	4.14524	1.94103	0.10466	-0.13380	4.22302	0.26634	0.99728	-0.07364	0.00234	0.07363	0.99728	0.00183	-0.00246	-0.00165	1.00000	
130	0.65000	-3.63190	1.29592	2.31931	0.18861	0.57794	-0.43904	1.72140	0.99992	0.00766	-0.01009	-0.00763	0.99997	0.00329	0.01011	-0.00321	0.99994		0.17253	4.16197	1.92482	0.11113	-0.13663	4.22226	0.26344	0.99728	-0.07363	0.00238	0.07362	0.99728	0.00194	-0.00252	-0.00176	1.00000	
131	0.65500	-3.64624	1.28352	2.28290	0.18404	0.57254	-0.43787	1.73359	0.99992	0.00764	-0.00999	-0.00761	0.99997	0.00321	0.01002	-0.00314	0.99994		0.18427	4.19457	1.93300	0.12069	-0.13872	4.22129	0.26083	0.99728	-0.07361	0.00242	0.07360	0.99729	0.00211	-0.00257	-0.00192	0.99999	
132	0.66000	-3.69335	1.31169	2.28633	0.18837	0.58017	-0.43702	1.73363	0.99992	0.00763	-0.01013	-0.00759	0.99997	0.00329	0.01015	-0.00321	0.99994		0.16103	4.18806	1.92704	0.12385	-0.13787	4.22143	0.26791	0.99728	-0.07361	0.00241	0.07361	0.99729	0.00216	-0.00256	-0.00198	0.99999	
133	0.66500	-3.79361	1.32972	2.29376	0.19041	0.59445	-0.43968	1.74234	0.99992	0.00767	-0.01037	-0.00764	0.99997	0.00332	0.01040	-0.00324	0.99994		0.13563	4.18548	1.92005	0.12768	-0.13653	4.22237	0.27811	0.99728	-0.07363	0.00238	0.07362	0.99728	0.00223	-0.00254	-0.00205	0.99999	
134	0.67000	-3.80998	1.35212	2.25684	0.18979	0.59205	-0.43508	1.73279	0.99992	0.00759	-0.01033	-0.00756	0.99997	0.00331	0.01036	-0.00323	0.99994		0.12027	4.18866	1.92156	0.13190	-0.13417	4.22473	0.26956	0.99728	-0.07367	0.00234	0.07366	0.99728	0.00230	-0.00250	-0.00212	0.99999	
135	0.67500	-3.80134	1.37247	2.25317	0.19024	0.59239	-0.43062	1.73477	0.99992	0.00752	-0.01034	-0.00748	0.99997	0.00332	0.01036	-0.00324	0.99994		0.12368	4.21561	1.91611	0.13797	-0.13684	4.22326	0.28247	0.99728	-0.07364	0.00239	0.07364	0.99728	0.00241	-0.00256	-0.00223	0.99999	
136	0.68000	-3.86522	1.36384	2.21676	0.18697	0.59652	-0.43068	1.74285	0.99992	0.00752	-0.01041	-0.00748	0.99997	0.00326	0.01044	-0.00318	0.99994		0.10768	4.19674	1.89098	0.13925	-0.13450	4.22655	0.27487	0.99728	-0.07370	0.00235	0.07369	0.99728	0.00243	-0.00252	-0.00225	0.99999	
137	0.68500	-3.84053	1.34465	2.18211	0.18363	0.59231	-0.43082	1.74271	0.99992	0.00752	-0.01034	-0.00749	0.99997	0.00320	0.01036	-0.00313	0.99994		0.09133	4.22800	1.89497	0.14418	-0.13705	4.22177	0.24771	0.99728	-0.07362	0.00239	0.07361	0.99728	0.00252	-0.00257	-0.00233	0.99999	
138	0.69000	-3.87234	1.38074	2.16505	0.18919	0.59592	-0.43064	1.72820	0.99992	0.00752	-0.01040	-0.00748	0.99997	0.00330	0.01042	-0.00322	0.99994		0.00786	4.16844	1.86450	0.13771	-0.12789	4.22249	0.26414	0.99728	-0.07363	0.00223	0.07362	0.99728	0.00240	-0.00240	-0.00223	0.99999	
139	0.69500	-4.00170	1.38802	2.18545	0.18961	0.61093	-0.43431	1.73811	0.99991	0.00758	-0.01066	-0.00754	0.99997	0.00331	0.01069	-0.00323	0.99994		0.01754	4.21622	1.86428	0.14472	-0.13230	4.22351	0.26159	0.99728	-0.07365	0.00231	0.07364	0.99728	0.00253	-0.00249	-0.00235	0.99999	
140	0.70000	-3.96102	1.36924	2.14951	0.18465	0.60493	-0.42888	1.75195	0.99992	0.00748	-0.01056	-0.00745	0.99997	0.00322	0.01058	-0.00314	0.99994		0.03979	4.25008	1.86808	0.15117	-0.13557	4.22234	0.23885	0.99728	-0.07363	0.00237	0.07362	0.99728	0.00264	-0.00255	-0.00246	0.99999	
141	0.70500	-3.94734	1.37017	2.09788	0.17971	0.59322	-0.42829	1.73912	0.99992	0.00747	-0.01035	-0.00744	0.99997	0.00314	0.01038	-0.00306	0.99994		0.00086	4.23371	1.85080	0.15103	-0.13252	4.22242	0.25502	0.99728	-0.07363	0.00231	0.07362	0.99728	0.00264	-0.00250	-0.00246	0.99999	
