NO_OF_FRAMES	12039
NO_OF_CAMERAS	8
NO_OF_BODIES	2
FREQUENCY	200
NO_OF_ANALOG	0
ANALOG_FREQUENCY	0
DESCRIPTION	--
TIME_STAMP	2013-07-05, 10:52:22	180756.68576893
DATA_INCLUDED	6D
BODY_NAMES	Ice 2 V2	Ice 3
Frame	Time	Ice 2 V2 X	Y	Z	Roll	Pitch	Yaw	Residual	Rot[0]	Rot[1]	Rot[2]	Rot[3]	Rot[4]	Rot[5]	Rot[6]	Rot[7]	Rot[8]	Ice 3 X	Y	Z	Roll	Pitch	Yaw	Residual	Rot[0]	Rot[1]	Rot[2]	Rot[3]	Rot[4]	Rot[5]	Rot[6]	Rot[7]	Rot[8]	
1	0.00500	1.14920	-13.72562	0.57216	0.22708	-0.06526	-0.90133	0.20954	0.99988	0.01573	0.00114	-0.01574	0.99987	0.00396	-0.00108	-0.00398	0.99999		0.53505	6.95521	0.57407	0.12403	0.00156	4.16922	1.62964	0.99735	-0.07270	-0.00003	0.07270	0.99735	0.00216	-0.00013	-0.00216	1.00000	
2	0.01000	1.09239	-13.71056	0.56426	0.23316	-0.06050	-0.90124	0.23967	0.99988	0.01573	0.00106	-0.01573	0.99987	0.00407	-0.00099	-0.00409	0.99999		0.56848	6.92332	0.56626	0.12541	0.00171	4.17102	1.63170	0.99735	-0.07273	-0.00003	0.07273	0.99735	0.00219	-0.00013	-0.00219	1.00000	
3	0.01500	1.13210	-13.70274	0.58211	0.23225	-0.06320	-0.89293	0.21904	0.99988	0.01558	0.00110	-0.01559	0.99987	0.00405	-0.00104	-0.00407	0.99999		0.56979	6.93526	0.57745	0.13132	-0.00395	4.17168	1.61435	0.99735	-0.07275	0.00007	0.07274	0.99735	0.00229	-0.00024	-0.00228	1.00000	
4	0.02000	1.11053	-13.72060	0.58841	0.23189	-0.05844	-0.90145	0.20841	0.99988	0.01573	0.00102	-0.01574	0.99987	0.00405	-0.00096	-0.00406	0.99999		0.56090	6.92035	0.55629	0.13504	-0.00659	4.17262	1.62350	0.99735	-0.07276	0.00011	0.07276	0.99735	0.00236	-0.00029	-0.00234	1.00000	
5	0.02500	1.13936	-13.71536	0.58495	0.23449	-0.06075	-0.89641	0.21813	0.99988	0.01564	0.00106	-0.01565	0.99987	0.00409	-0.00100	-0.00411	0.99999		0.56915	6.91224	0.54659	0.13877	-0.00722	4.16913	1.63170	0.99735	-0.07270	0.00013	0.07270	0.99735	0.00242	-0.00030	-0.00241	1.00000	
6	0.03000	1.10494	-13.71426	0.60100	0.23654	-0.05825	-0.89660	0.22426	0.99988	0.01565	0.00102	-0.01565	0.99987	0.00413	-0.00095	-0.00414	0.99999		0.57401	6.91049	0.54702	0.14192	-0.01153	4.17189	1.63629	0.99735	-0.07275	0.00020	0.07275	0.99735	0.00248	-0.00038	-0.00246	1.00000	
7	0.03500	1.10328	-13.70375	0.59950	0.23791	-0.05638	-0.89927	0.23115	0.99988	0.01569	0.00098	-0.01570	0.99987	0.00415	-0.00092	-0.00417	0.99999		0.58665	6.90391	0.54666	0.14538	-0.01430	4.16991	1.65579	0.99735	-0.07271	0.00025	0.07271	0.99735	0.00254	-0.00043	-0.00251	1.00000	
8	0.04000	1.10895	-13.71860	0.62040	0.23681	-0.05690	-0.89692	0.21866	0.99988	0.01565	0.00099	-0.01566	0.99987	0.00413	-0.00093	-0.00415	0.99999		0.57020	6.89004	0.52818	0.14731	-0.01588	4.16815	1.64684	0.99735	-0.07268	0.00028	0.07268	0.99735	0.00257	-0.00046	-0.00254	1.00000	
9	0.04500	1.11443	-13.71998	0.62235	0.23806	-0.05597	-0.89916	0.22202	0.99988	0.01569	0.00098	-0.01570	0.99987	0.00415	-0.00091	-0.00417	0.99999		0.58047	6.89093	0.52661	0.15168	-0.01618	4.17042	1.65315	0.99735	-0.07272	0.00028	0.07272	0.99735	0.00265	-0.00047	-0.00262	1.00000	
10	0.05000	1.10404	-13.72286	0.62142	0.23882	-0.05726	-0.90552	0.22976	0.99987	0.01580	0.00100	-0.01581	0.99987	0.00417	-0.00093	-0.00418	0.99999		0.58963	6.90515	0.51791	0.15839	-0.02278	4.17339	1.65326	0.99735	-0.07277	0.00040	0.07277	0.99734	0.00276	-0.00060	-0.00273	1.00000	
11	0.05500	1.09890	-13.70137	0.63051	0.24412	-0.05401	-0.90139	0.22453	0.99988	0.01573	0.00094	-0.01574	0.99987	0.00426	-0.00088	-0.00428	0.99999		0.58725	6.88320	0.51898	0.15883	-0.02348	4.16929	1.65553	0.99735	-0.07270	0.00041	0.07270	0.99735	0.00277	-0.00061	-0.00274	1.00000	
12	0.06000	1.11793	-13.72920	0.63953	0.24083	-0.05542	-0.89645	0.23120	0.99988	0.01565	0.00097	-0.01565	0.99987	0.00420	-0.00090	-0.00422	0.99999		0.56189	6.88587	0.50882	0.16155	-0.02448	4.17103	1.64385	0.99735	-0.07273	0.00043	0.07273	0.99735	0.00282	-0.00063	-0.00278	1.00000	
13	0.06500	1.07833	-13.71315	0.64531	0.24418	-0.05137	-0.89635	0.22761	0.99988	0.01564	0.00090	-0.01565	0.99987	0.00426	-0.00083	-0.00428	0.99999		0.58845	6.87773	0.49767	0.16532	-0.02933	4.17282	1.65911	0.99735	-0.07277	0.00051	0.07276	0.99735	0.00289	-0.00072	-0.00284	1.00000	
14	0.07000	1.11280	-13.73031	0.65412	0.24145	-0.05683	-0.89643	0.23115	0.99988	0.01564	0.00099	-0.01565	0.99987	0.00421	-0.00093	-0.00423	0.99999		0.62520	6.86399	0.49635	0.16660	-0.03253	4.17342	1.66942	0.99735	-0.07278	0.00057	0.07277	0.99734	0.00291	-0.00078	-0.00286	1.00000	
15	0.07500	1.08940	-13.72116	0.65225	0.24478	-0.05142	-0.90340	0.22683	0.99988	0.01577	0.00090	-0.01577	0.99987	0.00427	-0.00083	-0.00429	0.99999		0.62484	6.87889	0.49454	0.17365	-0.03620	4.17313	1.67372	0.99735	-0.07277	0.00063	0.07277	0.99734	0.00303	-0.00085	-0.00298	1.00000	
16	0.08000	1.10346	-13.74315	0.67807	0.24242	-0.04918	-0.90122	0.21127	0.99988	0.01573	0.00086	-0.01573	0.99987	0.00423	-0.00079	-0.00424	0.99999		0.60354	6.87150	0.49475	0.17362	-0.03638	4.17210	1.66745	0.99735	-0.07275	0.00063	0.07275	0.99735	0.00303	-0.00085	-0.00298	1.00000	
17	0.08500	1.07535	-13.72308	0.66445	0.24602	-0.05248	-0.89952	0.23444	0.99988	0.01570	0.00092	-0.01570	0.99987	0.00429	-0.00085	-0.00431	0.99999		0.62367	6.85389	0.48468	0.17474	-0.03871	4.17171	1.67558	0.99735	-0.07275	0.00068	0.07274	0.99735	0.00305	-0.00090	-0.00299	1.00000	
18	0.09000	1.07636	-13.71717	0.68833	0.24965	-0.04835	-0.89913	0.22505	0.99988	0.01569	0.00084	-0.01570	0.99987	0.00436	-0.00078	-0.00437	0.99999		0.64187	6.86900	0.48246	0.18009	-0.04327	4.17435	1.68390	0.99735	-0.07279	0.00076	0.07279	0.99734	0.00314	-0.00098	-0.00308	0.99999	
19	0.09500	1.06679	-13.72738	0.68958	0.24538	-0.05325	-0.89627	0.23259	0.99988	0.01564	0.00093	-0.01565	0.99987	0.00428	-0.00086	-0.00430	0.99999		0.65374	6.85623	0.46976	0.17871	-0.04391	4.17287	1.68988	0.99735	-0.07277	0.00077	0.07276	0.99734	0.00312	-0.00099	-0.00305	0.99999	
20	0.10000	1.11178	-13.73886	0.70274	0.24749	-0.05183	-0.90145	0.22624	0.99988	0.01573	0.00090	-0.01574	0.99987	0.00432	-0.00084	-0.00433	0.99999		0.66306	6.83344	0.47475	0.17969	-0.04963	4.17372	1.67758	0.99735	-0.07278	0.00087	0.07278	0.99734	0.00314	-0.00109	-0.00306	0.99999	
21	0.10500	1.10914	-13.72820	0.69111	0.24844	-0.05234	-0.89641	0.21647	0.99988	0.01564	0.00091	-0.01565	0.99987	0.00434	-0.00085	-0.00435	0.99999		0.67328	6.82606	0.45595	0.17999	-0.05163	4.17245	1.69451	0.99735	-0.07276	0.00090	0.07276	0.99734	0.00314	-0.00113	-0.00307	0.99999	
22	0.11000	1.07321	-13.71111	0.70892	0.25311	-0.04905	-0.90269	0.23422	0.99988	0.01575	0.00086	-0.01576	0.99987	0.00442	-0.00079	-0.00443	0.99999		0.68053	6.84710	0.46417	0.18441	-0.05434	4.17268	1.69047	0.99735	-0.07276	0.00095	0.07276	0.99734	0.00322	-0.00118	-0.00314	0.99999	
23	0.11500	1.08327	-13.72654	0.71229	0.25307	-0.04834	-0.90039	0.22294	0.99988	0.01571	0.00084	-0.01572	0.99987	0.00442	-0.00077	-0.00443	0.99999		0.68208	6.82636	0.44882	0.18336	-0.05676	4.17308	1.68675	0.99735	-0.07277	0.00099	0.07277	0.99734	0.00320	-0.00122	-0.00312	0.99999	
24	0.12000	1.06145	-13.97894	0.50671	0.19447	-0.05248	-0.88625	0.19130	0.99988	0.01547	0.00092	-0.01547	0.99987	0.00339	-0.00086	-0.00341	0.99999		0.83902	6.68141	0.49689	0.16220	-0.08545	4.17054	1.68411	0.99735	-0.07273	0.00149	0.07272	0.99735	0.00283	-0.00169	-0.00271	0.99999	
25	0.12500	1.06244	-13.97457	0.51490	0.19524	-0.05320	-0.88691	0.16784	0.99988	0.01548	0.00093	-0.01548	0.99987	0.00341	-0.00088	-0.00342	0.99999		0.87398	6.68686	0.49603	0.16489	-0.08920	4.17580	1.68274	0.99734	-0.07282	0.00156	0.07281	0.99734	0.00288	-0.00176	-0.00276	0.99999	
26	0.13000	1.06046	-13.98020	0.52550	0.19443	-0.05189	-0.88664	0.18747	0.99988	0.01547	0.00091	-0.01548	0.99987	0.00339	-0.00085	-0.00341	0.99999		0.88970	6.66927	0.49712	0.16456	-0.09279	4.17016	1.68579	0.99735	-0.07272	0.00162	0.07271	0.99735	0.00287	-0.00182	-0.00275	0.99999	
27	0.13500	1.08139	-13.99388	0.53468	0.19111	-0.05659	-0.88569	0.17905	0.99988	0.01546	0.00099	-0.01546	0.99987	0.00334	-0.00094	-0.00335	0.99999		0.87001	6.67848	0.48673	0.16460	-0.09263	4.17223	1.65957	0.99735	-0.07275	0.00162	0.07275	0.99735	0.00287	-0.00182	-0.00275	0.99999	
28	0.14000	1.05228	-13.98052	0.52111	0.19807	-0.05136	-0.88620	0.16510	0.99988	0.01547	0.00090	-0.01547	0.99987	0.00346	-0.00084	-0.00347	0.99999		0.89261	6.66427	0.47881	0.16401	-0.09665	4.17211	1.67382	0.99735	-0.07275	0.00169	0.07275	0.99735	0.00286	-0.00189	-0.00273	0.99999	
29	0.14500	1.07142	-13.98642	0.54954	0.19637	-0.05587	-0.88491	0.18380	0.99988	0.01544	0.00098	-0.01545	0.99987	0.00343	-0.00092	-0.00344	0.99999		0.90403	6.65722	0.47368	0.16294	-0.09870	4.17187	1.67389	0.99735	-0.07275	0.00172	0.07274	0.99735	0.00284	-0.00192	-0.00271	0.99999	
30	0.15000	1.03878	-13.96990	0.54378	0.20059	-0.05266	-0.88660	0.20189	0.99988	0.01547	0.00092	-0.01548	0.99987	0.00350	-0.00086	-0.00351	0.99999		0.88903	6.67273	0.46929	0.16455	-0.10103	4.17082	1.68062	0.99735	-0.07273	0.00176	0.07272	0.99735	0.00287	-0.00197	-0.00274	0.99999	
31	0.15500	1.06003	-13.99454	0.54487	0.19541	-0.05537	-0.88236	0.18893	0.99988	0.01540	0.00097	-0.01540	0.99988	0.00341	-0.00091	-0.00342	0.99999		0.93751	6.66049	0.46775	0.16465	-0.10609	4.17151	1.66966	0.99735	-0.07274	0.00185	0.07274	0.99735	0.00287	-0.00206	-0.00273	0.99999	
32	0.16000	1.06269	-13.99899	0.56128	0.19706	-0.05298	-0.88916	0.16672	0.99988	0.01552	0.00092	-0.01552	0.99987	0.00344	-0.00087	-0.00345	0.99999		0.93199	6.67056	0.46166	0.16279	-0.10830	4.16727	1.68070	0.99735	-0.07267	0.00189	0.07266	0.99735	0.00284	-0.00209	-0.00270	0.99999	
33	0.16500	1.06380	-13.99737	0.54755	0.19846	-0.05579	-0.89022	0.18847	0.99988	0.01554	0.00097	-0.01554	0.99987	0.00346	-0.00092	-0.00348	0.99999		0.94827	6.63366	0.46864	0.15863	-0.10809	4.17053	1.66830	0.99735	-0.07273	0.00189	0.07272	0.99735	0.00277	-0.00208	-0.00262	0.99999	
34	0.17000	1.02389	-13.99600	0.56452	0.19856	-0.05529	-0.88911	0.16649	0.99988	0.01552	0.00096	-0.01552	0.99987	0.00347	-0.00091	-0.00348	0.99999		0.95600	6.62021	0.44708	0.15546	-0.10801	4.16811	1.66141	0.99735	-0.07268	0.00189	0.07268	0.99735	0.00271	-0.00208	-0.00257	0.99999	
35	0.17500	1.04743	-13.99865	0.55493	0.20024	-0.06045	-0.88867	0.20198	0.99988	0.01551	0.00106	-0.01551	0.99987	0.00349	-0.00100	-0.00351	0.99999		0.97351	6.64057	0.44329	0.15631	-0.11347	4.17045	1.66503	0.99735	-0.07272	0.00198	0.07272	0.99735	0.00273	-0.00217	-0.00258	0.99999	
36	0.18000	1.05436	-14.00579	0.56157	0.20130	-0.06157	-0.88960	0.19276	0.99988	0.01553	0.00107	-0.01553	0.99987	0.00351	-0.00102	-0.00353	0.99999		0.97611	6.63077	0.45030	0.15384	-0.11569	4.16976	1.65910	0.99735	-0.07271	0.00202	0.07271	0.99735	0.00269	-0.00221	-0.00253	0.99999	
37	0.18500	1.05600	-14.02035	0.57239	0.19882	-0.06084	-0.89106	0.17926	0.99988	0.01555	0.00106	-0.01555	0.99987	0.00347	-0.00101	-0.00349	0.99999		0.99291	6.62538	0.45037	0.15316	-0.11515	4.17005	1.67015	0.99735	-0.07272	0.00201	0.07271	0.99735	0.00267	-0.00220	-0.00252	0.99999	
38	0.19000	1.04285	-14.03785	0.56789	0.19587	-0.06684	-0.88483	0.18869	0.99988	0.01544	0.00117	-0.01545	0.99987	0.00342	-0.00111	-0.00344	0.99999		0.97175	6.63387	0.44273	0.15191	-0.11645	4.16848	1.67514	0.99735	-0.07269	0.00203	0.07268	0.99735	0.00265	-0.00222	-0.00250	0.99999	
39	0.19500	1.04425	-14.02734	0.56065	0.20079	-0.06327	-0.88751	0.18584	0.99988	0.01549	0.00110	-0.01549	0.99987	0.00350	-0.00105	-0.00352	0.99999		1.02089	6.64092	0.43407	0.15177	-0.12130	4.16564	1.66288	0.99736	-0.07264	0.00212	0.07263	0.99736	0.00265	-0.00230	-0.00249	0.99999	
40	0.20000	1.04794	-14.04524	0.58105	0.19731	-0.06298	-0.88704	0.20119	0.99988	0.01548	0.00110	-0.01548	0.99987	0.00344	-0.00105	-0.00346	0.99999		0.98732	6.62631	0.43731	0.14749	-0.12236	4.16578	1.66322	0.99736	-0.07264	0.00214	0.07264	0.99736	0.00257	-0.00232	-0.00241	0.99999	
41	0.20500	1.07840	-14.05855	0.57559	0.19620	-0.07056	-0.88779	0.19210	0.99988	0.01549	0.00123	-0.01550	0.99987	0.00342	-0.00118	-0.00344	0.99999		1.00866	6.60989	0.43712	0.14452	-0.12077	4.16876	1.65941	0.99735	-0.07269	0.00211	0.07269	0.99735	0.00252	-0.00229	-0.00236	0.99999	
42	0.21000	1.07427	-14.05413	0.57309	0.19834	-0.07235	-0.88996	0.19923	0.99988	0.01553	0.00126	-0.01554	0.99987	0.00346	-0.00121	-0.00348	0.99999		1.01497	6.63255	0.43112	0.14346	-0.12123	4.16636	1.65689	0.99736	-0.07265	0.00212	0.07265	0.99735	0.00250	-0.00229	-0.00234	0.99999	
43	0.21500	1.08839	-14.06204	0.58302	0.19623	-0.07535	-0.88772	0.19633	0.99988	0.01549	0.00132	-0.01550	0.99987	0.00342	-0.00126	-0.00344	0.99999		1.03680	6.61650	0.43168	0.14041	-0.12329	4.16743	1.64590	0.99735	-0.07267	0.00215	0.07267	0.99735	0.00245	-0.00232	-0.00229	0.99999	
44	0.22000	1.08178	-14.06663	0.57862	0.19694	-0.07463	-0.88655	0.19717	0.99988	0.01547	0.00130	-0.01548	0.99987	0.00344	-0.00125	-0.00346	0.99999		1.04252	6.60033	0.43685	0.13612	-0.12435	4.16665	1.64460	0.99735	-0.07266	0.00217	0.07265	0.99735	0.00238	-0.00234	-0.00221	0.99999	
45	0.22500	1.03465	-14.06840	0.59185	0.19412	-0.07208	-0.88407	0.19468	0.99988	0.01543	0.00126	-0.01543	0.99988	0.00339	-0.00121	-0.00341	0.99999		1.04147	6.61975	0.43486	0.13580	-0.12831	4.16867	1.64214	0.99735	-0.07269	0.00224	0.07269	0.99735	0.00237	-0.00241	-0.00220	0.99999	
46	0.23000	1.05727	-14.08667	0.58399	0.19519	-0.07604	-0.88467	0.18916	0.99988	0.01544	0.00133	-0.01544	0.99987	0.00341	-0.00127	-0.00343	0.99999		1.05107	6.59845	0.42019	0.12973	-0.12508	4.16618	1.64471	0.99736	-0.07265	0.00218	0.07264	0.99736	0.00226	-0.00234	-0.00210	1.00000	
47	0.23500	1.06585	-14.07805	0.58615	0.19762	-0.07722	-0.88553	0.18545	0.99988	0.01545	0.00135	-0.01546	0.99987	0.00345	-0.00129	-0.00347	0.99999		1.06208	6.60214	0.42571	0.12836	-0.12819	4.16786	1.63441	0.99735	-0.07268	0.00224	0.07267	0.99735	0.00224	-0.00239	-0.00207	0.99999	
48	0.24000	1.10349	-14.07030	0.58782	0.19740	-0.08419	-0.88311	0.19395	0.99988	0.01541	0.00147	-0.01542	0.99988	0.00345	-0.00142	-0.00347	0.99999		1.07111	6.60024	0.41833	0.12592	-0.12781	4.16877	1.62171	0.99735	-0.07269	0.00223	0.07269	0.99735	0.00220	-0.00238	-0.00203	1.00000	
49	0.24500	1.07444	-14.07015	0.58294	0.19791	-0.08484	-0.88206	0.18754	0.99988	0.01539	0.00148	-0.01540	0.99988	0.00345	-0.00143	-0.00348	0.99999		1.05825	6.57900	0.40980	0.11857	-0.12596	4.16370	1.62346	0.99736	-0.07261	0.00220	0.07260	0.99736	0.00207	-0.00234	-0.00190	1.00000	
50	0.25000	1.07004	-14.07098	0.58251	0.19804	-0.08396	-0.88421	0.20036	0.99988	0.01543	0.00147	-0.01544	0.99987	0.00346	-0.00141	-0.00348	0.99999		1.07581	6.60704	0.41639	0.12096	-0.12784	4.16822	1.62183	0.99735	-0.07268	0.00223	0.07268	0.99735	0.00211	-0.00238	-0.00194	1.00000	
51	0.25500	1.10642	-14.09594	0.58366	0.19198	-0.09214	-0.88231	0.17483	0.99988	0.01540	0.00161	-0.01540	0.99988	0.00335	-0.00156	-0.00338	0.99999		1.06166	6.57909	0.41499	0.11325	-0.12758	4.16329	1.61875	0.99736	-0.07260	0.00223	0.07259	0.99736	0.00198	-0.00236	-0.00181	1.00000	
52	0.26000	1.05911	-14.08350	0.58009	0.19491	-0.09048	-0.88383	0.20128	0.99988	0.01543	0.00158	-0.01543	0.99988	0.00340	-0.00153	-0.00343	0.99999		1.07565	6.58619	0.40440	0.11217	-0.12799	4.16250	1.62272	0.99736	-0.07259	0.00223	0.07258	0.99736	0.00196	-0.00237	-0.00179	1.00000	
53	0.26500	1.11769	-14.08643	0.57026	0.19485	-0.09878	-0.88696	0.20184	0.99988	0.01548	0.00172	-0.01549	0.99987	0.00340	-0.00167	-0.00343	0.99999		1.05216	6.58124	0.41498	0.10757	-0.12514	4.16536	1.61791	0.99736	-0.07264	0.00218	0.07263	0.99736	0.00188	-0.00231	-0.00171	1.00000	
54	0.27000	1.11979	-14.10770	0.57558	0.19086	-0.09806	-0.88760	0.20090	0.99988	0.01549	0.00171	-0.01550	0.99987	0.00333	-0.00166	-0.00336	0.99999		1.07659	6.58275	0.41123	0.10624	-0.12582	4.16260	1.62898	0.99736	-0.07259	0.00220	0.07258	0.99736	0.00185	-0.00232	-0.00169	1.00000	
55	0.27500	1.11097	-14.08934	0.57257	0.19430	-0.09621	-0.88393	0.18578	0.99988	0.01543	0.00168	-0.01543	0.99988	0.00339	-0.00163	-0.00342	0.99999		1.08168	6.57626	0.39530	0.10236	-0.12635	4.16464	1.61080	0.99736	-0.07262	0.00221	0.07262	0.99736	0.00179	-0.00233	-0.00162	1.00000	
56	0.28000	1.09530	-14.09733	0.57658	0.19113	-0.09902	-0.88211	0.19484	0.99988	0.01540	0.00173	-0.01540	0.99988	0.00334	-0.00168	-0.00336	0.99999		1.07783	6.58507	0.40818	0.10029	-0.12551	4.16100	1.60875	0.99736	-0.07256	0.00219	0.07256	0.99736	0.00175	-0.00231	-0.00159	1.00000	
57	0.28500	1.12471	-14.09929	0.57267	0.19014	-0.10292	-0.88466	0.18925	0.99988	0.01544	0.00180	-0.01545	0.99988	0.00332	-0.00174	-0.00335	0.99999		1.06908	6.58832	0.40036	0.09724	-0.12506	4.16382	1.60454	0.99736	-0.07261	0.00218	0.07260	0.99736	0.00170	-0.00230	-0.00153	1.00000	
58	0.29000	1.10094	-14.11868	0.56059	0.18731	-0.10299	-0.88330	0.20456	0.99988	0.01542	0.00180	-0.01542	0.99988	0.00327	-0.00175	-0.00330	0.99999		1.11914	6.59058	0.40733	0.09423	-0.12799	4.16293	1.59941	0.99736	-0.07259	0.00223	0.07259	0.99736	0.00164	-0.00235	-0.00148	1.00000	
59	0.29500	1.12932	-14.10602	0.57137	0.18777	-0.10506	-0.88317	0.19108	0.99988	0.01541	0.00183	-0.01542	0.99988	0.00328	-0.00178	-0.00331	0.99999		1.12973	6.57279	0.41079	0.08996	-0.12637	4.16414	1.59298	0.99736	-0.07261	0.00221	0.07261	0.99736	0.00157	-0.00231	-0.00141	1.00000	
60	0.30000	1.15551	-14.11881	0.55773	0.18462	-0.11096	-0.88217	0.18589	0.99988	0.01540	0.00194	-0.01540	0.99988	0.00322	-0.00189	-0.00325	0.99999		1.13029	6.58205	0.41655	0.08763	-0.12425	4.16394	1.58007	0.99736	-0.07261	0.00217	0.07261	0.99736	0.00153	-0.00227	-0.00137	1.00000	
61	0.30500	1.08880	-14.07844	0.55545	0.19172	-0.10312	-0.87860	0.20718	0.99988	0.01533	0.00180	-0.01534	0.99988	0.00335	-0.00175	-0.00337	0.99999		1.09184	6.56773	0.41379	0.08154	-0.12118	4.16222	1.59034	0.99736	-0.07258	0.00212	0.07258	0.99736	0.00142	-0.00221	-0.00127	1.00000	
62	0.31000	1.12060	-14.09153	0.55432	0.18813	-0.10883	-0.88471	0.19922	0.99988	0.01544	0.00190	-0.01545	0.99988	0.00328	-0.00185	-0.00331	0.99999		1.10330	6.56689	0.41814	0.08093	-0.12130	4.16362	1.57918	0.99736	-0.07260	0.00212	0.07260	0.99736	0.00141	-0.00221	-0.00126	1.00000	
63	0.31500	1.13908	-14.10739	0.56160	0.18514	-0.11113	-0.88238	0.19047	0.99988	0.01540	0.00194	-0.01541	0.99988	0.00323	-0.00189	-0.00326	0.99999		1.12444	6.58332	0.41636	0.07996	-0.12248	4.16288	1.57939	0.99736	-0.07259	0.00214	0.07259	0.99736	0.00140	-0.00223	-0.00124	1.00000	
64	0.32000	1.12223	-14.10777	0.55299	0.18398	-0.11330	-0.88121	0.19967	0.99988	0.01538	0.00198	-0.01539	0.99988	0.00321	-0.00193	-0.00324	0.99999		1.10662	6.58650	0.43245	0.07681	-0.12048	4.16583	1.57445	0.99736	-0.07264	0.00210	0.07264	0.99736	0.00134	-0.00219	-0.00118	1.00000	
65	0.32500	1.13509	-14.10059	0.53879	0.18450	-0.11450	-0.88333	0.19807	0.99988	0.01542	0.00200	-0.01542	0.99988	0.00322	-0.00195	-0.00325	0.99999		1.13162	6.56882	0.43685	0.07289	-0.11999	4.16226	1.57164	0.99736	-0.07258	0.00209	0.07258	0.99736	0.00127	-0.00218	-0.00112	1.00000	
66	0.33000	1.11185	-14.10869	0.54811	0.18029	-0.11028	-0.88515	0.21107	0.99988	0.01545	0.00192	-0.01545	0.99988	0.00315	-0.00188	-0.00318	0.99999		1.12426	6.56643	0.44441	0.07013	-0.12014	4.16231	1.58468	0.99736	-0.07258	0.00210	0.07258	0.99736	0.00122	-0.00218	-0.00107	1.00000	
67	0.33500	1.11568	-14.09993	0.55509	0.17860	-0.11552	-0.87813	0.19939	0.99988	0.01533	0.00202	-0.01533	0.99988	0.00312	-0.00197	-0.00315	0.99999		1.10359	6.57709	0.45227	0.06763	-0.11802	4.16046	1.56420	0.99736	-0.07255	0.00206	0.07255	0.99736	0.00118	-0.00214	-0.00103	1.00000	
68	0.34000	1.10837	-14.09551	0.55779	0.17985	-0.11486	-0.88265	0.20312	0.99988	0.01540	0.00200	-0.01541	0.99988	0.00314	-0.00196	-0.00317	0.99999		1.12516	6.56016	0.46900	0.06353	-0.11481	4.16086	1.56575	0.99736	-0.07256	0.00200	0.07255	0.99736	0.00111	-0.00208	-0.00096	1.00000	
69	0.34500	1.13746	-14.08802	0.53437	0.17826	-0.11499	-0.88348	0.21739	0.99988	0.01542	0.00201	-0.01543	0.99988	0.00311	-0.00196	-0.00314	0.99999		1.11733	6.55743	0.46147	0.06054	-0.11512	4.15963	1.55853	0.99736	-0.07254	0.00201	0.07253	0.99737	0.00106	-0.00208	-0.00091	1.00000	
70	0.35000	1.14725	-14.10983	0.54817	0.17190	-0.11941	-0.88205	0.21333	0.99988	0.01539	0.00208	-0.01540	0.99988	0.00300	-0.00204	-0.00303	0.99999		1.08951	6.56131	0.47231	0.05717	-0.11143	4.16116	1.56985	0.99736	-0.07256	0.00194	0.07256	0.99736	0.00100	-0.00201	-0.00085	1.00000	
71	0.35500	1.15720	-14.09668	0.54344	0.16912	-0.12283	-0.87900	0.21017	0.99988	0.01534	0.00214	-0.01535	0.99988	0.00295	-0.00210	-0.00298	0.99999		1.10852	6.55760	0.47922	0.05495	-0.10794	4.15877	1.57483	0.99737	-0.07252	0.00188	0.07252	0.99737	0.00096	-0.00195	-0.00082	1.00000	
72	0.36000	1.12552	-14.10890	0.55934	0.16426	-0.12050	-0.88126	0.22219	0.99988	0.01538	0.00210	-0.01539	0.99988	0.00287	-0.00206	-0.00290	0.99999		1.08932	6.56862	0.48343	0.05352	-0.11098	4.15839	1.57479	0.99737	-0.07251	0.00194	0.07251	0.99737	0.00093	-0.00200	-0.00079	1.00000	
73	0.36500	1.13372	-14.10430	0.55660	0.16275	-0.11894	-0.88257	0.22476	0.99988	0.01540	0.00208	-0.01541	0.99988	0.00284	-0.00203	-0.00287	0.99999		1.07698	6.55587	0.50512	0.04968	-0.10562	4.15892	1.54760	0.99737	-0.07252	0.00184	0.07252	0.99737	0.00087	-0.00190	-0.00073	1.00000	
74	0.37000	1.13502	-14.11454	0.55175	0.15625	-0.12111	-0.87721	0.22045	0.99988	0.01531	0.00211	-0.01532	0.99988	0.00273	-0.00207	-0.00276	0.99999		1.08312	6.56021	0.50556	0.04879	-0.10650	4.15752	1.54779	0.99737	-0.07250	0.00186	0.07250	0.99737	0.00085	-0.00192	-0.00071	1.00000	
75	0.37500	1.18790	-14.13470	0.55298	0.15125	-0.13038	-0.88015	0.22536	0.99988	0.01536	0.00228	-0.01537	0.99988	0.00264	-0.00223	-0.00267	0.99999		1.05331	6.55959	0.51389	0.04661	-0.10143	4.15600	1.54979	0.99737	-0.07247	0.00177	0.07247	0.99737	0.00081	-0.00182	-0.00068	1.00000	
76	0.38000	1.16236	-14.14085	0.57054	0.14750	-0.12670	-0.88649	0.21758	0.99988	0.01547	0.00221	-0.01548	0.99988	0.00257	-0.00217	-0.00261	0.99999		1.05750	6.56479	0.52251	0.04625	-0.10180	4.15803	1.55278	0.99737	-0.07251	0.00178	0.07251	0.99737	0.00081	-0.00183	-0.00068	1.00000	
77	0.38500	1.14602	-14.11199	0.53809	0.15053	-0.12474	-0.88432	0.24000	0.99988	0.01543	0.00218	-0.01544	0.99988	0.00263	-0.00214	-0.00266	0.99999		1.05309	6.56469	0.53111	0.04432	-0.09761	4.15556	1.56317	0.99737	-0.07246	0.00170	0.07246	0.99737	0.00077	-0.00176	-0.00065	1.00000	
78	0.39000	1.15631	-14.12907	0.56020	0.14364	-0.12703	-0.87980	0.21749	0.99988	0.01535	0.00222	-0.01536	0.99988	0.00251	-0.00218	-0.00254	0.99999		1.05285	6.56639	0.53996	0.04171	-0.09702	4.15738	1.55721	0.99737	-0.07250	0.00169	0.07250	0.99737	0.00073	-0.00174	-0.00060	1.00000	
79	0.39500	1.10934	-14.09886	0.53190	0.14525	-0.12217	-0.88004	0.23908	0.99988	0.01536	0.00213	-0.01536	0.99988	0.00254	-0.00209	-0.00257	0.99999		1.06806	6.57506	0.53547	0.04086	-0.09766	4.15582	1.54548	0.99737	-0.07247	0.00170	0.07247	0.99737	0.00071	-0.00175	-0.00059	1.00000	
80	0.40000	1.15650	-14.11534	0.53833	0.13707	-0.12489	-0.88280	0.22663	0.99988	0.01541	0.00218	-0.01541	0.99988	0.00239	-0.00214	-0.00243	0.99999		1.05891	6.56375	0.55534	0.03807	-0.09448	4.15577	1.55024	0.99737	-0.07247	0.00165	0.07247	0.99737	0.00066	-0.00169	-0.00054	1.00000	
81	0.40500	1.12230	-14.09428	0.52910	0.13883	-0.12176	-0.87965	0.21295	0.99988	0.01535	0.00213	-0.01536	0.99988	0.00242	-0.00209	-0.00246	0.99999		1.04060	6.56500	0.56014	0.03739	-0.09286	4.15646	1.56378	0.99737	-0.07248	0.00162	0.07248	0.99737	0.00065	-0.00166	-0.00053	1.00000	
82	0.41000	1.10929	-14.08222	0.51711	0.13647	-0.11915	-0.87681	0.22027	0.99988	0.01530	0.00208	-0.01531	0.99988	0.00238	-0.00204	-0.00241	1.00000		1.04314	6.57766	0.57115	0.03785	-0.09297	4.15520	1.56432	0.99737	-0.07246	0.00162	0.07246	0.99737	0.00066	-0.00167	-0.00054	1.00000	
83	0.41500	1.10659	-14.08609	0.50965	0.13365	-0.11827	-0.87751	0.21623	0.99988	0.01531	0.00206	-0.01532	0.99988	0.00233	-0.00203	-0.00236	1.00000		1.01714	6.56323	0.56676	0.03528	-0.08882	4.15693	1.54255	0.99737	-0.07249	0.00155	0.07249	0.99737	0.00062	-0.00159	-0.00050	1.00000	
84	0.42000	1.15936	-14.10479	0.51266	0.12484	-0.13043	-0.87951	0.22589	0.99988	0.01535	0.00228	-0.01535	0.99988	0.00218	-0.00224	-0.00221	1.00000		1.04639	6.59066	0.59321	0.03547	-0.08956	4.15573	1.55494	0.99737	-0.07247	0.00156	0.07247	0.99737	0.00062	-0.00160	-0.00050	1.00000	
85	0.42500	1.11075	-14.10875	0.52858	0.11907	-0.12323	-0.87482	0.23334	0.99988	0.01527	0.00215	-0.01527	0.99988	0.00208	-0.00212	-0.00211	1.00000		1.00376	6.57271	0.59014	0.03263	-0.08449	4.15480	1.55318	0.99737	-0.07245	0.00147	0.07245	0.99737	0.00057	-0.00151	-0.00046	1.00000	
86	0.43000	1.11910	-14.07458	0.51646	0.12361	-0.12008	-0.88109	0.22203	0.99988	0.01538	0.00210	-0.01538	0.99988	0.00216	-0.00206	-0.00219	1.00000		1.01204	6.60106	0.60295	0.03589	-0.08543	4.15439	1.55220	0.99737	-0.07244	0.00149	0.07244	0.99737	0.00063	-0.00153	-0.00052	1.00000	
87	0.43500	1.14378	-14.06938	0.49139	0.11825	-0.12419	-0.87842	0.23375	0.99988	0.01533	0.00217	-0.01534	0.99988	0.00206	-0.00214	-0.00210	1.00000		1.01411	6.58808	0.61874	0.03388	-0.08234	4.15609	1.55963	0.99737	-0.07247	0.00144	0.07247	0.99737	0.00059	-0.00148	-0.00049	1.00000	
88	0.44000	1.11038	-14.08534	0.49653	0.11311	-0.11937	-0.87693	0.23081	0.99988	0.01530	0.00208	-0.01531	0.99988	0.00197	-0.00205	-0.00201	1.00000		0.99141	6.58852	0.61493	0.03246	-0.07824	4.15903	1.54230	0.99737	-0.07252	0.00137	0.07252	0.99737	0.00057	-0.00140	-0.00047	1.00000	
89	0.44500	1.11141	-14.04861	0.49639	0.11511	-0.11894	-0.87862	0.23070	0.99988	0.01533	0.00208	-0.01534	0.99988	0.00201	-0.00204	-0.00204	1.00000		1.00021	6.59245	0.63234	0.03105	-0.07650	4.15344	1.55622	0.99737	-0.07243	0.00134	0.07243	0.99737	0.00054	-0.00137	-0.00044	1.00000	
90	0.45000	1.14738	-14.10742	0.51351	0.10095	-0.12335	-0.87513	0.21243	0.99988	0.01527	0.00215	-0.01528	0.99988	0.00176	-0.00213	-0.00179	1.00000		0.97364	6.59766	0.63768	0.02939	-0.07332	4.15449	1.54861	0.99737	-0.07245	0.00128	0.07245	0.99737	0.00051	-0.00131	-0.00042	1.00000	
91	0.45500	1.13856	-14.08830	0.50330	0.09878	-0.12429	-0.87270	0.21385	0.99988	0.01523	0.00217	-0.01523	0.99988	0.00172	-0.00214	-0.00176	1.00000		1.02472	6.60733	0.66010	0.03303	-0.07870	4.15358	1.53780	0.99737	-0.07243	0.00137	0.07243	0.99737	0.00058	-0.00141	-0.00048	1.00000	
92	0.46000	1.15098	-14.09582	0.50536	0.09593	-0.12205	-0.87650	0.23666	0.99988	0.01530	0.00213	-0.01530	0.99988	0.00167	-0.00210	-0.00171	1.00000		1.00095	6.59946	0.67257	0.02996	-0.07452	4.15420	1.55632	0.99737	-0.07244	0.00130	0.07244	0.99737	0.00052	-0.00134	-0.00043	1.00000	
93	0.46500	1.15915	-14.09756	0.50297	0.09072	-0.12386	-0.87549	0.22277	0.99988	0.01528	0.00216	-0.01528	0.99988	0.00158	-0.00214	-0.00162	1.00000		0.95846	6.62848	0.68269	0.03359	-0.06863	4.15489	1.55395	0.99737	-0.07245	0.00120	0.07245	0.99737	0.00059	-0.00124	-0.00050	1.00000	
94	0.47000	1.13814	-14.07448	0.49211	0.09059	-0.11954	-0.87125	0.23838	0.99988	0.01521	0.00209	-0.01521	0.99988	0.00158	-0.00206	-0.00161	1.00000		0.97718	6.62050	0.69442	0.02999	-0.06660	4.15358	1.55311	0.99737	-0.07243	0.00116	0.07243	0.99737	0.00052	-0.00120	-0.00044	1.00000	
95	0.47500	1.17213	-14.08929	0.49293	0.08672	-0.12011	-0.87317	0.21668	0.99988	0.01524	0.00210	-0.01524	0.99988	0.00151	-0.00207	-0.00155	1.00000		0.94282	6.63259	0.72046	0.03145	-0.06413	4.15209	1.55765	0.99737	-0.07240	0.00112	0.07240	0.99738	0.00055	-0.00116	-0.00047	1.00000	
96	0.48000	1.11366	-14.08743	0.49622	0.08221	-0.11687	-0.87427	0.22858	0.99988	0.01526	0.00204	-0.01526	0.99988	0.00143	-0.00202	-0.00147	1.00000		0.93600	6.60493	0.71986	0.02718	-0.05974	4.15637	1.55202	0.99737	-0.07248	0.00104	0.07248	0.99737	0.00047	-0.00107	-0.00040	1.00000	
97	0.48500	1.06900	-14.03348	0.48453	0.09027	-0.10240	-0.87564	0.21701	0.99988	0.01528	0.00179	-0.01528	0.99988	0.00158	-0.00176	-0.00160	1.00000		0.92953	6.62218	0.73038	0.02741	-0.05676	4.15382	1.54362	0.99737	-0.07243	0.00099	0.07243	0.99737	0.00048	-0.00102	-0.00041	1.00000	
98	0.49000	1.08704	-14.03926	0.46828	0.08495	-0.10837	-0.87144	0.23481	0.99988	0.01521	0.00189	-0.01521	0.99988	0.00148	-0.00187	-0.00151	1.00000		0.95435	6.64271	0.74192	0.02712	-0.05852	4.15238	1.56395	0.99737	-0.07241	0.00102	0.07241	0.99737	0.00047	-0.00105	-0.00040	1.00000	
99	0.49500	1.11752	-14.07292	0.49327	0.07525	-0.11198	-0.87620	0.23347	0.99988	0.01529	0.00195	-0.01529	0.99988	0.00131	-0.00193	-0.00134	1.00000		0.89043	6.62342	0.77116	0.02519	-0.05346	4.15009	1.56812	0.99738	-0.07237	0.00093	0.07237	0.99738	0.00044	-0.00096	-0.00037	1.00000	
100	0.50000	1.06633	-14.05545	0.49014	0.07396	-0.10593	-0.87530	0.22496	0.99988	0.01528	0.00185	-0.01528	0.99988	0.00129	-0.00183	-0.00132	1.00000		0.88412	6.63126	0.79051	0.02565	-0.05049	4.15033	1.57282	0.99738	-0.07237	0.00088	0.07237	0.99738	0.00045	-0.00091	-0.00038	1.00000	
101	0.50500	1.10838	-14.06994	0.49078	0.06570	-0.10993	-0.86889	0.23550	0.99988	0.01516	0.00192	-0.01517	0.99988	0.00115	-0.00190	-0.00118	1.00000		0.88971	6.62925	0.79644	0.02404	-0.05113	4.15247	1.56907	0.99737	-0.07241	0.00089	0.07241	0.99737	0.00042	-0.00092	-0.00035	1.00000	
102	0.51000	1.09775	-14.07173	0.49553	0.06562	-0.10764	-0.87081	0.22878	0.99988	0.01520	0.00188	-0.01520	0.99988	0.00115	-0.00186	-0.00117	1.00000		0.87894	6.62870	0.81571	0.02372	-0.04601	4.15218	1.55944	0.99737	-0.07241	0.00080	0.07241	0.99738	0.00041	-0.00083	-0.00035	1.00000	
103	0.51500	1.04927	-14.02309	0.46917	0.07224	-0.09789	-0.87509	0.25367	0.99988	0.01527	0.00171	-0.01527	0.99988	0.00126	-0.00169	-0.00129	1.00000		0.82005	6.62175	0.81392	0.02014	-0.03959	4.15023	1.57413	0.99738	-0.07237	0.00069	0.07237	0.99738	0.00035	-0.00071	-0.00030	1.00000	
104	0.52000	1.06458	-14.06337	0.48756	0.06031	-0.10132	-0.87166	0.22162	0.99988	0.01521	0.00177	-0.01521	0.99988	0.00105	-0.00175	-0.00108	1.00000		0.85600	6.63252	0.83723	0.02110	-0.04179	4.15264	1.56415	0.99737	-0.07241	0.00073	0.07241	0.99737	0.00037	-0.00075	-0.00031	1.00000	
105	0.52500	1.04051	-14.01831	0.47810	0.06877	-0.09493	-0.87187	0.23367	0.99988	0.01522	0.00166	-0.01522	0.99988	0.00120	-0.00164	-0.00123	1.00000		0.81976	6.65099	0.85015	0.02197	-0.03887	4.15028	1.55618	0.99738	-0.07237	0.00068	0.07237	0.99738	0.00038	-0.00070	-0.00033	1.00000	
106	0.53000	1.08614	-14.04943	0.48650	0.05891	-0.10276	-0.87481	0.24439	0.99988	0.01527	0.00179	-0.01527	0.99988	0.00103	-0.00178	-0.00106	1.00000		0.82660	6.65457	0.86878	0.02244	-0.03789	4.15549	1.54043	0.99737	-0.07246	0.00066	0.07246	0.99737	0.00039	-0.00069	-0.00034	1.00000	
107	0.53500	1.05410	-14.03477	0.49130	0.06033	-0.09918	-0.87491	0.23445	0.99988	0.01527	0.00173	-0.01527	0.99988	0.00105	-0.00171	-0.00108	1.00000		0.83875	6.64775	0.87154	0.02116	-0.03672	4.15319	1.55304	0.99737	-0.07242	0.00064	0.07242	0.99737	0.00037	-0.00067	-0.00032	1.00000	
108	0.54000	1.02275	-14.00502	0.47099	0.06491	-0.09565	-0.87277	0.23890	0.99988	0.01523	0.00167	-0.01523	0.99988	0.00113	-0.00165	-0.00116	1.00000		0.80459	6.65241	0.88493	0.02046	-0.02943	4.15065	1.56042	0.99738	-0.07238	0.00051	0.07238	0.99738	0.00036	-0.00054	-0.00032	1.00000	
109	0.54500	1.02313	-14.00269	0.46575	0.06511	-0.09309	-0.87610	0.23908	0.99988	0.01529	0.00162	-0.01529	0.99988	0.00114	-0.00161	-0.00116	1.00000		0.78956	6.66837	0.90672	0.01890	-0.02816	4.14881	1.54065	0.99738	-0.07235	0.00049	0.07235	0.99738	0.00033	-0.00051	-0.00029	1.00000	
110	0.55000	1.04055	-14.03468	0.48110	0.05566	-0.09601	-0.87311	0.24136	0.99988	0.01524	0.00168	-0.01524	0.99988	0.00097	-0.00166	-0.00100	1.00000		0.80168	6.66189	0.92693	0.02029	-0.02867	4.14942	1.56094	0.99738	-0.07236	0.00050	0.07236	0.99738	0.00035	-0.00052	-0.00032	1.00000	
111	0.55500	0.95847	-13.99435	0.47474	0.06537	-0.08307	-0.87998	0.22709	0.99988	0.01536	0.00145	-0.01536	0.99988	0.00114	-0.00143	-0.00116	1.00000		0.79587	6.67021	0.94769	0.01959	-0.02544	4.15163	1.56723	0.99738	-0.07240	0.00044	0.07240	0.99738	0.00034	-0.00047	-0.00031	1.00000	
112	0.56000	1.00207	-14.01521	0.48225	0.05651	-0.09458	-0.87495	0.23739	0.99988	0.01527	0.00165	-0.01527	0.99988	0.00099	-0.00164	-0.00101	1.00000		0.75815	6.68699	0.95621	0.02023	-0.02233	4.14995	1.55853	0.99738	-0.07237	0.00039	0.07237	0.99738	0.00035	-0.00041	-0.00032	1.00000	
113	0.56500	0.97884	-13.99797	0.46857	0.06122	-0.08739	-0.87289	0.24089	0.99988	0.01523	0.00153	-0.01524	0.99988	0.00107	-0.00151	-0.00109	1.00000		0.77002	6.67662	0.96243	0.01724	-0.02086	4.15124	1.55215	0.99738	-0.07239	0.00036	0.07239	0.99738	0.00030	-0.00038	-0.00027	1.00000	
114	0.57000	0.95047	-13.98271	0.47221	0.06314	-0.08466	-0.87528	0.25357	0.99988	0.01528	0.00148	-0.01528	0.99988	0.00110	-0.00146	-0.00112	1.00000		0.71852	6.68190	0.98417	0.01719	-0.01570	4.14847	1.56073	0.99738	-0.07234	0.00027	0.07234	0.99738	0.00030	-0.00030	-0.00028	1.00000	
115	0.57500	0.96003	-14.00010	0.47564	0.06071	-0.08458	-0.87693	0.24565	0.99988	0.01530	0.00148	-0.01531	0.99988	0.00106	-0.00146	-0.00108	1.00000		0.73746	6.70077	0.99930	0.01998	-0.01684	4.15008	1.54974	0.99738	-0.07237	0.00029	0.07237	0.99738	0.00035	-0.00032	-0.00033	1.00000	
116	0.58000	0.93158	-14.00023	0.48504	0.06127	-0.08030	-0.87339	0.23869	0.99988	0.01524	0.00140	-0.01524	0.99988	0.00107	-0.00139	-0.00109	1.00000		0.72702	6.70914	1.00815	0.01957	-0.01482	4.14892	1.54934	0.99738	-0.07235	0.00026	0.07235	0.99738	0.00034	-0.00028	-0.00032	1.00000	
117	0.58500	0.93732	-14.00048	0.47808	0.06166	-0.08212	-0.87800	0.23399	0.99988	0.01532	0.00143	-0.01532	0.99988	0.00108	-0.00142	-0.00110	1.00000		0.71994	6.70859	1.00746	0.01861	-0.01186	4.14901	1.55375	0.99738	-0.07235	0.00021	0.07235	0.99738	0.00032	-0.00023	-0.00031	1.00000	
118	0.59000	0.92353	-13.97454	0.47790	0.06463	-0.07965	-0.87604	0.24496	0.99988	0.01529	0.00139	-0.01529	0.99988	0.00113	-0.00137	-0.00115	1.00000		0.73847	6.71131	1.04222	0.01857	-0.01309	4.14994	1.55606	0.99738	-0.07237	0.00023	0.07237	0.99738	0.00032	-0.00025	-0.00031	1.00000	
119	0.59500	0.90022	-14.02480	0.50627	0.05544	-0.08210	-0.87241	0.22908	0.99988	0.01523	0.00143	-0.01523	0.99988	0.00097	-0.00142	-0.00099	1.00000		0.72431	6.71203	1.04886	0.01853	-0.01070	4.15011	1.55585	0.99738	-0.07237	0.00019	0.07237	0.99738	0.00032	-0.00021	-0.00031	1.00000	
120	0.60000	0.90573	-14.02116	0.50707	0.05748	-0.08170	-0.87423	0.22496	0.99988	0.01526	0.00143	-0.01526	0.99988	0.00100	-0.00141	-0.00102	1.00000		0.70220	6.72504	1.04506	0.01829	-0.00828	4.15068	1.55583	0.99738	-0.07238	0.00014	0.07238	0.99738	0.00032	-0.00017	-0.00031	1.00000	
121	0.60500	0.84922	-13.99302	0.49042	0.06581	-0.07382	-0.87407	0.23007	0.99988	0.01525	0.00129	-0.01526	0.99988	0.00115	-0.00127	-0.00117	1.00000		0.69981	6.73357	1.06668	0.01970	-0.00770	4.15087	1.55615	0.99738	-0.07238	0.00013	0.07238	0.99738	0.00034	-0.00016	-0.00033	1.00000	
122	0.61000	0.85818	-13.98343	0.49680	0.06620	-0.07560	-0.87631	0.25017	0.99988	0.01529	0.00132	-0.01530	0.99988	0.00116	-0.00130	-0.00118	1.00000		0.68355	6.74796	1.08341	0.02130	-0.00630	4.15242	1.54947	0.99737	-0.07241	0.00011	0.07241	0.99737	0.00037	-0.00014	-0.00036	1.00000	
123	0.61500	0.87281	-14.01162	0.51143	0.06319	-0.08142	-0.87836	0.22916	0.99988	0.01533	0.00142	-0.01533	0.99988	0.00110	-0.00140	-0.00112	1.00000		0.65157	6.71894	1.07764	0.01590	-0.00485	4.15070	1.54153	0.99738	-0.07238	0.00008	0.07238	0.99738	0.00028	-0.00010	-0.00027	1.00000	
124	0.62000	0.85937	-14.01557	0.50782	0.06423	-0.07550	-0.87989	0.23362	0.99988	0.01536	0.00132	-0.01536	0.99988	0.00112	-0.00130	-0.00114	1.00000		0.62761	6.71705	1.09147	0.01515	-0.00091	4.15011	1.53817	0.99738	-0.07237	0.00002	0.07237	0.99738	0.00026	-0.00004	-0.00026	1.00000	
125	0.62500	0.81597	-14.00270	0.51890	0.06416	-0.07385	-0.87397	0.24595	0.99988	0.01525	0.00129	-0.01525	0.99988	0.00112	-0.00127	-0.00114	1.00000		0.60846	6.73332	1.09238	0.01548	0.00108	4.15070	1.53812	0.99738	-0.07238	-0.00002	0.07238	0.99738	0.00027	-0.00000	-0.00027	1.00000	
126	0.63000	0.79871	-13.98752	0.48635	0.07361	-0.06913	-0.87997	0.22578	0.99988	0.01536	0.00121	-0.01536	0.99988	0.00128	-0.00119	-0.00130	1.00000		0.61929	6.71649	1.10311	0.01432	0.00233	4.15105	1.54626	0.99738	-0.07239	-0.00004	0.07239	0.99738	0.00025	0.00002	-0.00025	1.00000	
127	0.63500	0.80779	-14.02866	0.51810	0.06548	-0.07271	-0.87829	0.22531	0.99988	0.01533	0.00127	-0.01533	0.99988	0.00114	-0.00125	-0.00116	1.00000		0.60601	6.73622	1.12150	0.01874	0.00111	4.14855	1.55660	0.99738	-0.07234	-0.00002	0.07234	0.99738	0.00033	-0.00000	-0.00033	1.00000	
128	0.64000	0.79980	-14.01361	0.51966	0.06944	-0.07355	-0.87685	0.22810	0.99988	0.01530	0.00128	-0.01530	0.99988	0.00121	-0.00127	-0.00123	1.00000		0.57824	6.74342	1.11580	0.01823	0.00270	4.14963	1.54394	0.99738	-0.07236	-0.00005	0.07236	0.99738	0.00032	0.00002	-0.00032	1.00000	
129	0.64500	0.80506	-14.01259	0.49434	0.07277	-0.07316	-0.87628	0.22408	0.99988	0.01529	0.00128	-0.01529	0.99988	0.00127	-0.00126	-0.00129	1.00000		0.60644	6.72999	1.12265	0.01550	0.00287	4.14952	1.54365	0.99738	-0.07236	-0.00005	0.07236	0.99738	0.00027	0.00003	-0.00027	1.00000	
130	0.65000	0.74380	-13.98162	0.47751	0.07990	-0.06726	-0.87489	0.23091	0.99988	0.01527	0.00117	-0.01527	0.99988	0.00139	-0.00115	-0.00141	1.00000		0.57855	6.75304	1.12899	0.01985	0.00279	4.14977	1.54387	0.99738	-0.07236	-0.00005	0.07236	0.99738	0.00035	0.00002	-0.00035	1.00000	
131	0.65500	0.74335	-13.97480	0.48516	0.08638	-0.06459	-0.88220	0.22293	0.99988	0.01540	0.00113	-0.01540	0.99988	0.00151	-0.00110	-0.00152	1.00000		0.55837	6.73562	1.13834	0.01704	0.00380	4.14560	1.54609	0.99738	-0.07229	-0.00007	0.07229	0.99738	0.00030	0.00004	-0.00030	1.00000	
132	0.66000	0.69951	-13.97802	0.48893	0.08715	-0.05919	-0.87781	0.20901	0.99988	0.01532	0.00103	-0.01532	0.99988	0.00152	-0.00101	-0.00154	1.00000		0.54746	6.74450	1.13749	0.01858	0.00587	4.14748	1.54584	0.99738	-0.07232	-0.00010	0.07232	0.99738	0.00032	0.00008	-0.00033	1.00000	
133	0.66500	0.68092	-13.98535	0.47780	0.08761	-0.06293	-0.87477	0.22820	0.99988	0.01527	0.00110	-0.01527	0.99988	0.00153	-0.00107	-0.00155	1.00000		0.55771	6.74406	1.13323	0.01959	0.00594	4.14926	1.54848	0.99738	-0.07235	-0.00010	0.07235	0.99738	0.00034	0.00008	-0.00035	1.00000	
134	0.67000	0.67222	-13.99107	0.48700	0.08942	-0.05729	-0.88151	0.22024	0.99988	0.01538	0.00100	-0.01539	0.99988	0.00156	-0.00098	-0.00158	1.00000		0.55402	6.74151	1.13963	0.02054	0.00626	4.14807	1.54938	0.99738	-0.07233	-0.00011	0.07233	0.99738	0.00036	0.00008	-0.00037	1.00000	
135	0.67500	0.67639	-13.98712	0.46571	0.09583	-0.06008	-0.87956	0.22029	0.99988	0.01535	0.00105	-0.01535	0.99988	0.00167	-0.00102	-0.00169	1.00000		0.51221	6.76189	1.13551	0.02221	0.01034	4.15069	1.53974	0.99738	-0.07238	-0.00018	0.07238	0.99738	0.00039	0.00015	-0.00040	1.00000	
136	0.68000	0.67399	-13.97953	0.46073	0.09691	-0.06048	-0.87888	0.22124	0.99988	0.01534	0.00106	-0.01534	0.99988	0.00169	-0.00103	-0.00171	1.00000		0.52071	6.75657	1.13594	0.02421	0.00842	4.14828	1.55815	0.99738	-0.07234	-0.00015	0.07234	0.99738	0.00042	0.00012	-0.00043	1.00000	
137	0.68500	0.66984	-13.97873	0.44236	0.10044	-0.06255	-0.88146	0.22997	0.99988	0.01538	0.00109	-0.01539	0.99988	0.00175	-0.00106	-0.00177	1.00000		0.51061	6.74579	1.13152	0.02296	0.00812	4.14712	1.55706	0.99738	-0.07232	-0.00014	0.07232	0.99738	0.00040	0.00011	-0.00041	1.00000	
138	0.69000	0.65535	-13.99763	0.46263	0.10014	-0.05652	-0.88231	0.20795	0.99988	0.01540	0.00099	-0.01540	0.99988	0.00175	-0.00096	-0.00176	1.00000		0.50168	6.72564	1.11176	0.02216	0.01097	4.15090	1.53922	0.99738	-0.07238	-0.00019	0.07238	0.99738	0.00039	0.00016	-0.00040	1.00000	
139	0.69500	0.64147	-13.98925	0.45710	0.10301	-0.05539	-0.88039	0.21060	0.99988	0.01537	0.00097	-0.01537	0.99988	0.00180	-0.00094	-0.00181	1.00000		0.49960	6.73969	1.11386	0.02604	0.00810	4.15052	1.56593	0.99738	-0.07238	-0.00014	0.07238	0.99738	0.00045	0.00011	-0.00046	1.00000	
140	0.70000	0.64719	-13.99270	0.45886	0.10698	-0.05614	-0.88005	0.22508	0.99988	0.01536	0.00098	-0.01536	0.99988	0.00187	-0.00095	-0.00188	1.00000		0.47536	6.73401	1.12725	0.02548	0.01025	4.14958	1.56448	0.99738	-0.07236	-0.00018	0.07236	0.99738	0.00044	0.00015	-0.00046	1.00000	
