NO_OF_FRAMES	12041
NO_OF_CAMERAS	8
NO_OF_BODIES	2
FREQUENCY	200
NO_OF_ANALOG	0
ANALOG_FREQUENCY	0
DESCRIPTION	--
TIME_STAMP	2013-07-05, 13:16:45	189419.26644247
DATA_INCLUDED	6D
BODY_NAMES	Ice 2 V2	Ice 3
Frame	Time	Ice 2 V2 X	Y	Z	Roll	Pitch	Yaw	Residual	Rot[0]	Rot[1]	Rot[2]	Rot[3]	Rot[4]	Rot[5]	Rot[6]	Rot[7]	Rot[8]	Ice 3 X	Y	Z	Roll	Pitch	Yaw	Residual	Rot[0]	Rot[1]	Rot[2]	Rot[3]	Rot[4]	Rot[5]	Rot[6]	Rot[7]	Rot[8]	
1	0.00500	-5.14918	23.19468	-0.40221	-0.71683	0.56257	-18.05095	0.45190	0.95074	0.30985	-0.00982	-0.30996	0.95067	-0.01251	0.00546	0.01494	0.99987		0.13597	6.35741	-0.18426	-0.48864	-0.00559	3.71796	0.45063	0.99790	-0.06485	0.00010	0.06484	0.99786	-0.00853	0.00046	0.00852	0.99996	
2	0.01000	-5.14206	23.38404	-0.42495	-0.72235	0.54809	-18.05422	0.40736	0.95072	0.30990	-0.00957	-0.31001	0.95065	-0.01261	0.00519	0.01495	0.99987		0.17134	6.43712	-0.21101	-0.49148	-0.00055	3.71338	0.42591	0.99790	-0.06477	0.00001	0.06476	0.99786	-0.00858	0.00055	0.00856	0.99996	
3	0.01500	-5.14024	23.58507	-0.46572	-0.73127	0.53697	-18.05344	0.41467	0.95073	0.30989	-0.00937	-0.30999	0.95065	-0.01276	0.00495	0.01504	0.99987		0.16216	6.55848	-0.25350	-0.49091	0.00596	3.70848	0.43189	0.99791	-0.06468	-0.00010	0.06468	0.99787	-0.00857	0.00066	0.00854	0.99996	
4	0.02000	-5.09778	23.78593	-0.51553	-0.73583	0.52681	-18.05332	0.42057	0.95073	0.30989	-0.00919	-0.30999	0.95065	-0.01284	0.00476	0.01506	0.99988		0.16730	6.67056	-0.29189	-0.48594	0.01485	3.70797	0.40957	0.99791	-0.06467	-0.00026	0.06467	0.99787	-0.00848	0.00081	0.00845	0.99996	
5	0.02500	-5.12015	23.98363	-0.54374	-0.73908	0.51650	-18.05749	0.42467	0.95071	0.30996	-0.00901	-0.31006	0.95063	-0.01290	0.00457	0.01506	0.99988		0.14893	6.77261	-0.34388	-0.48202	0.02549	3.70819	0.43411	0.99791	-0.06468	-0.00044	0.06467	0.99787	-0.00841	0.00099	0.00837	0.99996	
6	0.03000	-5.11905	24.18859	-0.59146	-0.74026	0.50378	-18.05424	0.41756	0.95073	0.30991	-0.00879	-0.31000	0.95065	-0.01292	0.00435	0.01501	0.99988		0.12372	6.90642	-0.37502	-0.47616	0.03140	3.70616	0.42399	0.99791	-0.06464	-0.00055	0.06463	0.99787	-0.00831	0.00108	0.00826	0.99997	
7	0.03500	-5.13104	24.38711	-0.62480	-0.73738	0.49406	-18.06497	0.42548	0.95067	0.31008	-0.00862	-0.31018	0.95059	-0.01287	0.00421	0.01491	0.99988		0.11373	6.98994	-0.41518	-0.47285	0.04192	3.70738	0.44829	0.99791	-0.06466	-0.00073	0.06465	0.99787	-0.00825	0.00126	0.00819	0.99997	
8	0.04000	-5.14651	24.57455	-0.66604	-0.74164	0.48323	-18.05877	0.41966	0.95071	0.30998	-0.00843	-0.31007	0.95063	-0.01294	0.00401	0.01492	0.99988		0.10952	7.12201	-0.46064	-0.46553	0.05085	3.70538	0.43494	0.99791	-0.06463	-0.00089	0.06462	0.99788	-0.00812	0.00141	0.00805	0.99997	
9	0.04500	-5.11334	24.79726	-0.69863	-0.74079	0.46272	-18.05814	0.41460	0.95071	0.30997	-0.00808	-0.31006	0.95063	-0.01293	0.00367	0.01480	0.99988		0.09721	7.24962	-0.50074	-0.45826	0.05789	3.71010	0.45460	0.99790	-0.06471	-0.00101	0.06470	0.99787	-0.00800	0.00153	0.00792	0.99997	
10	0.05000	-5.08458	24.99082	-0.73082	-0.73455	0.45021	-18.06001	0.40807	0.95070	0.31000	-0.00786	-0.31008	0.95062	-0.01282	0.00350	0.01462	0.99989		0.10060	7.38697	-0.53153	-0.44600	0.06676	3.70949	0.45230	0.99790	-0.06470	-0.00117	0.06469	0.99788	-0.00778	0.00167	0.00769	0.99997	
11	0.05500	-5.10888	25.19376	-0.75364	-0.73179	0.43683	-18.06028	0.41126	0.95070	0.31001	-0.00762	-0.31008	0.95062	-0.01277	0.00329	0.01451	0.99989		0.09187	7.53384	-0.57154	-0.43693	0.07504	3.70863	0.44264	0.99791	-0.06468	-0.00131	0.06467	0.99788	-0.00763	0.00180	0.00753	0.99997	
12	0.06000	-5.07161	25.38143	-0.79055	-0.72796	0.41720	-18.05788	0.39928	0.95072	0.30997	-0.00728	-0.31004	0.95064	-0.01270	0.00298	0.01434	0.99989		0.12191	7.64416	-0.62778	-0.42906	0.08220	3.70619	0.48132	0.99791	-0.06464	-0.00143	0.06463	0.99788	-0.00749	0.00192	0.00738	0.99997	
13	0.06500	-5.07699	25.58475	-0.80489	-0.71721	0.40597	-18.05930	0.40790	0.95071	0.30999	-0.00709	-0.31006	0.95063	-0.01252	0.00286	0.01410	0.99990		0.09777	7.78918	-0.65231	-0.41833	0.09309	3.71032	0.48819	0.99790	-0.06471	-0.00162	0.06470	0.99788	-0.00730	0.00209	0.00718	0.99997	
14	0.07000	-5.09331	25.79770	-0.84190	-0.70380	0.39354	-18.05938	0.42252	0.95071	0.31000	-0.00687	-0.31006	0.95064	-0.01228	0.00272	0.01381	0.99990		0.08161	7.92365	-0.68984	-0.40831	0.09874	3.71014	0.48848	0.99790	-0.06471	-0.00172	0.06469	0.99788	-0.00713	0.00218	0.00700	0.99997	
15	0.07500	-5.07304	26.00381	-0.85520	-0.69339	0.37800	-18.05559	0.41643	0.95074	0.30993	-0.00660	-0.30999	0.95066	-0.01210	0.00252	0.01355	0.99991		0.11981	8.05057	-0.71340	-0.39761	0.10827	3.70732	0.48648	0.99791	-0.06466	-0.00189	0.06465	0.99788	-0.00694	0.00233	0.00680	0.99997	
16	0.08000	-5.03955	26.19062	-0.88099	-0.68227	0.36357	-18.05347	0.40934	0.95075	0.30990	-0.00635	-0.30995	0.95068	-0.01191	0.00234	0.01329	0.99991		0.10042	8.17993	-0.74258	-0.38689	0.11424	3.70757	0.48542	0.99791	-0.06466	-0.00199	0.06465	0.99789	-0.00675	0.00243	0.00661	0.99998	
17	0.08500	-5.03208	26.40111	-0.90777	-0.66567	0.34873	-18.05340	0.41023	0.95075	0.30990	-0.00609	-0.30995	0.95068	-0.01162	0.00219	0.01293	0.99991		0.07339	8.30057	-0.77313	-0.37507	0.12269	3.70994	0.50669	0.99790	-0.06471	-0.00214	0.06469	0.99788	-0.00655	0.00256	0.00639	0.99998	
18	0.09000	-5.03858	26.57487	-0.91749	-0.65037	0.33919	-18.05324	0.41008	0.95075	0.30990	-0.00592	-0.30994	0.95069	-0.01135	0.00211	0.01263	0.99992		0.09469	8.45082	-0.79161	-0.36137	0.12711	3.70786	0.50856	0.99790	-0.06467	-0.00222	0.06465	0.99789	-0.00631	0.00262	0.00615	0.99998	
19	0.09500	-5.05283	26.75918	-0.92773	-0.63316	0.32907	-18.05816	0.42169	0.95073	0.30998	-0.00574	-0.31002	0.95066	-0.01105	0.00203	0.01229	0.99992		0.12115	8.60383	-0.81209	-0.34603	0.12903	3.70937	0.50792	0.99790	-0.06470	-0.00225	0.06468	0.99789	-0.00604	0.00264	0.00588	0.99998	
20	0.10000	-5.02812	26.95050	-0.94130	-0.61299	0.30955	-18.05632	0.41082	0.95074	0.30995	-0.00540	-0.30999	0.95068	-0.01070	0.00182	0.01185	0.99993		0.11413	8.72284	-0.84372	-0.33500	0.13938	3.71213	0.53128	0.99790	-0.06474	-0.00243	0.06473	0.99789	-0.00585	0.00281	0.00568	0.99998	
21	0.10500	-5.04147	27.14513	-0.93370	-0.59163	0.30165	-18.05261	0.41689	0.95076	0.30989	-0.00526	-0.30993	0.95070	-0.01033	0.00181	0.01145	0.99993		0.14504	8.85409	-0.86636	-0.32175	0.14346	3.71362	0.54355	0.99790	-0.06477	-0.00250	0.06475	0.99789	-0.00562	0.00286	0.00544	0.99998	
22	0.11000	-5.03475	27.35288	-0.93765	-0.56545	0.28507	-18.05797	0.40440	0.95073	0.30998	-0.00498	-0.31001	0.95068	-0.00987	0.00167	0.01092	0.99994		0.14208	8.99222	-0.88867	-0.30714	0.14818	3.71311	0.53700	0.99790	-0.06476	-0.00259	0.06475	0.99789	-0.00536	0.00293	0.00518	0.99998	
23	0.11500	-5.00900	27.55637	-0.93776	-0.54121	0.27307	-18.04579	0.39548	0.95080	0.30977	-0.00477	-0.30981	0.95075	-0.00945	0.00161	0.01046	0.99994		0.12968	9.14274	-0.89963	-0.28878	0.15091	3.71417	0.55295	0.99790	-0.06478	-0.00263	0.06477	0.99789	-0.00504	0.00295	0.00486	0.99998	
24	0.12000	-4.98902	27.70074	-0.91302	-0.52254	0.25841	-18.05737	0.41715	0.95074	0.30997	-0.00451	-0.31000	0.95069	-0.00912	0.00146	0.01007	0.99995		0.10927	9.26771	-0.92882	-0.27647	0.15829	3.71408	0.56542	0.99790	-0.06478	-0.00276	0.06476	0.99789	-0.00483	0.00307	0.00464	0.99998	
25	0.12500	-4.98761	27.87027	-0.90419	-0.49759	0.24695	-18.05820	0.41487	0.95073	0.30998	-0.00431	-0.31001	0.95069	-0.00868	0.00141	0.00959	0.99995		0.13499	9.42133	-0.94033	-0.25908	0.16169	3.71237	0.55564	0.99790	-0.06475	-0.00282	0.06473	0.99789	-0.00452	0.00311	0.00433	0.99999	
26	0.13000	-4.98660	28.02910	-0.91084	-0.47481	0.23096	-18.05853	0.41977	0.95073	0.30999	-0.00403	-0.31001	0.95070	-0.00829	0.00126	0.00913	0.99996		0.10104	9.56361	-0.95352	-0.24089	0.16777	3.71317	0.57413	0.99790	-0.06476	-0.00293	0.06475	0.99789	-0.00420	0.00319	0.00401	0.99999	
27	0.13500	-4.97841	28.21228	-0.90717	-0.44067	0.22667	-18.05811	0.40432	0.95074	0.30998	-0.00396	-0.31000	0.95071	-0.00769	0.00138	0.00854	0.99996		0.16296	9.69593	-0.96721	-0.22606	0.16644	3.71001	0.55530	0.99790	-0.06471	-0.00290	0.06469	0.99790	-0.00395	0.00315	0.00375	0.99999	
28	0.14000	-5.00650	28.36361	-0.88814	-0.41316	0.21703	-18.05186	0.40929	0.95077	0.30988	-0.00379	-0.30990	0.95074	-0.00721	0.00137	0.00803	0.99997		0.12494	9.81822	-0.98031	-0.21025	0.17131	3.71313	0.58027	0.99790	-0.06476	-0.00299	0.06475	0.99789	-0.00367	0.00322	0.00347	0.99999	
29	0.14500	-5.02023	28.58060	-0.93540	-0.36447	0.21657	-18.08317	0.42703	0.95060	0.31040	-0.00378	-0.31041	0.95058	-0.00636	0.00162	0.00722	0.99997		0.15721	9.96957	-0.98461	-0.19056	0.17166	3.71353	0.58695	0.99790	-0.06477	-0.00300	0.06476	0.99790	-0.00333	0.00321	0.00312	0.99999	
30	0.15000	-5.03921	28.72301	-0.93014	-0.33567	0.20619	-18.07821	0.41877	0.95063	0.31031	-0.00360	-0.31033	0.95061	-0.00586	0.00160	0.00669	0.99998		0.15946	10.09140	-0.99120	-0.17511	0.17302	3.71058	0.56967	0.99790	-0.06472	-0.00302	0.06471	0.99790	-0.00306	0.00321	0.00285	0.99999	
31	0.15500	-5.00760	28.84818	-0.91197	-0.30631	0.19617	-18.07651	0.42635	0.95064	0.31028	-0.00342	-0.31030	0.95062	-0.00535	0.00160	0.00614	0.99998		0.14128	10.19325	-0.99949	-0.15946	0.17740	3.71330	0.59118	0.99790	-0.06476	-0.00310	0.06476	0.99790	-0.00278	0.00327	0.00258	0.99999	
32	0.16000	-4.98768	29.00733	-0.88834	-0.27617	0.18210	-18.07461	0.42540	0.95065	0.31025	-0.00318	-0.31027	0.95064	-0.00482	0.00153	0.00557	0.99998		0.15472	10.34060	-0.99887	-0.14114	0.17596	3.71675	0.60786	0.99789	-0.06482	-0.00307	0.06482	0.99789	-0.00246	0.00322	0.00226	0.99999	
33	0.16500	-5.00813	29.12295	-0.86105	-0.24333	0.17318	-18.08221	0.43045	0.95061	0.31038	-0.00302	-0.31039	0.95060	-0.00425	0.00156	0.00498	0.99999		0.17783	10.44723	-1.00039	-0.12475	0.17669	3.71496	0.60018	0.99789	-0.06479	-0.00308	0.06479	0.99790	-0.00218	0.00322	0.00197	0.99999	
34	0.17000	-5.00693	29.24571	-0.84491	-0.20953	0.16073	-18.08475	0.42810	0.95059	0.31042	-0.00281	-0.31043	0.95059	-0.00366	0.00153	0.00435	0.99999		0.15851	10.56006	-0.99523	-0.10527	0.17606	3.71530	0.57819	0.99789	-0.06480	-0.00307	0.06479	0.99790	-0.00184	0.00319	0.00163	0.99999	
35	0.17500	-4.99869	29.38855	-0.81931	-0.17389	0.15600	-18.07865	0.42446	0.95063	0.31032	-0.00272	-0.31033	0.95062	-0.00303	0.00165	0.00373	0.99999		0.16577	10.66950	-0.99646	-0.08963	0.17643	3.71792	0.61697	0.99789	-0.06484	-0.00308	0.06484	0.99789	-0.00156	0.00317	0.00136	0.99999	
36	0.18000	-4.98540	29.46119	-0.80288	-0.14323	0.14344	-18.08629	0.42754	0.95059	0.31045	-0.00250	-0.31045	0.95059	-0.00250	0.00160	0.00315	0.99999		0.19617	10.80108	-0.99317	-0.06861	0.17298	3.71956	0.60849	0.99789	-0.06487	-0.00302	0.06487	0.99789	-0.00120	0.00309	0.00100	0.99999	
37	0.18500	-5.03723	29.57530	-0.79171	-0.10605	0.14180	-18.08762	0.42564	0.95058	0.31047	-0.00247	-0.31047	0.95058	-0.00185	0.00178	0.00253	1.00000		0.17229	10.89551	-0.98457	-0.05108	0.17253	3.71645	0.58987	0.99789	-0.06482	-0.00301	0.06482	0.99790	-0.00089	0.00306	0.00069	1.00000	
38	0.19000	-5.04443	29.65193	-0.76495	-0.07359	0.13743	-18.08355	0.43440	0.95060	0.31040	-0.00240	-0.31041	0.95060	-0.00128	0.00188	0.00197	1.00000		0.19134	11.01508	-0.97062	-0.02962	0.17255	3.72094	0.58610	0.99789	-0.06490	-0.00301	0.06490	0.99789	-0.00052	0.00304	0.00032	1.00000	
39	0.19500	-5.02992	29.75236	-0.73532	-0.03688	0.13225	-18.08426	0.42923	0.95060	0.31041	-0.00231	-0.31042	0.95060	-0.00064	0.00199	0.00133	1.00000		0.22712	11.09119	-0.96326	-0.01340	0.16696	3.72068	0.58396	0.99789	-0.06489	-0.00291	0.06489	0.99789	-0.00023	0.00292	0.00004	1.00000	
40	0.20000	-5.04631	29.82217	-0.69912	-0.00627	0.12866	-18.08428	0.42304	0.95060	0.31041	-0.00225	-0.31042	0.95060	-0.00011	0.00210	0.00080	1.00000		0.21775	11.19661	-0.96012	0.00843	0.16550	3.71754	0.57870	0.99789	-0.06484	-0.00289	0.06484	0.99790	0.00015	0.00287	-0.00033	1.00000	
41	0.20500	-5.02327	29.89180	-0.66652	0.02904	0.12092	-18.08608	0.42886	0.95059	0.31044	-0.00211	-0.31044	0.95059	0.00051	0.00216	0.00017	1.00000		0.22133	11.27772	-0.93459	0.02685	0.16536	3.71930	0.56539	0.99789	-0.06487	-0.00289	0.06487	0.99789	0.00047	0.00285	-0.00065	1.00000	
42	0.21000	-5.04105	29.95376	-0.61899	0.06391	0.11530	-18.08772	0.43563	0.95058	0.31047	-0.00201	-0.31047	0.95058	0.00112	0.00226	-0.00044	1.00000		0.19863	11.36811	-0.92295	0.04600	0.16151	3.72315	0.56451	0.99789	-0.06494	-0.00282	0.06494	0.99789	0.00080	0.00276	-0.00098	1.00000	
43	0.21500	-5.01772	30.00679	-0.58747	0.09510	0.11129	-18.08650	0.44134	0.95059	0.31045	-0.00194	-0.31045	0.95059	0.00166	0.00236	-0.00097	1.00000		0.21009	11.45516	-0.91175	0.06698	0.15982	3.72438	0.56437	0.99788	-0.06496	-0.00279	0.06496	0.99789	0.00117	0.00271	-0.00135	1.00000	
44	0.22000	-5.01336	30.05257	-0.55066	0.13264	0.10917	-18.09051	0.46186	0.95057	0.31052	-0.00191	-0.31051	0.95057	0.00231	0.00253	-0.00161	1.00000		0.20021	11.53237	-0.89608	0.08787	0.15823	3.72837	0.56317	0.99788	-0.06503	-0.00276	0.06503	0.99788	0.00153	0.00266	-0.00171	1.00000	
45	0.22500	-5.01227	30.10180	-0.52001	0.16656	0.10376	-18.08910	0.44255	0.95057	0.31050	-0.00181	-0.31049	0.95057	0.00291	0.00262	-0.00220	0.99999		0.19992	11.61742	-0.87654	0.10978	0.15140	3.72796	0.57478	0.99788	-0.06502	-0.00264	0.06502	0.99788	0.00192	0.00251	-0.00208	0.99999	
46	0.23000	-5.01983	30.12992	-0.48014	0.19997	0.10501	-18.08705	0.45336	0.95058	0.31046	-0.00183	-0.31045	0.95058	0.00349	0.00283	-0.00275	0.99999		0.21459	11.68087	-0.85421	0.12915	0.15048	3.72967	0.55233	0.99788	-0.06505	-0.00263	0.06505	0.99788	0.00225	0.00247	-0.00242	0.99999	
47	0.23500	-5.02230	30.14851	-0.44463	0.23122	0.10589	-18.08592	0.45308	0.95059	0.31044	-0.00185	-0.31043	0.95059	0.00404	0.00301	-0.00326	0.99999		0.22051	11.75060	-0.82675	0.15112	0.14428	3.73206	0.52831	0.99788	-0.06509	-0.00252	0.06510	0.99788	0.00264	0.00234	-0.00280	0.99999	
48	0.24000	-5.03093	30.23388	-0.44165	0.28400	0.11297	-18.10445	0.45180	0.95049	0.31075	-0.00197	-0.31074	0.95048	0.00496	0.00341	-0.00410	0.99999		0.16018	11.78085	-0.79962	0.16941	0.14279	3.73300	0.54295	0.99788	-0.06511	-0.00249	0.06511	0.99787	0.00296	0.00229	-0.00311	0.99999	
49	0.24500	-5.03390	30.25076	-0.40651	0.31778	0.10761	-18.10863	0.42716	0.95047	0.31082	-0.00188	-0.31080	0.95046	0.00555	0.00351	-0.00469	0.99998		0.17419	11.85406	-0.77696	0.19190	0.13845	3.73368	0.53315	0.99787	-0.06512	-0.00242	0.06513	0.99787	0.00335	0.00219	-0.00350	0.99999	
50	0.25000	-5.07104	30.24632	-0.36844	0.34744	0.11091	-18.10149	0.42931	0.95051	0.31070	-0.00194	-0.31068	0.95049	0.00606	0.00372	-0.00516	0.99998		0.19667	11.88972	-0.74679	0.21191	0.13329	3.73349	0.52895	0.99788	-0.06512	-0.00233	0.06512	0.99787	0.00370	0.00208	-0.00384	0.99999	
51	0.25500	-5.05507	30.24033	-0.30503	0.38010	0.10855	-18.10304	0.43406	0.95050	0.31073	-0.00189	-0.31071	0.95048	0.00663	0.00386	-0.00572	0.99998		0.18545	11.92710	-0.70414	0.23278	0.12890	3.73521	0.52552	0.99787	-0.06515	-0.00225	0.06515	0.99787	0.00406	0.00198	-0.00420	0.99999	
52	0.26000	-5.08043	30.24787	-0.29195	0.41412	0.10746	-18.10030	0.42393	0.95051	0.31068	-0.00188	-0.31066	0.95049	0.00723	0.00403	-0.00629	0.99997		0.15885	11.96207	-0.67361	0.25308	0.12379	3.73669	0.49486	0.99787	-0.06517	-0.00216	0.06518	0.99786	0.00442	0.00187	-0.00455	0.99999	
53	0.26500	-5.10459	30.22458	-0.25912	0.44545	0.10924	-18.09918	0.42850	0.95052	0.31066	-0.00191	-0.31064	0.95050	0.00777	0.00423	-0.00680	0.99997		0.13783	11.99235	-0.64539	0.27397	0.11715	3.73640	0.48881	0.99787	-0.06517	-0.00204	0.06518	0.99786	0.00478	0.00173	-0.00490	0.99999	
54	0.27000	-5.11757	30.19092	-0.20611	0.47427	0.10941	-18.10023	0.43356	0.95051	0.31068	-0.00191	-0.31065	0.95049	0.00828	0.00439	-0.00727	0.99996		0.16943	12.01119	-0.60674	0.29397	0.11214	3.74014	0.48448	0.99787	-0.06523	-0.00196	0.06524	0.99786	0.00513	0.00162	-0.00525	0.99998	
55	0.27500	-5.08607	30.14180	-0.15467	0.50010	0.10728	-18.10074	0.42689	0.95051	0.31069	-0.00187	-0.31066	0.95048	0.00873	0.00449	-0.00771	0.99996		0.14810	12.03670	-0.56401	0.31573	0.10872	3.74066	0.48005	0.99787	-0.06524	-0.00190	0.06525	0.99785	0.00551	0.00153	-0.00562	0.99998	
56	0.28000	-5.10060	30.09095	-0.10299	0.52672	0.11062	-18.09942	0.44248	0.95052	0.31067	-0.00193	-0.31064	0.95048	0.00919	0.00469	-0.00814	0.99996		0.17684	12.03347	-0.52949	0.33496	0.10342	3.74352	0.47698	0.99786	-0.06529	-0.00181	0.06530	0.99785	0.00585	0.00142	-0.00595	0.99998	
57	0.28500	-5.09628	30.02245	-0.05715	0.55175	0.11179	-18.09743	0.44396	0.95053	0.31063	-0.00195	-0.31060	0.95049	0.00963	0.00485	-0.00855	0.99995		0.20256	12.02146	-0.47766	0.35337	0.09688	3.74575	0.44888	0.99786	-0.06533	-0.00169	0.06534	0.99784	0.00617	0.00128	-0.00626	0.99998	
58	0.29000	-5.13158	29.96784	-0.02447	0.57793	0.11269	-18.09953	0.43838	0.95052	0.31067	-0.00197	-0.31063	0.95048	0.01009	0.00500	-0.00898	0.99995		0.17065	12.03547	-0.44435	0.37473	0.09506	3.74764	0.46311	0.99786	-0.06536	-0.00166	0.06537	0.99784	0.00654	0.00123	-0.00663	0.99998	
59	0.29500	-5.11831	29.90901	0.03854	0.60443	0.11413	-18.09793	0.43572	0.95053	0.31064	-0.00199	-0.31060	0.95048	0.01055	0.00517	-0.00941	0.99994		0.17801	12.01933	-0.39169	0.39604	0.08927	3.74938	0.43304	0.99786	-0.06539	-0.00156	0.06540	0.99784	0.00691	0.00110	-0.00700	0.99997	
60	0.30000	-5.14721	29.81402	0.09267	0.62864	0.12056	-18.09892	0.44627	0.95052	0.31066	-0.00210	-0.31062	0.95047	0.01097	0.00541	-0.00978	0.99994		0.16811	12.00983	-0.34912	0.41584	0.08491	3.74989	0.42255	0.99786	-0.06540	-0.00148	0.06541	0.99783	0.00726	0.00100	-0.00734	0.99997	
61	0.30500	-5.13259	29.75721	0.13182	0.65287	0.11817	-18.10243	0.44021	0.95050	0.31072	-0.00206	-0.31067	0.95045	0.01139	0.00550	-0.01019	0.99993		0.17715	11.98795	-0.30617	0.43569	0.08055	3.75346	0.42616	0.99785	-0.06546	-0.00141	0.06547	0.99783	0.00760	0.00090	-0.00768	0.99997	
62	0.31000	-5.16422	29.65235	0.18518	0.67487	0.12318	-18.10145	0.43797	0.95051	0.31070	-0.00215	-0.31065	0.95045	0.01178	0.00570	-0.01053	0.99993		0.15982	11.96472	-0.26863	0.45550	0.07199	3.75485	0.41226	0.99785	-0.06549	-0.00126	0.06550	0.99782	0.00795	0.00073	-0.00802	0.99997	
63	0.31500	-5.19969	29.53561	0.21672	0.69529	0.12711	-18.10343	0.43699	0.95049	0.31073	-0.00222	-0.31068	0.95044	0.01213	0.00588	-0.01084	0.99992		0.15777	11.93122	-0.22303	0.47453	0.06898	3.75637	0.41320	0.99785	-0.06551	-0.00120	0.06552	0.99782	0.00828	0.00066	-0.00834	0.99996	
64	0.32000	-5.22003	29.44340	0.27195	0.71580	0.12814	-18.10366	0.44215	0.95049	0.31074	-0.00224	-0.31069	0.95043	0.01249	0.00601	-0.01118	0.99992		0.16675	11.87454	-0.16970	0.49003	0.06422	3.75980	0.39508	0.99785	-0.06557	-0.00112	0.06558	0.99781	0.00855	0.00056	-0.00861	0.99996	
65	0.32500	-5.22305	29.32243	0.32070	0.73541	0.13264	-18.11007	0.44148	0.95046	0.31084	-0.00232	-0.31079	0.95039	0.01284	0.00619	-0.01148	0.99991		0.18348	11.83868	-0.12213	0.50901	0.05821	3.76247	0.39031	0.99784	-0.06562	-0.00102	0.06563	0.99780	0.00888	0.00043	-0.00893	0.99996	
66	0.33000	-5.20713	29.23104	0.36384	0.75740	0.12936	-18.11144	0.43877	0.95045	0.31087	-0.00226	-0.31081	0.95038	0.01322	0.00625	-0.01186	0.99991		0.15949	11.78045	-0.07074	0.52715	0.05857	3.76768	0.39525	0.99784	-0.06571	-0.00102	0.06572	0.99780	0.00920	0.00042	-0.00925	0.99996	
67	0.33500	-5.21515	29.11158	0.40630	0.77513	0.13036	-18.11283	0.44319	0.95044	0.31089	-0.00228	-0.31083	0.95037	0.01353	0.00637	-0.01215	0.99991		0.18450	11.74305	-0.01797	0.54561	0.05118	3.76715	0.36351	0.99784	-0.06570	-0.00089	0.06571	0.99779	0.00952	0.00027	-0.00956	0.99995	
68	0.34000	-5.21847	28.97777	0.46295	0.79043	0.13298	-18.10922	0.44077	0.95046	0.31083	-0.00232	-0.31077	0.95039	0.01380	0.00649	-0.01239	0.99990		0.20213	11.69802	0.03521	0.56635	0.04464	3.77160	0.35740	0.99783	-0.06578	-0.00078	0.06578	0.99778	0.00988	0.00013	-0.00991	0.99995	
69	0.34500	-5.26393	28.91707	0.46327	0.82564	0.14898	-18.12641	0.44293	0.95037	0.31111	-0.00260	-0.31105	0.95029	0.01441	0.00695	-0.01289	0.99989		0.18110	11.61522	0.09072	0.58067	0.04230	3.77255	0.35004	0.99783	-0.06580	-0.00074	0.06580	0.99778	0.01013	0.00007	-0.01016	0.99995	
70	0.35000	-5.29912	28.73034	0.55639	0.82169	0.13965	-18.11345	0.44444	0.95044	0.31090	-0.00244	-0.31083	0.95036	0.01434	0.00677	-0.01287	0.99989		0.15650	11.57189	0.14067	0.59980	0.03972	3.77834	0.36116	0.99783	-0.06590	-0.00069	0.06590	0.99777	0.01047	0.00000	-0.01049	0.99994	
71	0.35500	-5.31422	28.58479	0.59627	0.83559	0.14282	-18.11111	0.44927	0.95045	0.31086	-0.00249	-0.31079	0.95037	0.01458	0.00690	-0.01309	0.99989		0.15599	11.48881	0.18546	0.61536	0.03568	3.78167	0.34393	0.99782	-0.06595	-0.00062	0.06596	0.99776	0.01074	-0.00009	-0.01076	0.99994	
72	0.36000	-5.32260	28.49207	0.59340	0.86569	0.15400	-18.13131	0.43835	0.95034	0.31119	-0.00269	-0.31112	0.95025	0.01511	0.00726	-0.01352	0.99988		0.14720	11.40727	0.22793	0.62990	0.03447	3.78177	0.34765	0.99782	-0.06596	-0.00060	0.06596	0.99776	0.01099	-0.00012	-0.01101	0.99994	
73	0.36500	-5.36143	28.36090	0.63735	0.88002	0.15613	-18.13548	0.43795	0.95032	0.31126	-0.00272	-0.31119	0.95022	0.01536	0.00737	-0.01375	0.99988		0.12858	11.31704	0.26408	0.64378	0.02985	3.78257	0.33835	0.99782	-0.06597	-0.00052	0.06597	0.99776	0.01124	-0.00022	-0.01125	0.99994	
74	0.37000	-5.36206	28.20368	0.68020	0.89002	0.15699	-18.13101	0.43391	0.95034	0.31119	-0.00274	-0.31111	0.95025	0.01553	0.00744	-0.01391	0.99988		0.16983	11.23653	0.31857	0.65961	0.02399	3.78765	0.33702	0.99782	-0.06606	-0.00042	0.06606	0.99775	0.01151	-0.00034	-0.01151	0.99993	
75	0.37500	-5.37025	28.02240	0.74245	0.89877	0.16039	-18.13467	0.44338	0.95032	0.31125	-0.00280	-0.31117	0.95022	0.01569	0.00754	-0.01404	0.99987		0.13813	11.13343	0.37654	0.67179	0.02271	3.78682	0.32763	0.99782	-0.06604	-0.00040	0.06604	0.99775	0.01172	-0.00038	-0.01173	0.99993	
76	0.38000	-5.34461	27.84541	0.78060	0.90395	0.15441	-18.13622	0.43730	0.95032	0.31128	-0.00269	-0.31120	0.95021	0.01578	0.00747	-0.01415	0.99987		0.15249	11.01813	0.41550	0.67960	0.02102	3.78847	0.31647	0.99781	-0.06607	-0.00037	0.06607	0.99774	0.01186	-0.00042	-0.01186	0.99993	
77	0.38500	-5.28832	27.59218	0.88252	0.89078	0.14607	-18.12660	0.44338	0.95037	0.31112	-0.00255	-0.31104	0.95027	0.01555	0.00726	-0.01398	0.99988		0.14473	10.91460	0.46398	0.69126	0.02118	3.78836	0.30542	0.99781	-0.06607	-0.00037	0.06607	0.99774	0.01206	-0.00043	-0.01206	0.99993	
78	0.39000	-5.38004	27.50628	0.89265	0.91716	0.15580	-18.14505	0.43495	0.95027	0.31142	-0.00272	-0.31134	0.95016	0.01601	0.00757	-0.01436	0.99987		0.16318	10.79472	0.52388	0.70159	0.01510	3.79182	0.28892	0.99781	-0.06613	-0.00026	0.06613	0.99774	0.01224	-0.00055	-0.01224	0.99992	
79	0.39500	-5.39244	27.31386	0.92722	0.92192	0.15629	-18.14732	0.43349	0.95026	0.31146	-0.00273	-0.31138	0.95015	0.01609	0.00760	-0.01444	0.99987		0.11175	10.69510	0.57120	0.71227	0.01606	3.79508	0.30236	0.99781	-0.06619	-0.00028	0.06619	0.99773	0.01243	-0.00054	-0.01242	0.99992	
80	0.40000	-5.35424	27.05623	1.01777	0.90411	0.14307	-18.12895	0.43562	0.95036	0.31116	-0.00250	-0.31108	0.95025	0.01578	0.00728	-0.01422	0.99987		0.15674	10.56573	0.62312	0.72103	0.00866	3.79603	0.28640	0.99781	-0.06620	-0.00015	0.06620	0.99773	0.01258	-0.00068	-0.01257	0.99992	
81	0.40500	-5.39385	26.86540	1.05436	0.90722	0.14567	-18.13029	0.43837	0.95035	0.31118	-0.00254	-0.31110	0.95024	0.01583	0.00734	-0.01426	0.99987		0.14449	10.45294	0.68153	0.72966	0.00961	3.79688	0.28314	0.99781	-0.06622	-0.00017	0.06622	0.99772	0.01273	-0.00068	-0.01272	0.99992	
82	0.41000	-5.42268	26.68169	1.09848	0.91299	0.14734	-18.13142	0.44415	0.95034	0.31120	-0.00257	-0.31112	0.95024	0.01593	0.00740	-0.01434	0.99987		0.07615	10.34142	0.70208	0.74058	0.01359	3.80851	0.31656	0.99779	-0.06642	-0.00024	0.06642	0.99771	0.01293	-0.00062	-0.01291	0.99992	
83	0.41500	-5.40716	26.50643	1.14768	0.91720	0.14445	-18.13216	0.45162	0.95034	0.31121	-0.00252	-0.31113	0.95023	0.01601	0.00738	-0.01443	0.99987		0.06422	10.21139	0.77724	0.74749	0.01277	3.81303	0.30720	0.99779	-0.06650	-0.00022	0.06650	0.99770	0.01305	-0.00065	-0.01303	0.99991	
84	0.42000	-5.43411	26.30785	1.18444	0.91710	0.14755	-18.13003	0.44453	0.95035	0.31117	-0.00258	-0.31110	0.95024	0.01601	0.00743	-0.01441	0.99987		0.07228	10.07415	0.83118	0.75034	0.00995	3.81089	0.31579	0.99779	-0.06646	-0.00017	0.06646	0.99770	0.01310	-0.00070	-0.01308	0.99991	
85	0.42500	-5.44624	26.11846	1.22603	0.91665	0.14524	-18.13008	0.44049	0.95035	0.31117	-0.00253	-0.31110	0.95024	0.01600	0.00739	-0.01441	0.99987		0.07228	9.93539	0.88223	0.75628	0.00731	3.81887	0.30746	0.99778	-0.06660	-0.00013	0.06660	0.99769	0.01320	-0.00075	-0.01318	0.99991	
86	0.43000	-5.43197	25.91213	1.25825	0.91455	0.14195	-18.13139	0.43821	0.95034	0.31120	-0.00248	-0.31112	0.95024	0.01596	0.00732	-0.01440	0.99987		0.11395	9.81764	0.93740	0.76169	0.00400	3.81406	0.29047	0.99779	-0.06652	-0.00007	0.06651	0.99770	0.01329	-0.00081	-0.01327	0.99991	
87	0.43500	-5.43239	25.72136	1.29380	0.91343	0.13727	-18.13398	0.44096	0.95033	0.31124	-0.00240	-0.31116	0.95022	0.01594	0.00724	-0.01440	0.99987		0.09718	9.68783	0.98173	0.76194	0.00113	3.81393	0.28443	0.99779	-0.06652	-0.00002	0.06651	0.99770	0.01330	-0.00086	-0.01327	0.99991	
88	0.44000	-5.48935	25.52634	1.32873	0.91354	0.14327	-18.13668	0.45032	0.95031	0.31128	-0.00250	-0.31121	0.95021	0.01594	0.00734	-0.01437	0.99987		0.12132	9.54522	1.02525	0.76257	-0.00079	3.81199	0.26769	0.99779	-0.06648	0.00001	0.06648	0.99770	0.01331	-0.00090	-0.01328	0.99991	
89	0.44500	-5.48365	25.31432	1.35525	0.90898	0.13774	-18.13722	0.43890	0.95031	0.31129	-0.00240	-0.31122	0.95021	0.01586	0.00722	-0.01433	0.99987		0.13417	9.42370	1.06780	0.76301	-0.00175	3.81225	0.26428	0.99779	-0.06649	0.00003	0.06648	0.99770	0.01332	-0.00092	-0.01329	0.99991	
90	0.45000	-5.47771	25.10020	1.39117	0.90239	0.13323	-18.13955	0.44150	0.95030	0.31133	-0.00233	-0.31126	0.95019	0.01575	0.00711	-0.01424	0.99987		0.11984	9.29556	1.12172	0.76445	-0.00004	3.81296	0.26083	0.99779	-0.06650	0.00000	0.06649	0.99770	0.01334	-0.00089	-0.01331	0.99991	
91	0.45500	-5.52319	24.90658	1.43367	0.89952	0.13764	-18.13872	0.44407	0.95030	0.31132	-0.00240	-0.31124	0.95020	0.01570	0.00717	-0.01417	0.99987		0.13935	9.12454	1.16750	0.75970	-0.00308	3.81275	0.25437	0.99779	-0.06650	0.00005	0.06649	0.99770	0.01326	-0.00094	-0.01323	0.99991	
92	0.46000	-5.54296	24.70307	1.47084	0.89369	0.13447	-18.14260	0.45179	0.95028	0.31138	-0.00235	-0.31131	0.95018	0.01560	0.00709	-0.01409	0.99988		0.15991	8.99172	1.21426	0.75828	-0.00546	3.81272	0.25165	0.99779	-0.06650	0.00010	0.06649	0.99770	0.01323	-0.00098	-0.01320	0.99991	
93	0.46500	-5.51761	24.48926	1.49571	0.88330	0.13234	-18.14147	0.45290	0.95029	0.31136	-0.00231	-0.31129	0.95019	0.01542	0.00699	-0.01393	0.99988		0.18479	8.84973	1.25399	0.75286	-0.00673	3.81044	0.23759	0.99779	-0.06646	0.00012	0.06645	0.99770	0.01314	-0.00099	-0.01310	0.99991	
94	0.47000	-5.56332	24.29982	1.52510	0.87782	0.13018	-18.14097	0.45012	0.95029	0.31136	-0.00227	-0.31129	0.95019	0.01532	0.00693	-0.01385	0.99988		0.13550	8.71213	1.29161	0.74830	-0.00414	3.80966	0.24564	0.99779	-0.06644	0.00007	0.06644	0.99771	0.01306	-0.00094	-0.01303	0.99991	
95	0.47500	-5.50862	24.09575	1.55201	0.86917	0.12549	-18.13987	0.45236	0.95030	0.31134	-0.00219	-0.31127	0.95020	0.01517	0.00680	-0.01373	0.99988		0.18983	8.56120	1.34431	0.74184	-0.00687	3.80884	0.22716	0.99779	-0.06643	0.00012	0.06642	0.99771	0.01295	-0.00098	-0.01291	0.99992	
96	0.48000	-5.56269	23.91834	1.57087	0.86356	0.12633	-18.14155	0.45419	0.95029	0.31136	-0.00220	-0.31130	0.95019	0.01507	0.00679	-0.01364	0.99988		0.16318	8.44697	1.38713	0.73798	-0.00543	3.81154	0.24350	0.99779	-0.06647	0.00009	0.06647	0.99771	0.01288	-0.00095	-0.01285	0.99992	
97	0.48500	-5.57672	23.69030	1.59985	0.85110	0.12341	-18.13993	0.44743	0.95030	0.31134	-0.00215	-0.31127	0.95020	0.01485	0.00667	-0.01345	0.99989		0.16365	8.30094	1.40472	0.72981	-0.00724	3.81369	0.24333	0.99779	-0.06651	0.00013	0.06651	0.99770	0.01274	-0.00097	-0.01270	0.99992	
98	0.49000	-5.57424	23.49368	1.62575	0.84456	0.12877	-18.14173	0.45687	0.95029	0.31137	-0.00225	-0.31130	0.95020	0.01474	0.00672	-0.01331	0.99989		0.13320	8.14000	1.44209	0.71930	-0.00264	3.81328	0.25113	0.99779	-0.06651	0.00005	0.06650	0.99771	0.01255	-0.00088	-0.01252	0.99992	
99	0.49500	-5.54955	23.32092	1.63633	0.83344	0.11893	-18.14868	0.43726	0.95025	0.31148	-0.00208	-0.31142	0.95016	0.01455	0.00650	-0.01318	0.99989		0.17068	8.01427	1.47301	0.71006	-0.00650	3.81299	0.23344	0.99779	-0.06650	0.00011	0.06649	0.99771	0.01239	-0.00094	-0.01236	0.99992	
100	0.50000	-5.57827	23.10931	1.66474	0.82415	0.12735	-18.15047	0.44048	0.95024	0.31151	-0.00222	-0.31145	0.95015	0.01438	0.00659	-0.01298	0.99989		0.13916	7.83992	1.50084	0.69615	-0.00364	3.80984	0.22444	0.99779	-0.06645	0.00006	0.06644	0.99772	0.01215	-0.00087	-0.01212	0.99993	
101	0.50500	-5.54239	22.92925	1.69038	0.81145	0.12012	-18.15183	0.43542	0.95023	0.31154	-0.00210	-0.31148	0.95015	0.01416	0.00640	-0.01280	0.99990		0.16808	7.71303	1.53767	0.68602	-0.00439	3.81072	0.22499	0.99779	-0.06646	0.00008	0.06645	0.99772	0.01197	-0.00087	-0.01194	0.99993	
102	0.51000	-5.59491	22.74249	1.69066	0.79726	0.12411	-18.14825	0.43944	0.95025	0.31148	-0.00217	-0.31142	0.95017	0.01391	0.00639	-0.01255	0.99990		0.13409	7.56277	1.55283	0.67064	-0.00197	3.80619	0.22891	0.99779	-0.06638	0.00003	0.06638	0.99773	0.01170	-0.00081	-0.01168	0.99993	
103	0.51500	-5.59433	22.55723	1.71787	0.78535	0.12464	-18.14628	0.44567	0.95026	0.31144	-0.00218	-0.31139	0.95018	0.01371	0.00634	-0.01235	0.99990		0.16167	7.42077	1.58115	0.65672	-0.00548	3.80988	0.21547	0.99779	-0.06645	0.00010	0.06644	0.99772	0.01146	-0.00086	-0.01143	0.99993	
104	0.52000	-5.57196	22.38557	1.73278	0.77397	0.12626	-18.15042	0.45773	0.95024	0.31151	-0.00220	-0.31146	0.95016	0.01351	0.00630	-0.01215	0.99991		0.16054	7.28793	1.60139	0.64206	-0.00433	3.81019	0.21772	0.99779	-0.06645	0.00008	0.06645	0.99773	0.01121	-0.00082	-0.01118	0.99994	
105	0.52500	-5.61272	22.20809	1.75366	0.75803	0.12916	-18.15112	0.46432	0.95024	0.31152	-0.00225	-0.31147	0.95016	0.01323	0.00626	-0.01187	0.99991		0.12896	7.16584	1.62552	0.62632	-0.00286	3.80734	0.21072	0.99779	-0.06640	0.00005	0.06640	0.99773	0.01093	-0.00078	-0.01090	0.99994	
106	0.53000	-5.61115	22.02493	1.77232	0.74107	0.12962	-18.14957	0.46364	0.95024	0.31150	-0.00226	-0.31144	0.95018	0.01293	0.00618	-0.01159	0.99991		0.16729	6.99347	1.65032	0.60711	-0.00551	3.80900	0.21909	0.99779	-0.06643	0.00010	0.06643	0.99774	0.01060	-0.00080	-0.01057	0.99994	
107	0.53500	-5.61487	21.85924	1.79250	0.72572	0.13201	-18.15505	0.46323	0.95021	0.31159	-0.00230	-0.31154	0.95015	0.01267	0.00614	-0.01132	0.99992		0.10643	6.87357	1.67862	0.58780	-0.00030	3.80843	0.24707	0.99779	-0.06642	0.00001	0.06642	0.99774	0.01026	-0.00069	-0.01024	0.99995	
108	0.54000	-5.61176	21.69150	1.79040	0.70828	0.13303	-18.15361	0.45652	0.95022	0.31156	-0.00232	-0.31151	0.95016	0.01236	0.00606	-0.01102	0.99992		0.13438	6.74343	1.69152	0.56913	-0.00346	3.80631	0.22614	0.99779	-0.06638	0.00006	0.06638	0.99774	0.00993	-0.00072	-0.00991	0.99995	
109	0.54500	-5.58590	21.50996	1.79857	0.68698	0.13021	-18.15603	0.46796	0.95021	0.31161	-0.00227	-0.31156	0.95015	0.01199	0.00590	-0.01068	0.99993		0.15967	6.61890	1.71962	0.55071	-0.00416	3.80621	0.21746	0.99779	-0.06638	0.00007	0.06638	0.99775	0.00961	-0.00071	-0.00959	0.99995	
110	0.55000	-5.56514	21.28153	1.86155	0.64753	0.12344	-18.13961	0.47204	0.95030	0.31133	-0.00215	-0.31129	0.95025	0.01130	0.00557	-0.01007	0.99993		0.13939	6.47426	1.74134	0.52518	-0.00081	3.80357	0.22916	0.99780	-0.06634	0.00001	0.06633	0.99776	0.00917	-0.00062	-0.00914	0.99996	
111	0.55500	-5.56495	21.14154	1.85171	0.62663	0.12524	-18.13667	0.46654	0.95031	0.31128	-0.00219	-0.31124	0.95027	0.01094	0.00548	-0.00971	0.99994		0.17121	6.37093	1.76057	0.50738	-0.00547	3.80336	0.23082	0.99780	-0.06633	0.00010	0.06633	0.99776	0.00886	-0.00068	-0.00883	0.99996	
112	0.56000	-5.59933	20.99651	1.87036	0.60994	0.13108	-18.13937	0.45578	0.95030	0.31133	-0.00229	-0.31129	0.95026	0.01065	0.00549	-0.00940	0.99994		0.16035	6.21291	1.77820	0.47959	-0.00383	3.80001	0.22582	0.99780	-0.06627	0.00007	0.06627	0.99777	0.00837	-0.00062	-0.00835	0.99996	
113	0.56500	-5.54837	20.85443	1.86668	0.58758	0.12962	-18.14045	0.45692	0.95029	0.31135	-0.00226	-0.31131	0.95025	0.01025	0.00534	-0.00904	0.99994		0.11895	6.13854	1.78023	0.46112	-0.00218	3.79842	0.23327	0.99780	-0.06625	0.00004	0.06624	0.99777	0.00805	-0.00057	-0.00803	0.99997	
114	0.57000	-5.58385	20.73474	1.86190	0.57104	0.13838	-18.13474	0.45501	0.95032	0.31125	-0.00242	-0.31121	0.95029	0.00997	0.00540	-0.00872	0.99995		0.14194	5.99990	1.79188	0.43563	-0.00227	3.79698	0.23181	0.99780	-0.06622	0.00004	0.06622	0.99778	0.00760	-0.00054	-0.00758	0.99997	
115	0.57500	-5.57518	20.60727	1.85508	0.54811	0.13807	-18.13894	0.45718	0.95030	0.31132	-0.00241	-0.31129	0.95027	0.00957	0.00527	-0.00834	0.99995		0.14072	5.88490	1.80141	0.41076	-0.00436	3.79477	0.21785	0.99781	-0.06618	0.00008	0.06618	0.99778	0.00717	-0.00055	-0.00715	0.99997	
116	0.58000	-5.56192	20.49526	1.85746	0.52882	0.14531	-18.13857	0.45534	0.95030	0.31132	-0.00254	-0.31128	0.95027	0.00923	0.00528	-0.00798	0.99995		0.17085	5.80824	1.79541	0.38909	-0.00574	3.79538	0.22400	0.99781	-0.06619	0.00010	0.06619	0.99778	0.00679	-0.00055	-0.00677	0.99998	
117	0.58500	-5.56311	20.39921	1.85195	0.50685	0.15304	-18.13943	0.44414	0.95030	0.31133	-0.00267	-0.31130	0.95027	0.00885	0.00529	-0.00757	0.99996		0.13479	5.67314	1.80736	0.35794	-0.00388	3.79155	0.22958	0.99781	-0.06613	0.00007	0.06613	0.99779	0.00625	-0.00048	-0.00623	0.99998	
118	0.59000	-5.57283	20.28161	1.84046	0.48610	0.16396	-18.13815	0.45360	0.95030	0.31131	-0.00286	-0.31127	0.95028	0.00848	0.00536	-0.00717	0.99996		0.12183	5.58231	1.80250	0.33198	-0.00351	3.78580	0.22614	0.99782	-0.06603	0.00006	0.06603	0.99780	0.00579	-0.00044	-0.00578	0.99998	
119	0.59500	-5.58301	20.16790	1.83826	0.46078	0.16935	-18.13696	0.45686	0.95031	0.31129	-0.00296	-0.31126	0.95029	0.00804	0.00531	-0.00672	0.99996		0.15164	5.46769	1.79717	0.30470	-0.00354	3.78598	0.22195	0.99782	-0.06603	0.00006	0.06603	0.99780	0.00532	-0.00041	-0.00530	0.99999	
120	0.60000	-5.59520	20.09576	1.81090	0.43675	0.17611	-18.13453	0.43930	0.95032	0.31125	-0.00307	-0.31122	0.95031	0.00762	0.00529	-0.00629	0.99997		0.12259	5.37810	1.78272	0.27614	-0.00320	3.78493	0.23384	0.99782	-0.06601	0.00006	0.06601	0.99781	0.00482	-0.00037	-0.00481	0.99999	
121	0.60500	-5.58262	20.01993	1.79855	0.41527	0.18590	-18.13011	0.44286	0.95035	0.31117	-0.00324	-0.31115	0.95033	0.00725	0.00534	-0.00588	0.99997		0.12818	5.28773	1.78002	0.24798	-0.00185	3.78396	0.22940	0.99782	-0.06599	0.00003	0.06599	0.99781	0.00433	-0.00032	-0.00432	0.99999	
122	0.61000	-5.58307	19.95113	1.78011	0.39281	0.19311	-18.13709	0.44432	0.95031	0.31129	-0.00337	-0.31126	0.95030	0.00686	0.00534	-0.00547	0.99997		0.12851	5.20839	1.76940	0.22197	-0.00481	3.78002	0.22203	0.99782	-0.06593	0.00008	0.06593	0.99782	0.00387	-0.00034	-0.00386	0.99999	
123	0.61500	-5.61716	19.89284	1.77348	0.36740	0.20384	-18.13238	0.43595	0.95033	0.31121	-0.00356	-0.31119	0.95033	0.00641	0.00538	-0.00499	0.99997		0.13804	5.12139	1.76970	0.18864	-0.00533	3.77589	0.21496	0.99783	-0.06585	0.00009	0.06585	0.99782	0.00329	-0.00031	-0.00328	0.99999	
124	0.62000	-5.59604	19.84117	1.74887	0.34376	0.21422	-18.13231	0.43875	0.95033	0.31121	-0.00374	-0.31119	0.95033	0.00600	0.00542	-0.00454	0.99998		0.12513	5.03680	1.75888	0.15949	-0.00425	3.77347	0.23290	0.99783	-0.06581	0.00007	0.06581	0.99783	0.00278	-0.00026	-0.00277	1.00000	
125	0.62500	-5.56500	19.77185	1.73470	0.31276	0.22026	-18.13533	0.44328	0.95032	0.31126	-0.00384	-0.31124	0.95032	0.00546	0.00535	-0.00399	0.99998		0.12736	4.97992	1.74500	0.13077	-0.00449	3.77321	0.22785	0.99783	-0.06581	0.00008	0.06581	0.99783	0.00228	-0.00023	-0.00227	1.00000	
126	0.63000	-5.56090	19.73487	1.72453	0.28963	0.23247	-18.13437	0.44575	0.95032	0.31124	-0.00406	-0.31122	0.95032	0.00505	0.00543	-0.00354	0.99998		0.13032	4.89349	1.72918	0.09911	-0.00406	3.77030	0.23555	0.99784	-0.06576	0.00007	0.06576	0.99783	0.00173	-0.00018	-0.00172	1.00000	
127	0.63500	-5.53737	19.70306	1.70626	0.26263	0.23938	-18.13337	0.43989	0.95033	0.31123	-0.00418	-0.31121	0.95033	0.00458	0.00540	-0.00306	0.99998		0.10348	4.83055	1.68419	0.06962	-0.00162	3.76762	0.24019	0.99784	-0.06571	0.00003	0.06571	0.99784	0.00122	-0.00011	-0.00121	1.00000	
128	0.64000	-5.54114	19.68119	1.67824	0.23433	0.24355	-18.13241	0.44801	0.95033	0.31121	-0.00425	-0.31119	0.95034	0.00409	0.00531	-0.00256	0.99998		0.09456	4.78268	1.66536	0.03978	-0.00147	3.76513	0.22780	0.99784	-0.06567	0.00003	0.06567	0.99784	0.00069	-0.00007	-0.00069	1.00000	
129	0.64500	-5.52729	19.64092	1.64676	0.20573	0.26123	-18.12977	0.45147	0.95034	0.31117	-0.00456	-0.31115	0.95035	0.00359	0.00545	-0.00199	0.99998		0.07295	4.73322	1.63297	0.01175	0.00204	3.76169	0.23740	0.99785	-0.06561	-0.00004	0.06561	0.99785	0.00021	0.00002	-0.00021	1.00000	
130	0.65000	-5.53989	19.66109	1.61294	0.18226	0.27009	-18.13431	0.44996	0.95032	0.31124	-0.00471	-0.31123	0.95033	0.00318	0.00547	-0.00156	0.99998		0.07387	4.66658	1.61987	-0.01984	-0.00008	3.75722	0.25078	0.99785	-0.06553	0.00000	0.06553	0.99785	-0.00035	0.00002	0.00035	1.00000	
131	0.65500	-5.53595	19.64067	1.57328	0.15067	0.28139	-18.12765	0.44542	0.95035	0.31113	-0.00491	-0.31112	0.95037	0.00263	0.00549	-0.00097	0.99998		0.09169	4.63447	1.60599	-0.04787	0.00073	3.75171	0.24735	0.99786	-0.06543	-0.00001	0.06543	0.99786	-0.00084	0.00007	0.00083	1.00000	
132	0.66000	-5.52457	19.64667	1.54857	0.12398	0.29052	-18.13034	0.44173	0.95034	0.31118	-0.00507	-0.31117	0.95035	0.00216	0.00549	-0.00048	0.99998		0.08659	4.60513	1.57987	-0.07525	0.00216	3.74965	0.25915	0.99786	-0.06540	-0.00004	0.06540	0.99786	-0.00131	0.00012	0.00131	1.00000	
133	0.66500	-5.53398	19.67111	1.51177	0.09673	0.30033	-18.12989	0.44152	0.95034	0.31117	-0.00524	-0.31116	0.95035	0.00169	0.00551	0.00003	0.99998		0.06196	4.57644	1.56204	-0.10136	-0.00131	3.75342	0.27102	0.99786	-0.06546	0.00002	0.06546	0.99785	-0.00177	0.00009	0.00177	1.00000	
134	0.67000	-5.51396	19.69467	1.47540	0.06887	0.31109	-18.12987	0.44367	0.95034	0.31117	-0.00543	-0.31117	0.95036	0.00120	0.00553	0.00055	0.99998		0.08964	4.55102	1.51009	-0.13044	-0.00009	3.74737	0.25829	0.99786	-0.06536	0.00000	0.06536	0.99786	-0.00228	0.00015	0.00227	1.00000	
135	0.67500	-5.51076	19.72614	1.43411	0.04105	0.32022	-18.12380	0.44095	0.95037	0.31107	-0.00559	-0.31107	0.95039	0.00072	0.00553	0.00106	0.99998		0.07858	4.53773	1.48027	-0.15767	0.00097	3.74434	0.28420	0.99787	-0.06530	-0.00002	0.06530	0.99786	-0.00275	0.00020	0.00274	1.00000	
136	0.68000	-5.52557	19.76844	1.39131	0.01589	0.33365	-18.12276	0.44639	0.95038	0.31105	-0.00582	-0.31105	0.95039	0.00028	0.00562	0.00155	0.99998		0.05188	4.52019	1.43724	-0.18505	0.00291	3.74023	0.28056	0.99787	-0.06523	-0.00005	0.06523	0.99786	-0.00323	0.00026	0.00322	0.99999	
137	0.68500	-5.48725	19.76638	1.40998	-0.03025	0.33319	-18.10760	0.45240	0.95046	0.31080	-0.00582	-0.31081	0.95047	-0.00053	0.00536	0.00231	0.99998		0.01292	4.49896	1.40597	-0.21375	0.00544	3.73829	0.27689	0.99787	-0.06520	-0.00010	0.06520	0.99787	-0.00373	0.00034	0.00372	0.99999	
138	0.69000	-5.51380	19.80530	1.37237	-0.05833	0.34710	-18.10025	0.43383	0.95050	0.31067	-0.00606	-0.31069	0.95051	-0.00102	0.00544	0.00285	0.99998		0.02029	4.52619	1.36232	-0.23614	0.00586	3.73581	0.29337	0.99788	-0.06516	-0.00010	0.06515	0.99787	-0.00412	0.00037	0.00411	0.99999	
139	0.69500	-5.48652	19.89282	1.32885	-0.08629	0.35335	-18.09830	0.43431	0.95051	0.31064	-0.00617	-0.31066	0.95052	-0.00151	0.00539	0.00335	0.99998		0.01248	4.52203	1.33014	-0.25886	0.00173	3.73845	0.29278	0.99787	-0.06520	-0.00003	0.06520	0.99786	-0.00452	0.00032	0.00451	0.99999	
140	0.70000	-5.47751	19.93880	1.28082	-0.11426	0.37057	-18.09776	0.43609	0.95051	0.31063	-0.00647	-0.31065	0.95052	-0.00199	0.00553	0.00390	0.99998		0.00173	4.51547	1.29099	-0.28553	0.00473	3.73640	0.30574	0.99787	-0.06517	-0.00008	0.06517	0.99786	-0.00498	0.00041	0.00497	0.99999	
