NO_OF_FRAMES	12052
NO_OF_CAMERAS	8
NO_OF_BODIES	2
FREQUENCY	200
NO_OF_ANALOG	0
ANALOG_FREQUENCY	0
DESCRIPTION	--
TIME_STAMP	2013-07-04, 17:09:57	117012.77745737
DATA_INCLUDED	6D
BODY_NAMES	Ice 2 V2	Ice 3
Frame	Time	Ice 2 V2 X	Y	Z	Roll	Pitch	Yaw	Residual	Rot[0]	Rot[1]	Rot[2]	Rot[3]	Rot[4]	Rot[5]	Rot[6]	Rot[7]	Rot[8]	Ice 3 X	Y	Z	Roll	Pitch	Yaw	Residual	Rot[0]	Rot[1]	Rot[2]	Rot[3]	Rot[4]	Rot[5]	Rot[6]	Rot[7]	Rot[8]	
1	0.00500	-7.20833	0.41833	0.96040	0.32138	-0.18238	-1.11258	1.79035	0.99981	0.01942	0.00318	-0.01943	0.99980	0.00561	-0.00307	-0.00567	0.99998		-1.00872	3.98751	0.43994	0.39355	-0.02626	4.22460	0.16384	0.99728	-0.07367	0.00046	0.07366	0.99726	0.00687	-0.00096	-0.00682	0.99998	
2	0.01000	-7.20804	0.40424	0.97758	0.31899	-0.19904	-1.11845	1.75304	0.99980	0.01952	0.00347	-0.01954	0.99979	0.00557	-0.00336	-0.00563	0.99998		-1.04978	3.86156	0.40746	0.37707	-0.01863	4.22397	0.13574	0.99728	-0.07366	0.00033	0.07365	0.99726	0.00658	-0.00081	-0.00654	0.99998	
3	0.01500	-7.18596	0.40023	0.97995	0.31261	-0.21014	-1.12012	1.76754	0.99980	0.01955	0.00367	-0.01957	0.99979	0.00546	-0.00356	-0.00553	0.99998		-1.04603	3.86888	0.38959	0.37580	-0.01581	4.22109	0.14263	0.99729	-0.07361	0.00028	0.07360	0.99727	0.00656	-0.00076	-0.00652	0.99998	
4	0.02000	-7.16689	0.38066	1.00285	0.30432	-0.21441	-1.12495	1.74364	0.99980	0.01963	0.00374	-0.01965	0.99979	0.00531	-0.00364	-0.00538	0.99998		-1.02551	3.81134	0.38489	0.36817	-0.01154	4.22238	0.12616	0.99729	-0.07363	0.00020	0.07362	0.99727	0.00643	-0.00067	-0.00639	0.99998	
5	0.02500	-7.15617	0.37606	1.01699	0.29858	-0.22347	-1.11918	1.76422	0.99980	0.01953	0.00390	-0.01955	0.99980	0.00521	-0.00380	-0.00529	0.99998		-1.07423	3.73474	0.37012	0.35751	-0.00788	4.22090	0.14184	0.99729	-0.07360	0.00014	0.07360	0.99727	0.00624	-0.00060	-0.00621	0.99998	
6	0.03000	-7.21398	0.36213	1.03252	0.29027	-0.22499	-1.12115	1.76372	0.99980	0.01957	0.00393	-0.01959	0.99980	0.00507	-0.00383	-0.00514	0.99998		-1.01685	3.70703	0.37901	0.35201	-0.00616	4.22292	0.11257	0.99729	-0.07364	0.00011	0.07364	0.99727	0.00614	-0.00056	-0.00612	0.99998	
7	0.03500	-7.18182	0.34814	1.04774	0.28098	-0.23826	-1.11890	1.76661	0.99980	0.01953	0.00416	-0.01955	0.99980	0.00490	-0.00406	-0.00498	0.99998		-1.06642	3.67523	0.36595	0.34573	-0.00177	4.22063	0.14181	0.99729	-0.07360	0.00003	0.07360	0.99727	0.00603	-0.00047	-0.00602	0.99998	
8	0.04000	-7.19755	0.35185	1.05672	0.27452	-0.24032	-1.12104	1.75139	0.99980	0.01956	0.00419	-0.01958	0.99980	0.00479	-0.00410	-0.00487	0.99998		-1.04208	3.60692	0.36203	0.33489	-0.00180	4.22144	0.12234	0.99729	-0.07361	0.00003	0.07361	0.99727	0.00584	-0.00046	-0.00583	0.99998	
9	0.04500	-7.18382	0.36398	1.06255	0.26843	-0.24667	-1.12006	1.76560	0.99980	0.01955	0.00431	-0.01957	0.99980	0.00468	-0.00421	-0.00477	0.99998		-1.10998	3.54101	0.32614	0.32360	0.00760	4.22314	0.14525	0.99728	-0.07364	-0.00013	0.07364	0.99727	0.00565	-0.00028	-0.00564	0.99998	
10	0.05000	-7.17161	0.33919	1.08885	0.25573	-0.25285	-1.11662	1.76963	0.99980	0.01949	0.00441	-0.01951	0.99980	0.00446	-0.00433	-0.00455	0.99998		-1.08113	3.48754	0.33330	0.31381	0.00890	4.22298	0.12962	0.99729	-0.07364	-0.00016	0.07364	0.99727	0.00548	-0.00025	-0.00547	0.99999	
11	0.05500	-7.18748	0.33766	1.09727	0.24560	-0.25836	-1.11485	1.77575	0.99980	0.01946	0.00451	-0.01948	0.99980	0.00429	-0.00442	-0.00437	0.99998		-1.09193	3.48127	0.33785	0.30988	0.00827	4.22122	0.12868	0.99729	-0.07361	-0.00014	0.07361	0.99727	0.00541	-0.00025	-0.00540	0.99999	
12	0.06000	-7.21218	0.32994	1.10537	0.23863	-0.25784	-1.11304	1.76902	0.99980	0.01942	0.00450	-0.01944	0.99980	0.00416	-0.00442	-0.00425	0.99998		-1.10029	3.44425	0.32618	0.30089	0.01209	4.22401	0.14629	0.99728	-0.07366	-0.00021	0.07366	0.99727	0.00525	-0.00018	-0.00525	0.99999	
13	0.06500	-7.22008	0.33677	1.12302	0.23211	-0.26381	-1.11800	1.76116	0.99980	0.01951	0.00460	-0.01953	0.99980	0.00405	-0.00452	-0.00414	0.99998		-1.08725	3.39678	0.32094	0.29056	0.01342	4.22182	0.11487	0.99729	-0.07362	-0.00023	0.07362	0.99727	0.00507	-0.00014	-0.00507	0.99999	
14	0.07000	-7.19629	0.30892	1.13174	0.21690	-0.27481	-1.11109	1.76662	0.99980	0.01939	0.00480	-0.01941	0.99980	0.00379	-0.00472	-0.00388	0.99998		-1.15560	3.27885	0.30102	0.27100	0.02031	4.22279	0.11900	0.99729	-0.07363	-0.00035	0.07364	0.99727	0.00473	0.00001	-0.00474	0.99999	
15	0.07500	-7.19738	0.31057	1.15426	0.20768	-0.27411	-1.10662	1.76884	0.99980	0.01931	0.00478	-0.01933	0.99981	0.00362	-0.00471	-0.00372	0.99998		-1.08932	3.26509	0.31738	0.26650	0.01532	4.22345	0.12851	0.99728	-0.07365	-0.00027	0.07365	0.99727	0.00465	-0.00008	-0.00466	0.99999	
16	0.08000	-7.19956	0.31436	1.15464	0.19827	-0.27637	-1.10855	1.76360	0.99980	0.01935	0.00482	-0.01936	0.99981	0.00346	-0.00476	-0.00355	0.99998		-1.14368	3.24638	0.31777	0.25655	0.02067	4.21967	0.13494	0.99729	-0.07358	-0.00036	0.07358	0.99728	0.00448	0.00003	-0.00449	0.99999	
17	0.08500	-7.21216	0.28312	1.17396	0.18439	-0.28075	-1.10444	1.79413	0.99980	0.01927	0.00490	-0.01929	0.99981	0.00322	-0.00484	-0.00331	0.99998		-1.11148	3.15348	0.30094	0.24055	0.01936	4.21997	0.12576	0.99729	-0.07359	-0.00034	0.07359	0.99728	0.00420	0.00003	-0.00421	0.99999	
18	0.09000	-7.20335	0.28760	1.17227	0.17341	-0.28400	-1.10509	1.79940	0.99980	0.01929	0.00496	-0.01930	0.99981	0.00303	-0.00490	-0.00312	0.99998		-1.13503	3.10974	0.29370	0.23277	0.02187	4.22546	0.13085	0.99728	-0.07368	-0.00038	0.07368	0.99727	0.00406	0.00008	-0.00408	0.99999	
19	0.09500	-7.24302	0.28957	1.19070	0.16270	-0.28733	-1.10541	1.78452	0.99980	0.01929	0.00501	-0.01931	0.99981	0.00284	-0.00496	-0.00294	0.99998		-1.11136	3.07939	0.29326	0.22250	0.02044	4.22389	0.12749	0.99728	-0.07365	-0.00036	0.07365	0.99728	0.00388	0.00007	-0.00390	0.99999	
20	0.10000	-7.23153	0.29134	1.19309	0.15216	-0.28692	-1.09815	1.80344	0.99980	0.01916	0.00501	-0.01918	0.99981	0.00266	-0.00496	-0.00275	0.99998		-1.08700	3.01327	0.28745	0.20902	0.02224	4.22302	0.12101	0.99728	-0.07364	-0.00039	0.07364	0.99728	0.00365	0.00012	-0.00367	0.99999	
21	0.10500	-7.25552	0.30487	1.19911	0.14314	-0.28754	-1.09989	1.79991	0.99980	0.01920	0.00502	-0.01921	0.99981	0.00250	-0.00497	-0.00259	0.99998		-1.15212	2.93133	0.26874	0.19303	0.02584	4.22457	0.14884	0.99728	-0.07367	-0.00045	0.07367	0.99728	0.00337	0.00020	-0.00339	0.99999	
22	0.11000	-7.23099	0.30290	1.20710	0.13030	-0.29336	-1.09503	1.81106	0.99980	0.01911	0.00512	-0.01912	0.99981	0.00227	-0.00508	-0.00237	0.99998		-1.14274	2.91367	0.26806	0.18444	0.02662	4.22361	0.14418	0.99728	-0.07365	-0.00046	0.07365	0.99728	0.00322	0.00023	-0.00324	0.99999	
23	0.11500	-7.25078	0.30076	1.22113	0.12130	-0.28832	-1.09629	1.79952	0.99980	0.01913	0.00503	-0.01914	0.99981	0.00212	-0.00499	-0.00221	0.99999		-1.12096	2.86463	0.28870	0.17389	0.02204	4.22497	0.13280	0.99728	-0.07367	-0.00038	0.07367	0.99728	0.00303	0.00016	-0.00305	1.00000	
24	0.12000	-7.35755	0.07458	0.86052	0.05839	-0.27049	-1.09077	1.78442	0.99981	0.01904	0.00472	-0.01904	0.99982	0.00102	-0.00470	-0.00111	0.99999		-0.81803	2.79355	0.63737	0.16022	-0.02121	4.22826	0.19626	0.99728	-0.07373	0.00037	0.07373	0.99727	0.00280	-0.00058	-0.00276	1.00000	
25	0.12500	-7.40031	0.09300	0.85209	0.05148	-0.26000	-1.08866	1.78129	0.99981	0.01900	0.00454	-0.01900	0.99982	0.00090	-0.00452	-0.00098	0.99999		-0.80674	2.71495	0.64568	0.14562	-0.02060	4.23066	0.21074	0.99728	-0.07377	0.00036	0.07377	0.99727	0.00254	-0.00055	-0.00251	1.00000	
26	0.13000	-7.41397	0.09633	0.86320	0.03963	-0.26186	-1.08322	1.79634	0.99981	0.01890	0.00457	-0.01891	0.99982	0.00069	-0.00456	-0.00078	0.99999		-0.85432	2.68946	0.64973	0.13305	-0.01985	4.22644	0.21434	0.99728	-0.07370	0.00035	0.07370	0.99728	0.00232	-0.00052	-0.00229	1.00000	
27	0.13500	-7.40800	0.09428	0.84409	0.02886	-0.26100	-1.08222	1.79027	0.99981	0.01889	0.00456	-0.01889	0.99982	0.00050	-0.00454	-0.00059	0.99999		-0.84997	2.62498	0.64024	0.11765	-0.02372	4.22806	0.21608	0.99728	-0.07373	0.00041	0.07373	0.99728	0.00205	-0.00056	-0.00202	1.00000	
28	0.14000	-7.41682	0.08685	0.85073	0.01824	-0.25838	-1.08055	1.78879	0.99981	0.01886	0.00451	-0.01886	0.99982	0.00032	-0.00450	-0.00040	0.99999		-0.84463	2.53084	0.62686	0.10154	-0.02087	4.23008	0.21960	0.99728	-0.07376	0.00036	0.07376	0.99727	0.00177	-0.00049	-0.00174	1.00000	
29	0.14500	-7.46523	0.12309	0.85424	0.01191	-0.25049	-1.08452	1.80023	0.99981	0.01893	0.00437	-0.01893	0.99982	0.00021	-0.00437	-0.00029	0.99999		-0.84815	2.55062	0.64556	0.09385	-0.02676	4.22884	0.22104	0.99728	-0.07374	0.00047	0.07374	0.99728	0.00164	-0.00059	-0.00160	1.00000	
30	0.15000	-7.49045	0.13349	0.84145	0.00253	-0.24872	-1.08071	1.81304	0.99981	0.01886	0.00434	-0.01886	0.99982	0.00004	-0.00434	-0.00013	0.99999		-0.85848	2.48502	0.65344	0.07860	-0.02632	4.22471	0.22163	0.99728	-0.07367	0.00046	0.07367	0.99728	0.00137	-0.00056	-0.00133	1.00000	
31	0.15500	-7.47671	0.12157	0.84807	-0.01132	-0.24603	-1.07644	1.81555	0.99981	0.01879	0.00429	-0.01879	0.99982	-0.00020	-0.00430	0.00012	0.99999		-0.83404	2.43060	0.65943	0.06439	-0.02955	4.22446	0.22586	0.99728	-0.07366	0.00052	0.07366	0.99728	0.00112	-0.00060	-0.00108	1.00000	
32	0.16000	-7.52040	0.15121	0.84235	-0.02013	-0.24037	-1.07811	1.82807	0.99981	0.01882	0.00420	-0.01881	0.99982	-0.00035	-0.00420	0.00027	0.99999		-0.87523	2.44021	0.66965	0.05730	-0.02961	4.22666	0.24333	0.99728	-0.07370	0.00052	0.07370	0.99728	0.00100	-0.00059	-0.00096	1.00000	
33	0.16500	-7.51323	0.14446	0.84233	-0.03058	-0.23862	-1.08166	1.83034	0.99981	0.01888	0.00416	-0.01888	0.99982	-0.00053	-0.00417	0.00045	0.99999		-0.84706	2.36296	0.65992	0.04016	-0.03264	4.22321	0.21338	0.99728	-0.07364	0.00057	0.07364	0.99728	0.00070	-0.00062	-0.00066	1.00000	
34	0.17000	-7.52332	0.17797	0.83839	-0.03819	-0.23734	-1.07560	1.83474	0.99982	0.01877	0.00414	-0.01877	0.99982	-0.00067	-0.00415	0.00059	0.99999		-0.83285	2.34532	0.69714	0.03069	-0.03802	4.22173	0.24825	0.99729	-0.07362	0.00066	0.07362	0.99729	0.00054	-0.00070	-0.00049	1.00000	
35	0.17500	-7.59092	0.18417	0.83200	-0.04878	-0.22719	-1.07244	1.83511	0.99982	0.01872	0.00397	-0.01871	0.99982	-0.00085	-0.00398	0.00078	0.99999		-0.80801	2.33670	0.69307	0.02153	-0.04413	4.22267	0.21314	0.99729	-0.07363	0.00077	0.07363	0.99729	0.00038	-0.00080	-0.00032	1.00000	
36	0.18000	-7.57287	0.18030	0.83144	-0.05994	-0.22424	-1.06966	1.83488	0.99982	0.01867	0.00391	-0.01866	0.99983	-0.00105	-0.00393	0.00097	0.99999		-0.82272	2.26993	0.68691	0.00759	-0.04437	4.22160	0.23119	0.99729	-0.07361	0.00077	0.07361	0.99729	0.00013	-0.00078	-0.00008	1.00000	
37	0.18500	-7.60122	0.19996	0.83277	-0.06853	-0.21565	-1.06522	1.84077	0.99982	0.01859	0.00376	-0.01859	0.99983	-0.00120	-0.00379	0.00113	0.99999		-0.83641	2.24133	0.70467	-0.00720	-0.04578	4.21936	0.23630	0.99729	-0.07358	0.00080	0.07358	0.99729	-0.00013	-0.00079	0.00018	1.00000	
38	0.19000	-7.65689	0.22420	0.81587	-0.07665	-0.20773	-1.06543	1.84391	0.99982	0.01859	0.00363	-0.01859	0.99983	-0.00134	-0.00365	0.00127	0.99999		-0.81790	2.20663	0.70494	-0.01743	-0.05336	4.22093	0.22290	0.99729	-0.07360	0.00093	0.07360	0.99729	-0.00030	-0.00091	0.00037	1.00000	
39	0.19500	-7.67174	0.23406	0.80790	-0.08506	-0.20160	-1.05965	1.86665	0.99982	0.01849	0.00352	-0.01849	0.99983	-0.00148	-0.00355	0.00142	0.99999		-0.83085	2.17756	0.70873	-0.03102	-0.05637	4.22061	0.22555	0.99729	-0.07360	0.00098	0.07360	0.99729	-0.00054	-0.00094	0.00061	1.00000	
40	0.20000	-7.69293	0.24453	0.81195	-0.09281	-0.19198	-1.06479	1.85932	0.99982	0.01858	0.00335	-0.01858	0.99983	-0.00162	-0.00338	0.00156	0.99999		-0.82260	2.14293	0.71546	-0.04343	-0.05881	4.22034	0.23705	0.99729	-0.07359	0.00103	0.07359	0.99729	-0.00076	-0.00097	0.00083	1.00000	
41	0.20500	-7.70301	0.25362	0.80697	-0.10352	-0.19110	-1.05995	1.87461	0.99982	0.01850	0.00334	-0.01849	0.99983	-0.00181	-0.00337	0.00174	0.99999		-0.83170	2.13809	0.73528	-0.05155	-0.06585	4.22168	0.21840	0.99729	-0.07362	0.00115	0.07362	0.99729	-0.00090	-0.00108	0.00098	1.00000	
42	0.21000	-7.70579	0.26143	0.81273	-0.11056	-0.17870	-1.06414	1.86110	0.99982	0.01857	0.00312	-0.01857	0.99983	-0.00193	-0.00315	0.00187	0.99999		-0.81450	2.12474	0.75353	-0.06240	-0.06804	4.21839	0.21702	0.99729	-0.07356	0.00119	0.07356	0.99729	-0.00109	-0.00110	0.00117	1.00000	
43	0.21500	-7.77030	0.27422	0.80141	-0.11868	-0.17191	-1.06211	1.87864	0.99982	0.01854	0.00300	-0.01853	0.99983	-0.00207	-0.00304	0.00202	0.99999		-0.83341	2.05699	0.77574	-0.07921	-0.07323	4.21662	0.21895	0.99729	-0.07353	0.00128	0.07353	0.99729	-0.00138	-0.00117	0.00147	1.00000	
44	0.22000	-7.80588	0.28747	0.79388	-0.12548	-0.16187	-1.06423	1.88402	0.99982	0.01857	0.00283	-0.01857	0.99983	-0.00219	-0.00287	0.00214	0.99999		-0.77587	2.04663	0.77097	-0.08798	-0.07969	4.21920	0.22719	0.99729	-0.07357	0.00139	0.07357	0.99729	-0.00154	-0.00127	0.00163	1.00000	
45	0.22500	-7.81638	0.31378	0.78894	-0.13320	-0.15842	-1.05993	1.89704	0.99983	0.01850	0.00276	-0.01849	0.99983	-0.00232	-0.00281	0.00227	0.99999		-0.83949	2.00306	0.78913	-0.10262	-0.08008	4.21786	0.23115	0.99729	-0.07355	0.00140	0.07355	0.99729	-0.00179	-0.00126	0.00189	1.00000	
46	0.23000	-7.84547	0.33076	0.79155	-0.13971	-0.14704	-1.06274	1.88991	0.99982	0.01855	0.00257	-0.01854	0.99983	-0.00244	-0.00261	0.00239	0.99999		-0.79463	2.02828	0.81364	-0.10614	-0.09057	4.21812	0.24545	0.99729	-0.07355	0.00158	0.07356	0.99729	-0.00185	-0.00144	0.00196	1.00000	
47	0.23500	-7.86238	0.34268	0.79238	-0.14565	-0.13692	-1.05782	1.88089	0.99983	0.01846	0.00239	-0.01846	0.99983	-0.00254	-0.00244	0.00250	0.99999		-0.76340	2.02861	0.83053	-0.11368	-0.09619	4.21687	0.24667	0.99729	-0.07353	0.00168	0.07353	0.99729	-0.00198	-0.00153	0.00210	1.00000	
48	0.24000	-7.89015	0.35709	0.79455	-0.15182	-0.13233	-1.06069	1.88925	0.99983	0.01851	0.00231	-0.01851	0.99983	-0.00265	-0.00236	0.00261	0.99999		-0.77586	2.03039	0.85072	-0.12357	-0.10048	4.21765	0.26408	0.99729	-0.07355	0.00175	0.07355	0.99729	-0.00216	-0.00159	0.00228	1.00000	
49	0.24500	-7.93269	0.36833	0.77352	-0.15872	-0.11957	-1.06079	1.88009	0.99983	0.01851	0.00209	-0.01851	0.99982	-0.00277	-0.00214	0.00273	0.99999		-0.73816	2.01503	0.86436	-0.13311	-0.11078	4.21667	0.25082	0.99729	-0.07353	0.00193	0.07353	0.99729	-0.00232	-0.00176	0.00246	1.00000	
50	0.25000	-7.96809	0.39577	0.75675	-0.16208	-0.11348	-1.06330	1.88964	0.99983	0.01856	0.00198	-0.01855	0.99982	-0.00283	-0.00203	0.00279	0.99999		-0.73588	2.02757	0.87494	-0.14028	-0.11807	4.21413	0.22019	0.99729	-0.07348	0.00206	0.07349	0.99729	-0.00245	-0.00188	0.00259	0.99999	
51	0.25500	-8.00153	0.42173	0.74022	-0.16443	-0.10250	-1.05579	1.89494	0.99983	0.01843	0.00179	-0.01842	0.99983	-0.00287	-0.00184	0.00284	0.99999		-0.69327	2.04852	0.91274	-0.14440	-0.12451	4.21511	0.24900	0.99729	-0.07350	0.00217	0.07351	0.99729	-0.00252	-0.00198	0.00267	0.99999	
52	0.26000	-8.00118	0.41771	0.73825	-0.17141	-0.09771	-1.05751	1.89661	0.99983	0.01846	0.00171	-0.01845	0.99983	-0.00299	-0.00176	0.00296	0.99999		-0.75744	2.02512	0.92068	-0.15850	-0.12498	4.21092	0.24615	0.99730	-0.07343	0.00218	0.07343	0.99730	-0.00277	-0.00197	0.00292	0.99999	
53	0.26500	-8.05294	0.46852	0.72813	-0.16901	-0.08572	-1.05512	1.92182	0.99983	0.01841	0.00150	-0.01841	0.99983	-0.00295	-0.00155	0.00292	0.99999		-0.77225	2.00644	0.92314	-0.16770	-0.12947	4.21222	0.23521	0.99730	-0.07345	0.00226	0.07346	0.99729	-0.00293	-0.00204	0.00309	0.99999	
54	0.27000	-8.05942	0.46612	0.72294	-0.17220	-0.07356	-1.05805	1.90543	0.99983	0.01847	0.00128	-0.01846	0.99983	-0.00301	-0.00134	0.00298	0.99999		-0.74800	1.98816	0.93052	-0.17739	-0.13741	4.21316	0.23923	0.99729	-0.07347	0.00240	0.07347	0.99729	-0.00310	-0.00216	0.00326	0.99999	
55	0.27500	-8.10765	0.48984	0.70573	-0.17479	-0.06624	-1.06163	1.90381	0.99983	0.01853	0.00116	-0.01852	0.99982	-0.00305	-0.00121	0.00303	0.99999		-0.72246	2.07149	0.97982	-0.17506	-0.14870	4.21195	0.23558	0.99730	-0.07345	0.00260	0.07345	0.99729	-0.00306	-0.00236	0.00324	0.99999	
56	0.28000	-8.13205	0.51902	0.70080	-0.17398	-0.05387	-1.05849	1.91233	0.99983	0.01847	0.00094	-0.01847	0.99982	-0.00304	-0.00100	0.00302	0.99999		-0.70265	2.04618	0.97669	-0.18528	-0.15101	4.21152	0.24157	0.99730	-0.07344	0.00264	0.07345	0.99729	-0.00323	-0.00239	0.00342	0.99999	
57	0.28500	-8.15371	0.53304	0.70212	-0.17250	-0.04117	-1.06287	1.91460	0.99983	0.01855	0.00072	-0.01855	0.99982	-0.00301	-0.00077	0.00300	1.00000		-0.71521	2.03527	0.99448	-0.19193	-0.15609	4.21163	0.26194	0.99730	-0.07344	0.00272	0.07345	0.99729	-0.00335	-0.00247	0.00354	0.99999	
58	0.29000	-8.18679	0.55984	0.68840	-0.17569	-0.03435	-1.06327	1.90755	0.99983	0.01856	0.00060	-0.01855	0.99982	-0.00307	-0.00066	0.00305	1.00000		-0.73088	2.06344	1.02002	-0.19636	-0.16268	4.20873	0.26875	0.99730	-0.07339	0.00284	0.07340	0.99730	-0.00343	-0.00258	0.00363	0.99999	
59	0.29500	-8.22193	0.58807	0.69567	-0.17356	-0.01738	-1.06186	1.90645	0.99983	0.01853	0.00030	-0.01853	0.99982	-0.00303	-0.00036	0.00302	1.00000		-0.69144	2.11746	1.08174	-0.19440	-0.17257	4.20824	0.25508	0.99730	-0.07338	0.00301	0.07339	0.99730	-0.00339	-0.00275	0.00360	0.99999	
60	0.30000	-8.24491	0.58196	0.69169	-0.17537	-0.00829	-1.05855	1.91959	0.99983	0.01847	0.00014	-0.01847	0.99982	-0.00306	-0.00020	0.00306	1.00000		-0.70187	2.12959	1.10512	-0.19988	-0.17886	4.21071	0.25941	0.99730	-0.07342	0.00312	0.07344	0.99729	-0.00349	-0.00286	0.00371	0.99999	
61	0.30500	-8.22191	0.59165	0.68000	-0.17659	-0.00789	-1.06169	1.90711	0.99983	0.01853	0.00014	-0.01853	0.99982	-0.00308	-0.00019	0.00308	1.00000		-0.68011	2.16418	1.12022	-0.20114	-0.18684	4.20899	0.28109	0.99730	-0.07339	0.00326	0.07341	0.99730	-0.00351	-0.00299	0.00374	0.99999	
62	0.31000	-8.27157	0.62185	0.65908	-0.17194	0.00349	-1.06018	1.90325	0.99983	0.01850	-0.00006	-0.01850	0.99982	-0.00300	0.00001	0.00300	1.00000		-0.66927	2.20861	1.14520	-0.20172	-0.19089	4.20829	0.28020	0.99730	-0.07338	0.00333	0.07339	0.99730	-0.00352	-0.00306	0.00376	0.99999	
63	0.31500	-8.30305	0.62614	0.66287	-0.17129	0.01341	-1.06146	1.90964	0.99983	0.01852	-0.00023	-0.01853	0.99982	-0.00299	0.00018	0.00299	1.00000		-0.70200	2.20669	1.14302	-0.20740	-0.19320	4.20804	0.29720	0.99730	-0.07338	0.00337	0.07339	0.99730	-0.00362	-0.00310	0.00386	0.99999	
64	0.32000	-8.35428	0.65901	0.65088	-0.16409	0.03104	-1.06604	1.91753	0.99983	0.01860	-0.00054	-0.01861	0.99982	-0.00286	0.00049	0.00287	1.00000		-0.68265	2.24569	1.15672	-0.20765	-0.20044	4.20817	0.27638	0.99730	-0.07338	0.00350	0.07339	0.99730	-0.00362	-0.00322	0.00387	0.99999	
65	0.32500	-8.36314	0.69509	0.64029	-0.15958	0.03552	-1.06286	1.91839	0.99983	0.01855	-0.00062	-0.01855	0.99982	-0.00279	0.00057	0.00280	1.00000		-0.70434	2.25196	1.16689	-0.21205	-0.20414	4.20807	0.29772	0.99730	-0.07338	0.00356	0.07339	0.99730	-0.00370	-0.00328	0.00395	0.99999	
66	0.33000	-8.39548	0.69721	0.63792	-0.15495	0.04588	-1.06328	1.90960	0.99983	0.01856	-0.00080	-0.01856	0.99982	-0.00270	0.00075	0.00272	1.00000		-0.68865	2.29232	1.18956	-0.21157	-0.20934	4.20692	0.26716	0.99730	-0.07336	0.00365	0.07337	0.99730	-0.00369	-0.00337	0.00395	0.99999	
67	0.33500	-8.39502	0.69176	0.61886	-0.15568	0.05077	-1.06358	1.88927	0.99983	0.01856	-0.00089	-0.01856	0.99982	-0.00272	0.00084	0.00273	1.00000		-0.69432	2.31834	1.21193	-0.21100	-0.21494	4.20857	0.28519	0.99730	-0.07339	0.00375	0.07340	0.99730	-0.00368	-0.00347	0.00395	0.99999	
68	0.34000	-8.42904	0.72503	0.61003	-0.14711	0.06387	-1.06423	1.91636	0.99983	0.01857	-0.00111	-0.01858	0.99982	-0.00257	0.00107	0.00259	1.00000		-0.67101	2.36220	1.21978	-0.20892	-0.22211	4.20419	0.26763	0.99730	-0.07331	0.00388	0.07332	0.99730	-0.00365	-0.00360	0.00392	0.99999	
69	0.34500	-8.45833	0.72592	0.60308	-0.14241	0.07361	-1.06641	1.89499	0.99983	0.01861	-0.00128	-0.01861	0.99982	-0.00249	0.00124	0.00251	1.00000		-0.67992	2.38164	1.24787	-0.20873	-0.22585	4.20463	0.27439	0.99730	-0.07332	0.00394	0.07333	0.99730	-0.00364	-0.00366	0.00392	0.99999	
70	0.35000	-8.45683	0.73483	0.60158	-0.13645	0.08378	-1.06942	1.88431	0.99982	0.01866	-0.00146	-0.01867	0.99982	-0.00238	0.00142	0.00241	1.00000		-0.65098	2.43188	1.28296	-0.20536	-0.23030	4.20579	0.27883	0.99730	-0.07334	0.00402	0.07335	0.99730	-0.00358	-0.00375	0.00387	0.99999	
71	0.35500	-8.47293	0.73565	0.59743	-0.13407	0.09172	-1.06745	1.88649	0.99983	0.01863	-0.00160	-0.01863	0.99982	-0.00234	0.00156	0.00237	1.00000		-0.69892	2.44926	1.27981	-0.20662	-0.23320	4.20258	0.28352	0.99730	-0.07328	0.00407	0.07330	0.99730	-0.00361	-0.00379	0.00389	0.99999	
72	0.36000	-8.48030	0.75200	0.56970	-0.12469	0.09832	-1.07122	1.87894	0.99982	0.01870	-0.00172	-0.01870	0.99982	-0.00218	0.00167	0.00221	1.00000		-0.73880	2.49914	1.28905	-0.20239	-0.23599	4.20339	0.27150	0.99730	-0.07330	0.00412	0.07331	0.99730	-0.00353	-0.00385	0.00382	0.99999	
73	0.36500	-8.48478	0.75948	0.56203	-0.11775	0.10452	-1.07171	1.87986	0.99982	0.01870	-0.00182	-0.01871	0.99982	-0.00206	0.00179	0.00209	1.00000		-0.73428	2.51919	1.32120	-0.20119	-0.23993	4.20368	0.27420	0.99730	-0.07330	0.00419	0.07332	0.99730	-0.00351	-0.00392	0.00381	0.99999	
74	0.37000	-8.50806	0.76831	0.54386	-0.10970	0.11589	-1.07360	1.87547	0.99982	0.01874	-0.00202	-0.01874	0.99982	-0.00191	0.00199	0.00195	1.00000		-0.69857	2.55963	1.34639	-0.19499	-0.24804	4.20425	0.27585	0.99730	-0.07331	0.00433	0.07333	0.99730	-0.00340	-0.00407	0.00371	0.99998	
75	0.37500	-8.53073	0.77504	0.53253	-0.10410	0.11992	-1.07357	1.87148	0.99982	0.01874	-0.00209	-0.01874	0.99982	-0.00182	0.00206	0.00186	1.00000		-0.71587	2.59576	1.36046	-0.19073	-0.25050	4.20517	0.27071	0.99730	-0.07333	0.00437	0.07334	0.99730	-0.00333	-0.00412	0.00364	0.99998	
76	0.38000	-8.49730	0.77088	0.52257	-0.09457	0.12169	-1.07920	1.87766	0.99982	0.01883	-0.00212	-0.01884	0.99982	-0.00165	0.00209	0.00169	1.00000		-0.70395	2.62140	1.37480	-0.18617	-0.25393	4.20506	0.25521	0.99730	-0.07333	0.00443	0.07334	0.99730	-0.00325	-0.00418	0.00357	0.99998	
77	0.38500	-8.57915	0.78410	0.51949	-0.08654	0.13269	-1.07693	1.88645	0.99982	0.01879	-0.00232	-0.01880	0.99982	-0.00151	0.00229	0.00155	1.00000		-0.67633	2.68693	1.39404	-0.17649	-0.26059	4.20627	0.26012	0.99730	-0.07335	0.00455	0.07336	0.99730	-0.00308	-0.00431	0.00341	0.99998	
78	0.39000	-8.59631	0.79451	0.49193	-0.07622	0.14612	-1.07867	1.87925	0.99982	0.01883	-0.00255	-0.01883	0.99982	-0.00133	0.00252	0.00138	1.00000		-0.72653	2.73029	1.41779	-0.16941	-0.26092	4.20524	0.25417	0.99730	-0.07333	0.00455	0.07334	0.99730	-0.00296	-0.00432	0.00328	0.99999	
79	0.39500	-8.59730	0.79185	0.48447	-0.06519	0.15508	-1.07852	1.87233	0.99982	0.01882	-0.00271	-0.01883	0.99982	-0.00114	0.00268	0.00119	1.00000		-0.68795	2.76339	1.43424	-0.16132	-0.26770	4.20742	0.25594	0.99729	-0.07337	0.00467	0.07338	0.99730	-0.00282	-0.00445	0.00315	0.99999	
80	0.40000	-8.61260	0.80759	0.46834	-0.05489	0.15735	-1.08153	1.87335	0.99982	0.01888	-0.00275	-0.01888	0.99982	-0.00096	0.00273	0.00101	1.00000		-0.73499	2.80234	1.44218	-0.15491	-0.26488	4.20633	0.26481	0.99730	-0.07335	0.00462	0.07336	0.99730	-0.00270	-0.00441	0.00304	0.99999	
81	0.40500	-8.64129	0.80678	0.45772	-0.04626	0.16674	-1.08285	1.86106	0.99982	0.01890	-0.00291	-0.01890	0.99982	-0.00081	0.00289	0.00086	1.00000		-0.72289	2.85213	1.47059	-0.14363	-0.26940	4.20996	0.25932	0.99729	-0.07341	0.00470	0.07342	0.99730	-0.00251	-0.00451	0.00285	0.99999	
82	0.41000	-8.60165	0.80053	0.44019	-0.03797	0.16710	-1.08411	1.85052	0.99982	0.01892	-0.00292	-0.01892	0.99982	-0.00066	0.00290	0.00072	1.00000		-0.70828	2.90766	1.47967	-0.13498	-0.27201	4.20548	0.26158	0.99730	-0.07333	0.00475	0.07334	0.99730	-0.00236	-0.00456	0.00270	0.99999	
83	0.41500	-8.65846	0.81685	0.42198	-0.02419	0.18025	-1.08693	1.86525	0.99982	0.01897	-0.00315	-0.01897	0.99982	-0.00042	0.00314	0.00048	0.99999		-0.71269	2.97038	1.51827	-0.12090	-0.27862	4.20647	0.24949	0.99729	-0.07335	0.00486	0.07336	0.99730	-0.00211	-0.00469	0.00246	0.99999	
84	0.42000	-8.69288	0.81605	0.41624	-0.01249	0.18846	-1.08724	1.84568	0.99981	0.01897	-0.00329	-0.01898	0.99982	-0.00022	0.00328	0.00028	0.99999		-0.75194	2.97634	1.51066	-0.11683	-0.27695	4.20750	0.26445	0.99729	-0.07337	0.00483	0.07338	0.99730	-0.00204	-0.00467	0.00239	0.99999	
85	0.42500	-8.67558	0.81001	0.40536	-0.00350	0.19442	-1.08962	1.83753	0.99981	0.01902	-0.00339	-0.01902	0.99982	-0.00006	0.00339	0.00013	0.99999		-0.76451	3.02304	1.53062	-0.10670	-0.27766	4.20518	0.24426	0.99730	-0.07333	0.00485	0.07334	0.99731	-0.00186	-0.00470	0.00221	0.99999	
86	0.43000	-8.69363	0.81215	0.36917	0.01066	0.19764	-1.09206	1.83052	0.99981	0.01906	-0.00345	-0.01906	0.99982	0.00019	0.00345	-0.00012	0.99999		-0.75946	3.07461	1.54688	-0.09308	-0.27997	4.20714	0.25886	0.99729	-0.07336	0.00489	0.07337	0.99730	-0.00162	-0.00475	0.00198	0.99999	
87	0.43500	-8.72476	0.81200	0.34542	0.01908	0.20442	-1.08790	1.84428	0.99981	0.01899	-0.00357	-0.01899	0.99982	0.00033	0.00357	-0.00027	0.99999		-0.73757	3.15376	1.56015	-0.07910	-0.28430	4.20774	0.24272	0.99729	-0.07337	0.00496	0.07338	0.99730	-0.00138	-0.00485	0.00174	0.99999	
88	0.44000	-8.72705	0.79175	0.34329	0.02771	0.20739	-1.09018	1.83994	0.99981	0.01903	-0.00362	-0.01902	0.99982	0.00048	0.00363	-0.00041	0.99999		-0.74236	3.16877	1.58647	-0.06935	-0.28527	4.20393	0.23014	0.99730	-0.07331	0.00498	0.07331	0.99731	-0.00121	-0.00488	0.00157	0.99999	
89	0.44500	-8.70496	0.79184	0.31607	0.04091	0.20982	-1.09047	1.84054	0.99981	0.01903	-0.00366	-0.01903	0.99982	0.00071	0.00368	-0.00064	0.99999		-0.78137	3.20342	1.57482	-0.05715	-0.28303	4.20835	0.24642	0.99729	-0.07338	0.00494	0.07339	0.99730	-0.00100	-0.00485	0.00136	0.99999	
90	0.45000	-8.71418	0.80326	0.30695	0.05202	0.21387	-1.09413	1.84408	0.99981	0.01909	-0.00373	-0.01909	0.99982	0.00091	0.00375	-0.00084	0.99999		-0.77955	3.24866	1.59693	-0.04387	-0.28347	4.20909	0.24931	0.99729	-0.07340	0.00495	0.07340	0.99730	-0.00077	-0.00488	0.00113	0.99999	
91	0.45500	-8.71950	0.78844	0.29250	0.06163	0.21838	-1.09228	1.83785	0.99981	0.01906	-0.00381	-0.01906	0.99982	0.00108	0.00383	-0.00100	0.99999		-0.79290	3.28735	1.59752	-0.03228	-0.28342	4.21080	0.25740	0.99729	-0.07343	0.00495	0.07343	0.99730	-0.00056	-0.00489	0.00093	0.99999	
92	0.46000	-8.75921	0.80556	0.25849	0.07835	0.22490	-1.09406	1.85016	0.99981	0.01909	-0.00393	-0.01909	0.99982	0.00137	0.00395	-0.00129	0.99999		-0.82790	3.33658	1.60170	-0.01668	-0.28126	4.20954	0.25783	0.99729	-0.07340	0.00491	0.07341	0.99730	-0.00029	-0.00487	0.00065	0.99999	
93	0.46500	-8.76397	0.80528	0.23755	0.09071	0.22638	-1.09890	1.81995	0.99981	0.01918	-0.00395	-0.01917	0.99981	0.00158	0.00398	-0.00151	0.99999		-0.81745	3.42179	1.62736	0.00416	-0.28250	4.21097	0.25769	0.99729	-0.07343	0.00493	0.07343	0.99730	0.00007	-0.00492	0.00029	0.99999	
94	0.47000	-8.78026	0.79405	0.22110	0.10068	0.22766	-1.09923	1.81635	0.99981	0.01918	-0.00397	-0.01918	0.99981	0.00176	0.00401	-0.00168	0.99999		-0.83360	3.47321	1.61381	0.01655	-0.27924	4.20832	0.23948	0.99729	-0.07338	0.00487	0.07338	0.99730	0.00029	-0.00488	0.00007	0.99999	
95	0.47500	-8.74954	0.78598	0.21516	0.10869	0.22701	-1.09701	1.82181	0.99981	0.01915	-0.00396	-0.01914	0.99982	0.00190	0.00400	-0.00182	0.99999		-0.90079	3.46961	1.62354	0.02530	-0.27593	4.21099	0.25046	0.99729	-0.07343	0.00482	0.07343	0.99730	0.00044	-0.00484	-0.00009	0.99999	
96	0.48000	-8.78554	0.76149	0.21674	0.11815	0.23242	-1.09934	1.82262	0.99981	0.01919	-0.00406	-0.01918	0.99981	0.00206	0.00410	-0.00198	0.99999		-0.87563	3.53091	1.63136	0.04140	-0.27449	4.20954	0.24781	0.99729	-0.07340	0.00479	0.07340	0.99730	0.00072	-0.00483	-0.00037	0.99999	
97	0.48500	-8.75244	0.76605	0.18599	0.12967	0.22395	-1.09813	1.81242	0.99981	0.01916	-0.00391	-0.01916	0.99981	0.00226	0.00395	-0.00219	0.99999		-0.87203	3.58360	1.64304	0.05914	-0.27638	4.21409	0.25864	0.99728	-0.07348	0.00482	0.07348	0.99730	0.00103	-0.00489	-0.00067	0.99999	
98	0.49000	-8.75577	0.75758	0.16723	0.14044	0.22890	-1.10584	1.80976	0.99981	0.01930	-0.00400	-0.01929	0.99981	0.00245	0.00404	-0.00237	0.99999		-0.88245	3.62492	1.66513	0.07433	-0.27359	4.21500	0.23864	0.99728	-0.07350	0.00478	0.07349	0.99729	0.00130	-0.00486	-0.00094	0.99999	
99	0.49500	-8.70794	0.72830	0.16575	0.14592	0.22535	-1.10097	1.79594	0.99981	0.01921	-0.00393	-0.01920	0.99981	0.00255	0.00398	-0.00247	0.99999		-0.85156	3.70117	1.68146	0.09342	-0.27483	4.21340	0.21768	0.99729	-0.07347	0.00480	0.07346	0.99730	0.00163	-0.00490	-0.00127	0.99999	
100	0.50000	-8.70112	0.72452	0.15286	0.15740	0.22144	-1.10100	1.79396	0.99981	0.01921	-0.00386	-0.01920	0.99981	0.00275	0.00392	-0.00267	0.99999		-0.91038	3.73243	1.67752	0.10775	-0.27087	4.21490	0.22636	0.99728	-0.07350	0.00473	0.07349	0.99729	0.00188	-0.00485	-0.00153	0.99999	
101	0.50500	-8.70050	0.70060	0.14926	0.16445	0.22161	-1.10601	1.79495	0.99981	0.01930	-0.00387	-0.01929	0.99981	0.00287	0.00392	-0.00279	0.99999		-0.90844	3.75891	1.67519	0.12126	-0.26584	4.21721	0.24207	0.99728	-0.07354	0.00464	0.07353	0.99729	0.00212	-0.00478	-0.00177	0.99999	
102	0.51000	-8.71909	0.69402	0.13209	0.17291	0.21872	-1.10669	1.80673	0.99981	0.01931	-0.00382	-0.01930	0.99981	0.00302	0.00387	-0.00294	0.99999		-0.93099	3.77887	1.67971	0.13545	-0.26137	4.21991	0.22413	0.99728	-0.07358	0.00456	0.07357	0.99729	0.00236	-0.00472	-0.00202	0.99999	
103	0.51500	-8.68524	0.67476	0.10775	0.17986	0.20791	-1.10436	1.78365	0.99981	0.01927	-0.00363	-0.01926	0.99981	0.00314	0.00369	-0.00307	0.99999		-0.98010	3.82960	1.66178	0.15212	-0.25529	4.21932	0.23001	0.99728	-0.07357	0.00446	0.07356	0.99729	0.00266	-0.00464	-0.00232	0.99999	
104	0.52000	-8.67394	0.66505	0.11175	0.19010	0.20692	-1.10567	1.78312	0.99981	0.01930	-0.00361	-0.01928	0.99981	0.00332	0.00367	-0.00325	0.99999		-0.97020	3.87904	1.69031	0.17151	-0.25247	4.21782	0.22898	0.99728	-0.07355	0.00441	0.07353	0.99729	0.00299	-0.00461	-0.00266	0.99999	
105	0.52500	-8.72165	0.66911	0.09296	0.20097	0.20684	-1.10404	1.79615	0.99981	0.01927	-0.00361	-0.01926	0.99981	0.00351	0.00368	-0.00344	0.99999		-1.04395	3.93146	1.66332	0.18520	-0.24204	4.21944	0.23349	0.99728	-0.07358	0.00422	0.07356	0.99729	0.00323	-0.00445	-0.00291	0.99999	
106	0.53000	-8.66649	0.64008	0.07884	0.20500	0.20004	-1.10966	1.78688	0.99981	0.01937	-0.00349	-0.01935	0.99981	0.00358	0.00356	-0.00351	0.99999		-1.04810	3.93295	1.66832	0.19709	-0.24025	4.22250	0.21835	0.99728	-0.07363	0.00419	0.07361	0.99728	0.00344	-0.00443	-0.00312	0.99999	
107	0.53500	-8.67688	0.63553	0.06504	0.21424	0.20044	-1.10896	1.78234	0.99981	0.01935	-0.00350	-0.01934	0.99981	0.00374	0.00357	-0.00367	0.99999		-1.04916	3.98081	1.66906	0.21414	-0.23313	4.22348	0.22474	0.99728	-0.07365	0.00407	0.07363	0.99728	0.00374	-0.00433	-0.00343	0.99998	
108	0.54000	-8.66516	0.61070	0.06064	0.21943	0.19247	-1.10983	1.76501	0.99981	0.01937	-0.00336	-0.01936	0.99981	0.00383	0.00343	-0.00376	0.99999		-1.05961	4.04584	1.67281	0.23180	-0.23084	4.22036	0.22552	0.99728	-0.07359	0.00403	0.07358	0.99728	0.00405	-0.00432	-0.00374	0.99998	
109	0.54500	-8.66424	0.59781	0.04424	0.22497	0.18685	-1.11008	1.76926	0.99981	0.01937	-0.00326	-0.01936	0.99980	0.00393	0.00334	-0.00386	0.99999		-1.10767	4.01928	1.66252	0.24090	-0.22051	4.22702	0.24429	0.99727	-0.07371	0.00385	0.07369	0.99727	0.00420	-0.00415	-0.00391	0.99998	
110	0.55000	-8.61767	0.58514	0.04250	0.23156	0.17830	-1.10714	1.75810	0.99981	0.01932	-0.00311	-0.01931	0.99981	0.00404	0.00319	-0.00398	0.99999		-1.10774	4.00795	1.64474	0.24987	-0.21392	4.22904	0.24785	0.99727	-0.07374	0.00373	0.07373	0.99727	0.00436	-0.00405	-0.00407	0.99998	
111	0.55500	-8.61874	0.56640	0.02225	0.23862	0.17312	-1.11065	1.75062	0.99981	0.01938	-0.00302	-0.01937	0.99980	0.00416	0.00310	-0.00411	0.99999		-1.13946	4.07046	1.65566	0.26700	-0.20962	4.22990	0.23166	0.99727	-0.07376	0.00366	0.07374	0.99727	0.00466	-0.00399	-0.00438	0.99998	
112	0.56000	-8.59548	0.55456	0.02429	0.24311	0.16505	-1.10908	1.75718	0.99981	0.01936	-0.00288	-0.01934	0.99980	0.00424	0.00296	-0.00419	0.99999		-1.10392	4.14560	1.65552	0.28580	-0.20801	4.22738	0.22257	0.99727	-0.07371	0.00363	0.07370	0.99727	0.00499	-0.00399	-0.00471	0.99998	
113	0.56500	-8.59107	0.53198	0.01496	0.24655	0.15874	-1.10977	1.76299	0.99981	0.01937	-0.00277	-0.01936	0.99980	0.00430	0.00285	-0.00425	0.99999		-1.16358	4.10352	1.63877	0.29106	-0.19498	4.23078	0.21741	0.99727	-0.07377	0.00340	0.07376	0.99726	0.00508	-0.00377	-0.00482	0.99998	
114	0.57000	-8.57164	0.51162	0.01618	0.25185	0.15156	-1.11073	1.75298	0.99981	0.01938	-0.00265	-0.01937	0.99980	0.00440	0.00273	-0.00434	0.99999		-1.17017	4.16121	1.63202	0.30776	-0.19052	4.23194	0.22507	0.99727	-0.07379	0.00333	0.07378	0.99726	0.00537	-0.00371	-0.00511	0.99998	
115	0.57500	-8.53214	0.49888	0.01023	0.25697	0.14384	-1.11493	1.74844	0.99981	0.01946	-0.00251	-0.01945	0.99980	0.00448	0.00260	-0.00444	0.99999		-1.16737	4.14265	1.61637	0.31563	-0.18451	4.23317	0.22211	0.99727	-0.07382	0.00322	0.07380	0.99726	0.00551	-0.00362	-0.00526	0.99998	
116	0.58000	-8.58612	0.49524	0.00723	0.26226	0.14250	-1.11247	1.76254	0.99981	0.01941	-0.00249	-0.01940	0.99980	0.00458	0.00258	-0.00453	0.99999		-1.17686	4.14458	1.60470	0.32534	-0.17457	4.23434	0.24158	0.99727	-0.07384	0.00305	0.07382	0.99726	0.00568	-0.00346	-0.00544	0.99998	
117	0.58500	-8.57364	0.47614	0.00602	0.26465	0.13134	-1.11266	1.74752	0.99981	0.01942	-0.00229	-0.01941	0.99980	0.00462	0.00238	-0.00457	0.99999		-1.23297	4.14752	1.59053	0.33303	-0.16551	4.23517	0.23294	0.99727	-0.07385	0.00289	0.07383	0.99725	0.00581	-0.00331	-0.00558	0.99998	
118	0.59000	-8.52268	0.46017	-0.00178	0.26676	0.12236	-1.11303	1.74518	0.99981	0.01942	-0.00214	-0.01941	0.99980	0.00466	0.00223	-0.00461	0.99999		-1.22897	4.18862	1.59097	0.34890	-0.15954	4.23502	0.22231	0.99727	-0.07385	0.00278	0.07383	0.99725	0.00609	-0.00323	-0.00587	0.99998	
119	0.59500	-8.50658	0.43338	-0.00899	0.26734	0.11026	-1.11301	1.75347	0.99981	0.01942	-0.00192	-0.01942	0.99980	0.00467	0.00201	-0.00463	0.99999		-1.19753	4.18104	1.58672	0.35642	-0.15489	4.23809	0.22404	0.99726	-0.07390	0.00270	0.07388	0.99725	0.00622	-0.00316	-0.00600	0.99998	
120	0.60000	-8.49917	0.42576	-0.00559	0.26919	0.10345	-1.11072	1.73838	0.99981	0.01938	-0.00181	-0.01938	0.99980	0.00470	0.00190	-0.00466	0.99999		-1.24199	4.17316	1.55540	0.36354	-0.14194	4.23906	0.23831	0.99726	-0.07392	0.00248	0.07390	0.99725	0.00634	-0.00294	-0.00614	0.99998	
121	0.60500	-8.49261	0.41877	-0.00293	0.27288	0.09373	-1.11535	1.73301	0.99981	0.01947	-0.00164	-0.01946	0.99980	0.00476	0.00173	-0.00473	0.99999		-1.27870	4.19336	1.56045	0.37401	-0.13515	4.24102	0.24187	0.99726	-0.07395	0.00236	0.07394	0.99724	0.00653	-0.00284	-0.00634	0.99998	
122	0.61000	-8.48179	0.38259	-0.00388	0.27179	0.08489	-1.11087	1.73975	0.99981	0.01939	-0.00148	-0.01938	0.99980	0.00474	0.00157	-0.00471	0.99999		-1.31414	4.18441	1.53549	0.38069	-0.12405	4.24003	0.23825	0.99726	-0.07393	0.00217	0.07392	0.99724	0.00664	-0.00265	-0.00647	0.99998	
123	0.61500	-8.44549	0.39183	-0.01063	0.27665	0.07304	-1.11380	1.72966	0.99981	0.01944	-0.00127	-0.01943	0.99980	0.00483	0.00137	-0.00480	0.99999		-1.31518	4.23570	1.53380	0.39322	-0.11610	4.24171	0.24082	0.99726	-0.07396	0.00203	0.07395	0.99724	0.00686	-0.00253	-0.00669	0.99997	
124	0.62000	-8.43220	0.36343	-0.00387	0.27434	0.06081	-1.11516	1.72102	0.99981	0.01946	-0.00106	-0.01946	0.99980	0.00479	0.00115	-0.00477	0.99999		-1.37298	4.17982	1.50685	0.39071	-0.10368	4.24183	0.25048	0.99726	-0.07397	0.00181	0.07395	0.99724	0.00682	-0.00231	-0.00667	0.99998	
125	0.62500	-8.40644	0.33964	-0.00820	0.27442	0.05415	-1.10984	1.73569	0.99981	0.01937	-0.00095	-0.01936	0.99980	0.00479	0.00104	-0.00477	0.99999		-1.38265	4.22044	1.50378	0.40250	-0.09581	4.23920	0.25389	0.99726	-0.07392	0.00167	0.07391	0.99724	0.00702	-0.00219	-0.00688	0.99997	
126	0.63000	-8.42555	0.32512	-0.02429	0.27201	0.04611	-1.11454	1.72288	0.99981	0.01945	-0.00080	-0.01945	0.99980	0.00475	0.00090	-0.00473	0.99999		-1.41335	4.25260	1.47779	0.41307	-0.08587	4.24147	0.24292	0.99726	-0.07396	0.00150	0.07395	0.99724	0.00721	-0.00203	-0.00708	0.99997	
127	0.63500	-8.39310	0.29501	-0.00619	0.27030	0.03306	-1.11074	1.72435	0.99981	0.01938	-0.00058	-0.01938	0.99980	0.00472	0.00067	-0.00471	0.99999		-1.42464	4.21076	1.43963	0.41364	-0.07531	4.24448	0.25583	0.99726	-0.07401	0.00131	0.07400	0.99723	0.00722	-0.00185	-0.00710	0.99997	
128	0.64000	-8.39007	0.29002	-0.01804	0.27047	0.02511	-1.11549	1.72292	0.99981	0.01947	-0.00044	-0.01947	0.99980	0.00472	0.00053	-0.00471	0.99999		-1.45212	4.22550	1.45127	0.41996	-0.06876	4.24193	0.25091	0.99726	-0.07397	0.00120	0.07396	0.99723	0.00733	-0.00174	-0.00722	0.99997	
129	0.64500	-8.36773	0.29000	-0.00217	0.26999	0.01183	-1.11352	1.73754	0.99981	0.01943	-0.00021	-0.01943	0.99980	0.00471	0.00030	-0.00471	0.99999		-1.45271	4.20713	1.40998	0.42381	-0.05970	4.24466	0.25668	0.99726	-0.07402	0.00104	0.07401	0.99723	0.00740	-0.00159	-0.00730	0.99997	
130	0.65000	-8.35595	0.25178	-0.01973	0.26758	0.00225	-1.11934	1.72730	0.99981	0.01953	-0.00004	-0.01953	0.99980	0.00467	0.00013	-0.00467	0.99999		-1.47002	4.21033	1.41045	0.42770	-0.04972	4.24585	0.27291	0.99726	-0.07404	0.00087	0.07403	0.99723	0.00746	-0.00142	-0.00738	0.99997	
131	0.65500	-8.34170	0.24425	-0.01566	0.26426	-0.00659	-1.11509	1.71898	0.99981	0.01946	0.00012	-0.01946	0.99980	0.00461	-0.00003	-0.00461	0.99999		-1.46530	4.18786	1.38839	0.42776	-0.04381	4.24502	0.25691	0.99726	-0.07402	0.00076	0.07401	0.99723	0.00747	-0.00132	-0.00739	0.99997	
132	0.66000	-8.33368	0.23660	0.00135	0.26233	-0.01780	-1.11803	1.72748	0.99981	0.01951	0.00031	-0.01951	0.99980	0.00458	-0.00022	-0.00458	0.99999		-1.49557	4.18534	1.36705	0.43039	-0.03260	4.24480	0.25193	0.99726	-0.07402	0.00057	0.07401	0.99723	0.00751	-0.00112	-0.00745	0.99997	
133	0.66500	-8.30642	0.21937	0.00423	0.25929	-0.02909	-1.11355	1.73059	0.99981	0.01943	0.00051	-0.01944	0.99980	0.00453	-0.00042	-0.00453	0.99999		-1.49024	4.14845	1.35388	0.43085	-0.02625	4.24715	0.26031	0.99725	-0.07406	0.00046	0.07405	0.99723	0.00752	-0.00101	-0.00747	0.99997	
134	0.67000	-8.34197	0.21481	-0.00787	0.25637	-0.03394	-1.11673	1.71918	0.99981	0.01949	0.00059	-0.01949	0.99980	0.00447	-0.00051	-0.00449	0.99999		-1.56362	4.12558	1.30675	0.42836	-0.01370	4.25022	0.28748	0.99725	-0.07411	0.00024	0.07411	0.99722	0.00748	-0.00079	-0.00744	0.99997	
135	0.67500	-8.28328	0.20826	0.00976	0.25566	-0.04865	-1.11505	1.72452	0.99981	0.01946	0.00085	-0.01946	0.99980	0.00446	-0.00076	-0.00448	0.99999		-1.53260	4.09955	1.31651	0.42665	-0.00654	4.24659	0.27626	0.99725	-0.07405	0.00011	0.07405	0.99723	0.00745	-0.00067	-0.00742	0.99997	
136	0.68000	-8.29111	0.17867	-0.00363	0.25145	-0.05502	-1.11526	1.71689	0.99981	0.01946	0.00096	-0.01947	0.99980	0.00439	-0.00087	-0.00441	0.99999		-1.56574	4.10473	1.29799	0.43007	0.00032	4.24882	0.28692	0.99725	-0.07409	-0.00001	0.07409	0.99722	0.00751	-0.00055	-0.00749	0.99997	
137	0.68500	-8.28796	0.17406	0.02572	0.24822	-0.06385	-1.11591	1.71462	0.99981	0.01948	0.00111	-0.01948	0.99980	0.00433	-0.00103	-0.00435	0.99999		-1.57714	4.07755	1.25630	0.42495	0.00687	4.24738	0.23577	0.99725	-0.07406	-0.00012	0.07406	0.99723	0.00742	-0.00043	-0.00741	0.99997	
138	0.69000	-8.22595	0.17352	0.02718	0.24594	-0.07734	-1.11682	1.72362	0.99981	0.01949	0.00135	-0.01950	0.99980	0.00429	-0.00127	-0.00432	0.99999		-1.56542	4.07903	1.26151	0.42715	0.01289	4.24837	0.27184	0.99725	-0.07408	-0.00022	0.07408	0.99722	0.00746	-0.00033	-0.00745	0.99997	
139	0.69500	-8.26700	0.16749	0.02601	0.24076	-0.08293	-1.11455	1.71825	0.99981	0.01945	0.00145	-0.01946	0.99980	0.00420	-0.00137	-0.00423	0.99999		-1.61341	4.02531	1.20777	0.41953	0.02400	4.24640	0.25568	0.99725	-0.07405	-0.00042	0.07405	0.99723	0.00732	-0.00012	-0.00733	0.99997	
140	0.70000	-8.25576	0.14275	0.03454	0.23512	-0.09041	-1.11721	1.73771	0.99981	0.01950	0.00158	-0.01950	0.99980	0.00410	-0.00150	-0.00413	0.99999		-1.66797	3.94021	1.12005	0.40733	0.03854	4.24780	0.23173	0.99725	-0.07407	-0.00067	0.07407	0.99723	0.00711	0.00014	-0.00714	0.99997	
