NO_OF_FRAMES	12042
NO_OF_CAMERAS	8
NO_OF_BODIES	2
FREQUENCY	200
NO_OF_ANALOG	0
ANALOG_FREQUENCY	0
DESCRIPTION	--
TIME_STAMP	2013-07-04, 16:56:34	116209.93886668
DATA_INCLUDED	6D
BODY_NAMES	Ice 2 V2	Ice 3
Frame	Time	Ice 2 V2 X	Y	Z	Roll	Pitch	Yaw	Residual	Rot[0]	Rot[1]	Rot[2]	Rot[3]	Rot[4]	Rot[5]	Rot[6]	Rot[7]	Rot[8]	Ice 3 X	Y	Z	Roll	Pitch	Yaw	Residual	Rot[0]	Rot[1]	Rot[2]	Rot[3]	Rot[4]	Rot[5]	Rot[6]	Rot[7]	Rot[8]	
1	0.00500	-5.50236	0.78087	0.75958	0.14936	-0.05236	-0.87882	2.24934	0.99988	0.01534	0.00091	-0.01534	0.99988	0.00261	-0.00087	-0.00262	1.00000		-0.64412	1.88679	0.55880	0.19599	-0.09074	4.44469	0.15433	0.99699	-0.07750	0.00158	0.07749	0.99699	0.00342	-0.00184	-0.00329	0.99999	
2	0.01000	-5.47612	0.75275	0.73167	0.14945	-0.05556	-0.88191	2.21583	0.99988	0.01539	0.00097	-0.01539	0.99988	0.00261	-0.00093	-0.00262	1.00000		-0.70762	1.82459	0.54861	0.18690	-0.08142	4.44175	0.14203	0.99700	-0.07745	0.00142	0.07744	0.99699	0.00326	-0.00167	-0.00314	0.99999	
3	0.01500	-5.51652	0.75501	0.73302	0.14940	-0.05225	-0.88324	2.21344	0.99988	0.01541	0.00091	-0.01542	0.99988	0.00261	-0.00087	-0.00262	1.00000		-0.72373	1.85583	0.56243	0.19200	-0.08080	4.44209	0.10743	0.99700	-0.07745	0.00141	0.07745	0.99699	0.00335	-0.00167	-0.00323	0.99999	
4	0.02000	-5.47554	0.74679	0.72280	0.14677	-0.06059	-0.87600	2.23508	0.99988	0.01529	0.00106	-0.01529	0.99988	0.00256	-0.00102	-0.00258	1.00000		-0.74965	1.79004	0.54057	0.18678	-0.07651	4.44223	0.11710	0.99700	-0.07745	0.00134	0.07745	0.99699	0.00326	-0.00158	-0.00315	0.99999	
5	0.02500	-5.50572	0.74123	0.71040	0.14667	-0.05636	-0.87718	2.22972	0.99988	0.01531	0.00098	-0.01531	0.99988	0.00256	-0.00094	-0.00257	1.00000		-0.77394	1.77681	0.54735	0.18610	-0.07458	4.44499	0.12197	0.99699	-0.07750	0.00130	0.07750	0.99699	0.00325	-0.00155	-0.00314	0.99999	
6	0.03000	-5.51698	0.73350	0.69957	0.14701	-0.05161	-0.88183	2.22921	0.99988	0.01539	0.00090	-0.01539	0.99988	0.00257	-0.00086	-0.00258	1.00000		-0.76258	1.76328	0.54985	0.18602	-0.07274	4.44489	0.13121	0.99699	-0.07750	0.00127	0.07750	0.99699	0.00325	-0.00152	-0.00314	0.99999	
7	0.03500	-5.50206	0.71524	0.69989	0.14360	-0.05745	-0.88090	2.21958	0.99988	0.01537	0.00100	-0.01538	0.99988	0.00251	-0.00096	-0.00252	1.00000		-0.74308	1.76175	0.56281	0.18784	-0.07176	4.44579	0.13102	0.99699	-0.07752	0.00125	0.07751	0.99699	0.00328	-0.00150	-0.00317	0.99999	
8	0.04000	-5.50946	0.72455	0.69985	0.14493	-0.05327	-0.88142	2.22711	0.99988	0.01538	0.00093	-0.01539	0.99988	0.00253	-0.00089	-0.00254	1.00000		-0.71902	1.74861	0.56624	0.18952	-0.07203	4.44539	0.10936	0.99699	-0.07751	0.00126	0.07750	0.99699	0.00331	-0.00151	-0.00320	0.99999	
9	0.04500	-5.51015	0.73327	0.68273	0.14334	-0.05971	-0.88167	2.23458	0.99988	0.01539	0.00104	-0.01539	0.99988	0.00250	-0.00100	-0.00252	1.00000		-0.79120	1.72811	0.55574	0.18582	-0.06978	4.44470	0.12660	0.99699	-0.07750	0.00122	0.07749	0.99699	0.00324	-0.00147	-0.00314	0.99999	
10	0.05000	-5.50950	0.71447	0.68097	0.14017	-0.05673	-0.87742	2.24953	0.99988	0.01531	0.00099	-0.01532	0.99988	0.00245	-0.00095	-0.00246	1.00000		-0.78043	1.70335	0.56096	0.18430	-0.06780	4.44552	0.11934	0.99699	-0.07751	0.00118	0.07751	0.99699	0.00322	-0.00143	-0.00312	0.99999	
11	0.05500	-5.52602	0.70797	0.67619	0.14077	-0.05337	-0.87679	2.24249	0.99988	0.01530	0.00093	-0.01530	0.99988	0.00246	-0.00089	-0.00247	1.00000		-0.77762	1.71991	0.57533	0.18724	-0.06658	4.44430	0.12561	0.99699	-0.07749	0.00116	0.07749	0.99699	0.00327	-0.00141	-0.00317	0.99999	
12	0.06000	-5.58796	0.72268	0.67116	0.13936	-0.04934	-0.87995	2.23975	0.99988	0.01536	0.00086	-0.01536	0.99988	0.00243	-0.00082	-0.00245	1.00000		-0.79168	1.70148	0.56601	0.18684	-0.06812	4.44704	0.11036	0.99699	-0.07754	0.00119	0.07753	0.99698	0.00326	-0.00144	-0.00316	0.99999	
13	0.06500	-5.55498	0.72680	0.67117	0.14245	-0.05243	-0.87913	2.24773	0.99988	0.01534	0.00092	-0.01535	0.99988	0.00249	-0.00088	-0.00250	1.00000		-0.77332	1.65126	0.57743	0.18164	-0.06394	4.44707	0.12115	0.99699	-0.07754	0.00112	0.07753	0.99698	0.00317	-0.00136	-0.00307	0.99999	
14	0.07000	-5.56247	0.71672	0.66388	0.13678	-0.05144	-0.87446	2.23983	0.99988	0.01526	0.00090	-0.01526	0.99988	0.00239	-0.00086	-0.00240	1.00000		-0.83866	1.66194	0.57553	0.18186	-0.05905	4.44418	0.14390	0.99699	-0.07749	0.00103	0.07748	0.99699	0.00317	-0.00127	-0.00308	0.99999	
15	0.07500	-5.58473	0.70768	0.66141	0.13318	-0.05353	-0.87374	2.25140	0.99988	0.01525	0.00093	-0.01525	0.99988	0.00232	-0.00090	-0.00234	1.00000		-0.83150	1.67286	0.58319	0.18143	-0.06098	4.44670	0.11602	0.99699	-0.07753	0.00106	0.07753	0.99699	0.00317	-0.00131	-0.00307	0.99999	
16	0.08000	-5.54982	0.70827	0.65043	0.13547	-0.05429	-0.87812	2.25427	0.99988	0.01533	0.00095	-0.01533	0.99988	0.00236	-0.00091	-0.00238	1.00000		-0.84596	1.60670	0.57513	0.17633	-0.05823	4.44703	0.12854	0.99699	-0.07754	0.00102	0.07753	0.99698	0.00308	-0.00125	-0.00299	0.99999	
17	0.08500	-5.58464	0.70135	0.65474	0.13145	-0.05087	-0.87686	2.23809	0.99988	0.01530	0.00089	-0.01531	0.99988	0.00229	-0.00085	-0.00231	1.00000		-0.82388	1.62187	0.59722	0.17731	-0.06070	4.44855	0.11016	0.99699	-0.07756	0.00106	0.07756	0.99698	0.00309	-0.00130	-0.00300	0.99999	
18	0.09000	-5.62394	0.70314	0.64626	0.13266	-0.04945	-0.87809	2.25354	0.99988	0.01532	0.00086	-0.01533	0.99988	0.00232	-0.00083	-0.00233	1.00000		-0.85913	1.64301	0.61625	0.17954	-0.05958	4.44700	0.12537	0.99699	-0.07754	0.00104	0.07753	0.99698	0.00313	-0.00128	-0.00304	0.99999	
19	0.09500	-5.57096	0.70363	0.64590	0.13104	-0.05133	-0.87679	2.24458	0.99988	0.01530	0.00090	-0.01530	0.99988	0.00229	-0.00086	-0.00230	1.00000		-0.85246	1.59291	0.61160	0.17203	-0.05506	4.44839	0.11753	0.99699	-0.07756	0.00096	0.07756	0.99698	0.00300	-0.00119	-0.00292	1.00000	
20	0.10000	-5.59453	0.70121	0.63271	0.12613	-0.05279	-0.87180	2.26453	0.99988	0.01522	0.00092	-0.01522	0.99988	0.00220	-0.00089	-0.00222	1.00000		-0.85246	1.59291	0.61160	0.17203	-0.05506	4.44839	0.11753	0.99699	-0.07756	0.00096	0.07756	0.99698	0.00300	-0.00119	-0.00292	1.00000	
21	0.10500	-5.61780	0.71069	0.64476	0.12968	-0.04546	-0.87304	2.27243	0.99988	0.01524	0.00079	-0.01524	0.99988	0.00226	-0.00076	-0.00228	1.00000		-0.84998	1.56956	0.61755	0.16881	-0.05562	4.44849	0.11264	0.99699	-0.07756	0.00097	0.07756	0.99698	0.00295	-0.00120	-0.00286	1.00000	
22	0.11000	-5.60727	0.69124	0.63976	0.12311	-0.05110	-0.87056	2.26641	0.99988	0.01519	0.00089	-0.01520	0.99988	0.00215	-0.00086	-0.00216	1.00000		-0.89761	1.50869	0.61215	0.16094	-0.04749	4.45001	0.12465	0.99699	-0.07759	0.00083	0.07759	0.99698	0.00281	-0.00104	-0.00274	1.00000	
23	0.11500	-5.62544	0.69463	0.63824	0.12029	-0.04987	-0.87164	2.27361	0.99988	0.01521	0.00087	-0.01521	0.99988	0.00210	-0.00084	-0.00211	1.00000		-0.88470	1.53518	0.61934	0.16166	-0.05126	4.44734	0.11111	0.99699	-0.07754	0.00089	0.07754	0.99699	0.00282	-0.00111	-0.00274	1.00000	
24	0.12000	-5.62434	0.64331	0.56492	0.11274	-0.04435	-0.87543	2.26496	0.99988	0.01528	0.00077	-0.01528	0.99988	0.00197	-0.00074	-0.00198	1.00000		-0.84437	1.49407	0.69557	0.15569	-0.05510	4.44830	0.13218	0.99699	-0.07756	0.00096	0.07756	0.99698	0.00272	-0.00117	-0.00263	1.00000	
25	0.12500	-5.62325	0.64223	0.55558	0.11226	-0.04511	-0.87588	2.24925	0.99988	0.01529	0.00079	-0.01529	0.99988	0.00196	-0.00076	-0.00197	1.00000		-0.82362	1.52790	0.73343	0.15994	-0.05916	4.44887	0.15610	0.99699	-0.07757	0.00103	0.07757	0.99698	0.00279	-0.00125	-0.00270	1.00000	
26	0.13000	-5.64320	0.65676	0.54604	0.11154	-0.03889	-0.87299	2.25719	0.99988	0.01524	0.00068	-0.01524	0.99988	0.00195	-0.00065	-0.00196	1.00000		-0.81956	1.52039	0.75258	0.15750	-0.05940	4.45018	0.12707	0.99698	-0.07759	0.00104	0.07759	0.99698	0.00275	-0.00125	-0.00266	1.00000	
27	0.13500	-5.64945	0.65081	0.54352	0.11246	-0.03776	-0.87350	2.25409	0.99988	0.01524	0.00066	-0.01525	0.99988	0.00196	-0.00063	-0.00197	1.00000		-0.80840	1.51163	0.74947	0.15561	-0.05894	4.45058	0.14916	0.99698	-0.07760	0.00103	0.07760	0.99698	0.00272	-0.00124	-0.00263	1.00000	
28	0.14000	-5.65461	0.64414	0.53813	0.10909	-0.04082	-0.87600	2.25334	0.99988	0.01529	0.00071	-0.01529	0.99988	0.00190	-0.00068	-0.00191	1.00000		-0.86897	1.47906	0.74812	0.14958	-0.05555	4.44669	0.14026	0.99699	-0.07753	0.00097	0.07753	0.99699	0.00261	-0.00117	-0.00253	1.00000	
29	0.14500	-5.66028	0.63314	0.55110	0.10391	-0.03995	-0.87452	2.25544	0.99988	0.01526	0.00070	-0.01526	0.99988	0.00181	-0.00067	-0.00182	1.00000		-0.86542	1.46766	0.75818	0.14547	-0.05477	4.45064	0.15190	0.99698	-0.07760	0.00096	0.07760	0.99698	0.00254	-0.00115	-0.00246	1.00000	
30	0.15000	-5.67530	0.63285	0.54939	0.10258	-0.03427	-0.87251	2.25477	0.99988	0.01523	0.00060	-0.01523	0.99988	0.00179	-0.00057	-0.00180	1.00000		-0.84358	1.45608	0.78999	0.14374	-0.05543	4.45316	0.13480	0.99698	-0.07764	0.00097	0.07764	0.99698	0.00251	-0.00116	-0.00243	1.00000	
31	0.15500	-5.66908	0.65619	0.52900	0.10806	-0.03257	-0.87791	2.22862	0.99988	0.01532	0.00057	-0.01532	0.99988	0.00189	-0.00054	-0.00189	1.00000		-0.85534	1.48047	0.78959	0.14400	-0.05476	4.44694	0.15559	0.99699	-0.07754	0.00096	0.07753	0.99699	0.00251	-0.00115	-0.00243	1.00000	
32	0.16000	-5.64987	0.61516	0.54611	0.09851	-0.03664	-0.87540	2.23748	0.99988	0.01528	0.00064	-0.01528	0.99988	0.00172	-0.00061	-0.00173	1.00000		-0.81346	1.46826	0.80128	0.13908	-0.05689	4.44599	0.14204	0.99699	-0.07752	0.00099	0.07752	0.99699	0.00243	-0.00118	-0.00234	1.00000	
33	0.16500	-5.69152	0.63527	0.54079	0.10183	-0.03074	-0.87849	2.25103	0.99988	0.01533	0.00054	-0.01533	0.99988	0.00178	-0.00051	-0.00179	1.00000		-0.88740	1.41239	0.78065	0.12859	-0.05174	4.44891	0.15260	0.99699	-0.07757	0.00090	0.07757	0.99698	0.00224	-0.00107	-0.00217	1.00000	
34	0.17000	-5.65911	0.64758	0.53820	0.09876	-0.03459	-0.87380	2.24709	0.99988	0.01525	0.00060	-0.01525	0.99988	0.00172	-0.00058	-0.00173	1.00000		-0.83307	1.43492	0.83331	0.13013	-0.05579	4.44662	0.12877	0.99699	-0.07753	0.00097	0.07753	0.99699	0.00227	-0.00115	-0.00219	1.00000	
35	0.17500	-5.70598	0.64814	0.54564	0.09885	-0.02963	-0.87754	2.25185	0.99988	0.01532	0.00052	-0.01532	0.99988	0.00173	-0.00049	-0.00173	1.00000		-0.84547	1.41038	0.82343	0.12510	-0.05377	4.44792	0.14050	0.99699	-0.07755	0.00094	0.07755	0.99699	0.00218	-0.00110	-0.00210	1.00000	
36	0.18000	-5.70288	0.63312	0.54316	0.09369	-0.03272	-0.87443	2.25689	0.99988	0.01526	0.00057	-0.01526	0.99988	0.00164	-0.00055	-0.00164	1.00000		-0.87400	1.41865	0.84421	0.12323	-0.05144	4.44705	0.16023	0.99699	-0.07754	0.00090	0.07754	0.99699	0.00215	-0.00106	-0.00207	1.00000	
37	0.18500	-5.71573	0.65184	0.55072	0.09462	-0.03135	-0.87315	2.24638	0.99988	0.01524	0.00055	-0.01524	0.99988	0.00165	-0.00052	-0.00166	1.00000		-0.92638	1.37150	0.83040	0.11274	-0.04790	4.44719	0.16335	0.99699	-0.07754	0.00084	0.07754	0.99699	0.00197	-0.00099	-0.00190	1.00000	
38	0.19000	-5.68312	0.65668	0.55458	0.09324	-0.03070	-0.87404	2.24127	0.99988	0.01525	0.00054	-0.01526	0.99988	0.00163	-0.00051	-0.00164	1.00000		-0.86918	1.41285	0.85788	0.11652	-0.04952	4.44719	0.17292	0.99699	-0.07754	0.00086	0.07754	0.99699	0.00203	-0.00102	-0.00196	1.00000	
39	0.19500	-5.70269	0.64872	0.55095	0.09378	-0.02753	-0.87781	2.23637	0.99988	0.01532	0.00048	-0.01532	0.99988	0.00164	-0.00046	-0.00164	1.00000		-0.84572	1.39063	0.88748	0.11160	-0.05417	4.44920	0.15668	0.99699	-0.07758	0.00095	0.07757	0.99698	0.00195	-0.00109	-0.00187	1.00000	
40	0.20000	-5.70853	0.65264	0.55957	0.09099	-0.02833	-0.87618	2.25057	0.99988	0.01529	0.00049	-0.01529	0.99988	0.00159	-0.00047	-0.00160	1.00000		-0.88752	1.38330	0.88211	0.10750	-0.05002	4.44906	0.15881	0.99699	-0.07757	0.00087	0.07757	0.99699	0.00188	-0.00102	-0.00180	1.00000	
41	0.20500	-5.71345	0.64485	0.55900	0.08804	-0.02926	-0.87565	2.24339	0.99988	0.01528	0.00051	-0.01528	0.99988	0.00154	-0.00049	-0.00154	1.00000		-0.90099	1.37950	0.88385	0.10401	-0.05094	4.45163	0.13859	0.99698	-0.07762	0.00089	0.07762	0.99698	0.00182	-0.00103	-0.00174	1.00000	
42	0.21000	-5.69856	0.64418	0.55345	0.08771	-0.02779	-0.87258	2.24334	0.99988	0.01523	0.00048	-0.01523	0.99988	0.00153	-0.00046	-0.00154	1.00000		-0.91532	1.35948	0.88692	0.09831	-0.04719	4.45095	0.16682	0.99698	-0.07761	0.00082	0.07760	0.99698	0.00172	-0.00095	-0.00165	1.00000	
43	0.21500	-5.70039	0.66932	0.55882	0.08924	-0.02772	-0.87630	2.23847	0.99988	0.01529	0.00048	-0.01529	0.99988	0.00156	-0.00046	-0.00156	1.00000		-0.97352	1.34812	0.88957	0.09167	-0.04451	4.44999	0.16798	0.99699	-0.07759	0.00078	0.07759	0.99698	0.00160	-0.00090	-0.00153	1.00000	
44	0.22000	-5.68903	0.64605	0.56773	0.08594	-0.02670	-0.87671	2.23608	0.99988	0.01530	0.00047	-0.01530	0.99988	0.00150	-0.00044	-0.00151	1.00000		-0.93411	1.36556	0.92114	0.09213	-0.04748	4.45081	0.14922	0.99698	-0.07760	0.00083	0.07760	0.99698	0.00161	-0.00095	-0.00154	1.00000	
45	0.22500	-5.67344	0.63697	0.55874	0.08382	-0.02631	-0.87693	2.23511	0.99988	0.01530	0.00046	-0.01531	0.99988	0.00146	-0.00044	-0.00147	1.00000		-0.96022	1.33710	0.91753	0.08521	-0.04588	4.45010	0.15952	0.99698	-0.07759	0.00080	0.07759	0.99698	0.00149	-0.00091	-0.00142	1.00000	
46	0.23000	-5.68497	0.65152	0.56982	0.08410	-0.02546	-0.87828	2.25544	0.99988	0.01533	0.00044	-0.01533	0.99988	0.00147	-0.00042	-0.00147	1.00000		-0.91972	1.33553	0.92575	0.08175	-0.04768	4.44907	0.14699	0.99699	-0.07757	0.00083	0.07757	0.99699	0.00143	-0.00094	-0.00136	1.00000	
47	0.23500	-5.71436	0.65836	0.57308	0.08378	-0.02307	-0.88059	2.22179	0.99988	0.01537	0.00040	-0.01537	0.99988	0.00146	-0.00038	-0.00147	1.00000		-0.96365	1.33808	0.92985	0.07828	-0.04483	4.44919	0.16302	0.99699	-0.07757	0.00078	0.07757	0.99699	0.00137	-0.00089	-0.00130	1.00000	
48	0.24000	-5.69692	0.65483	0.58424	0.08083	-0.02179	-0.87819	2.22827	0.99988	0.01533	0.00038	-0.01533	0.99988	0.00141	-0.00036	-0.00142	1.00000		-0.94557	1.37365	0.96167	0.07836	-0.04633	4.44923	0.16565	0.99699	-0.07758	0.00081	0.07757	0.99699	0.00137	-0.00091	-0.00130	1.00000	
49	0.24500	-5.71022	0.65549	0.59174	0.08018	-0.02004	-0.87716	2.23183	0.99988	0.01531	0.00035	-0.01531	0.99988	0.00140	-0.00033	-0.00140	1.00000		-0.96595	1.32855	0.94930	0.06993	-0.04398	4.44834	0.16486	0.99699	-0.07756	0.00077	0.07756	0.99699	0.00122	-0.00086	-0.00116	1.00000	
50	0.25000	-5.68659	0.64633	0.59624	0.07865	-0.02121	-0.88120	2.21310	0.99988	0.01538	0.00037	-0.01538	0.99988	0.00137	-0.00035	-0.00138	1.00000		-0.93029	1.33347	0.96852	0.06658	-0.04671	4.44755	0.16237	0.99699	-0.07755	0.00082	0.07755	0.99699	0.00116	-0.00090	-0.00110	1.00000	
51	0.25500	-5.73394	0.67354	0.59368	0.07929	-0.02063	-0.88039	2.21780	0.99988	0.01537	0.00036	-0.01537	0.99988	0.00138	-0.00034	-0.00139	1.00000		-0.98149	1.31266	0.96672	0.05977	-0.04312	4.44762	0.17207	0.99699	-0.07755	0.00075	0.07755	0.99699	0.00104	-0.00083	-0.00098	1.00000	
52	0.26000	-5.71870	0.66895	0.59495	0.07720	-0.02146	-0.87927	2.22076	0.99988	0.01535	0.00037	-0.01535	0.99988	0.00135	-0.00035	-0.00135	1.00000		-1.00628	1.32654	0.96902	0.05973	-0.04313	4.44750	0.16274	0.99699	-0.07755	0.00075	0.07754	0.99699	0.00104	-0.00083	-0.00098	1.00000	
53	0.26500	-5.70390	0.67608	0.59467	0.07979	-0.01961	-0.88213	2.22060	0.99988	0.01540	0.00034	-0.01540	0.99988	0.00139	-0.00032	-0.00140	1.00000		-0.99705	1.35292	0.98653	0.05838	-0.04354	4.44742	0.16117	0.99699	-0.07754	0.00076	0.07754	0.99699	0.00102	-0.00084	-0.00096	1.00000	
54	0.27000	-5.70544	0.66083	0.59341	0.07564	-0.01956	-0.87885	2.23231	0.99988	0.01534	0.00034	-0.01534	0.99988	0.00132	-0.00032	-0.00133	1.00000		-0.99736	1.34365	0.98457	0.05421	-0.04264	4.45009	0.16001	0.99699	-0.07759	0.00074	0.07759	0.99698	0.00095	-0.00082	-0.00089	1.00000	
55	0.27500	-5.69997	0.68116	0.60494	0.07764	-0.01769	-0.88074	2.21523	0.99988	0.01537	0.00031	-0.01537	0.99988	0.00136	-0.00029	-0.00136	1.00000		-0.96873	1.32520	0.99831	0.04753	-0.04465	4.44923	0.14803	0.99699	-0.07758	0.00078	0.07758	0.99699	0.00083	-0.00084	-0.00077	1.00000	
56	0.28000	-5.70991	0.66949	0.60509	0.07442	-0.01940	-0.87595	2.23189	0.99988	0.01529	0.00034	-0.01529	0.99988	0.00130	-0.00032	-0.00130	1.00000		-1.00394	1.35171	1.02266	0.04722	-0.04589	4.44398	0.15226	0.99699	-0.07748	0.00080	0.07748	0.99699	0.00082	-0.00086	-0.00076	1.00000	
57	0.28500	-5.70904	0.67339	0.60492	0.07417	-0.01475	-0.88088	2.21527	0.99988	0.01537	0.00026	-0.01537	0.99988	0.00129	-0.00024	-0.00130	1.00000		-1.02695	1.34228	1.00656	0.04097	-0.04558	4.44570	0.14184	0.99699	-0.07751	0.00080	0.07751	0.99699	0.00072	-0.00085	-0.00065	1.00000	
58	0.29000	-5.68477	0.66933	0.61669	0.07575	-0.01709	-0.88595	2.23201	0.99988	0.01546	0.00030	-0.01546	0.99988	0.00132	-0.00028	-0.00133	1.00000		-1.02304	1.34442	1.02347	0.04120	-0.04246	4.44566	0.15820	0.99699	-0.07751	0.00074	0.07751	0.99699	0.00072	-0.00079	-0.00066	1.00000	
59	0.29500	-5.70585	0.67677	0.61292	0.07611	-0.01521	-0.88763	2.20660	0.99988	0.01549	0.00027	-0.01549	0.99988	0.00133	-0.00024	-0.00133	1.00000		-1.00040	1.36644	1.02476	0.03944	-0.04470	4.44578	0.15925	0.99699	-0.07752	0.00078	0.07752	0.99699	0.00069	-0.00083	-0.00063	1.00000	
60	0.30000	-5.70875	0.68407	0.62521	0.07581	-0.01239	-0.88232	2.21592	0.99988	0.01540	0.00022	-0.01540	0.99988	0.00132	-0.00020	-0.00133	1.00000		-1.03748	1.37331	1.04450	0.03753	-0.04475	4.44581	0.15568	0.99699	-0.07752	0.00078	0.07752	0.99699	0.00066	-0.00083	-0.00059	1.00000	
61	0.30500	-5.71022	0.68187	0.63082	0.07378	-0.01458	-0.88139	2.21143	0.99988	0.01538	0.00025	-0.01538	0.99988	0.00129	-0.00023	-0.00129	1.00000		-1.00583	1.36206	1.04354	0.03261	-0.04546	4.44468	0.13864	0.99699	-0.07750	0.00079	0.07750	0.99699	0.00057	-0.00084	-0.00051	1.00000	
62	0.31000	-5.68430	0.69140	0.62633	0.07319	-0.01713	-0.88170	2.22058	0.99988	0.01539	0.00030	-0.01539	0.99988	0.00128	-0.00028	-0.00128	1.00000		-1.03927	1.39152	1.04226	0.03303	-0.04370	4.44488	0.16369	0.99699	-0.07750	0.00076	0.07750	0.99699	0.00058	-0.00081	-0.00052	1.00000	
63	0.31500	-5.69021	0.67982	0.63142	0.07488	-0.01364	-0.88716	2.19050	0.99988	0.01548	0.00024	-0.01548	0.99988	0.00131	-0.00022	-0.00131	1.00000		-1.00658	1.39051	1.04890	0.02984	-0.04407	4.44494	0.16609	0.99699	-0.07750	0.00077	0.07750	0.99699	0.00052	-0.00081	-0.00046	1.00000	
64	0.32000	-5.67886	0.67965	0.62752	0.07382	-0.01319	-0.88529	2.18848	0.99988	0.01545	0.00023	-0.01545	0.99988	0.00129	-0.00021	-0.00129	1.00000		-1.04810	1.41758	1.05139	0.02963	-0.04536	4.44392	0.15598	0.99699	-0.07748	0.00079	0.07748	0.99699	0.00052	-0.00083	-0.00045	1.00000	
65	0.32500	-5.67902	0.69709	0.63617	0.07725	-0.01925	-0.88862	2.19753	0.99988	0.01551	0.00034	-0.01551	0.99988	0.00135	-0.00032	-0.00135	1.00000		-1.04990	1.40625	1.04856	0.02731	-0.04686	4.44425	0.16232	0.99699	-0.07749	0.00082	0.07749	0.99699	0.00048	-0.00085	-0.00041	1.00000	
66	0.33000	-5.69422	0.70974	0.63309	0.07655	-0.01202	-0.88176	2.19507	0.99988	0.01539	0.00021	-0.01539	0.99988	0.00134	-0.00019	-0.00134	1.00000		-1.02883	1.44936	1.07978	0.02920	-0.04709	4.44399	0.15792	0.99699	-0.07748	0.00082	0.07748	0.99699	0.00051	-0.00086	-0.00044	1.00000	
67	0.33500	-5.72593	0.71511	0.64293	0.08053	-0.00612	-0.88814	2.19939	0.99988	0.01550	0.00011	-0.01550	0.99988	0.00141	-0.00009	-0.00141	1.00000		-1.05869	1.43708	1.05586	0.02387	-0.04623	4.44437	0.17559	0.99699	-0.07749	0.00081	0.07749	0.99699	0.00042	-0.00084	-0.00035	1.00000	
68	0.34000	-5.69189	0.68688	0.64023	0.07631	-0.01308	-0.88575	2.20249	0.99988	0.01546	0.00023	-0.01546	0.99988	0.00133	-0.00021	-0.00134	1.00000		-1.05636	1.42121	1.04357	0.02243	-0.04511	4.44414	0.16524	0.99699	-0.07749	0.00079	0.07749	0.99699	0.00039	-0.00082	-0.00033	1.00000	
69	0.34500	-5.66429	0.71387	0.63286	0.08044	-0.01108	-0.88881	2.18351	0.99988	0.01551	0.00019	-0.01551	0.99988	0.00140	-0.00017	-0.00141	1.00000		-1.03978	1.48169	1.07152	0.02605	-0.04979	4.44418	0.15724	0.99699	-0.07749	0.00087	0.07749	0.99699	0.00045	-0.00090	-0.00039	1.00000	
70	0.35000	-5.69067	0.71240	0.63780	0.07920	-0.01115	-0.88879	2.17747	0.99988	0.01551	0.00019	-0.01551	0.99988	0.00138	-0.00017	-0.00139	1.00000		-1.08965	1.44198	1.05229	0.01837	-0.04588	4.44070	0.16950	0.99700	-0.07743	0.00080	0.07743	0.99700	0.00032	-0.00082	-0.00026	1.00000	
71	0.35500	-5.70329	0.70264	0.65535	0.08032	-0.00652	-0.88908	2.18070	0.99988	0.01552	0.00011	-0.01552	0.99988	0.00140	-0.00009	-0.00140	1.00000		-1.00665	1.50277	1.08075	0.02690	-0.05487	4.44064	0.14382	0.99700	-0.07743	0.00096	0.07743	0.99700	0.00047	-0.00099	-0.00039	1.00000	
72	0.36000	-5.67675	0.71314	0.65288	0.08201	-0.00985	-0.89037	2.19181	0.99988	0.01554	0.00017	-0.01554	0.99988	0.00143	-0.00015	-0.00143	1.00000		-1.05447	1.50538	1.07178	0.02340	-0.05146	4.44071	0.15898	0.99700	-0.07743	0.00090	0.07743	0.99700	0.00041	-0.00093	-0.00034	1.00000	
73	0.36500	-5.66224	0.70885	0.63633	0.08246	-0.01471	-0.89085	2.18214	0.99988	0.01555	0.00026	-0.01555	0.99988	0.00144	-0.00023	-0.00144	1.00000		-1.08512	1.51954	1.07555	0.02329	-0.05070	4.44047	0.15060	0.99700	-0.07742	0.00088	0.07742	0.99700	0.00041	-0.00091	-0.00034	1.00000	
74	0.37000	-5.66480	0.70952	0.66434	0.08186	-0.01025	-0.88722	2.18625	0.99988	0.01548	0.00018	-0.01548	0.99988	0.00143	-0.00016	-0.00143	1.00000		-1.04739	1.53752	1.08954	0.02592	-0.05319	4.44315	0.14654	0.99699	-0.07747	0.00093	0.07747	0.99699	0.00045	-0.00096	-0.00038	1.00000	
75	0.37500	-5.69265	0.73191	0.64969	0.08410	-0.00970	-0.88869	2.18951	0.99988	0.01551	0.00017	-0.01551	0.99988	0.00147	-0.00015	-0.00147	1.00000		-1.07676	1.52595	1.07264	0.02316	-0.05094	4.44305	0.14286	0.99699	-0.07747	0.00089	0.07747	0.99699	0.00040	-0.00092	-0.00033	1.00000	
76	0.38000	-5.71135	0.72634	0.66420	0.08493	-0.00662	-0.89108	2.18024	0.99988	0.01555	0.00012	-0.01555	0.99988	0.00148	-0.00009	-0.00148	1.00000		-1.10283	1.53337	1.07487	0.02363	-0.05122	4.44169	0.16245	0.99700	-0.07744	0.00089	0.07744	0.99700	0.00041	-0.00092	-0.00034	1.00000	
77	0.38500	-5.67061	0.71991	0.66779	0.08520	-0.01137	-0.88767	2.17951	0.99988	0.01549	0.00020	-0.01549	0.99988	0.00149	-0.00018	-0.00149	1.00000		-1.02990	1.58523	1.08951	0.02994	-0.05694	4.44170	0.15511	0.99700	-0.07744	0.00099	0.07744	0.99700	0.00052	-0.00103	-0.00044	1.00000	
78	0.39000	-5.69777	0.73424	0.65385	0.08656	-0.00968	-0.89030	2.17836	0.99988	0.01554	0.00017	-0.01554	0.99988	0.00151	-0.00015	-0.00151	1.00000		-1.08328	1.59279	1.06724	0.02704	-0.05272	4.44165	0.17039	0.99700	-0.07744	0.00092	0.07744	0.99700	0.00047	-0.00095	-0.00040	1.00000	
79	0.39500	-5.65432	0.73185	0.64957	0.09108	-0.01129	-0.89510	2.17104	0.99988	0.01562	0.00020	-0.01562	0.99988	0.00159	-0.00017	-0.00159	1.00000		-1.08096	1.57836	1.07180	0.02508	-0.05318	4.44173	0.16821	0.99700	-0.07745	0.00093	0.07744	0.99700	0.00044	-0.00096	-0.00036	1.00000	
80	0.40000	-5.69729	0.73263	0.66135	0.09060	-0.00570	-0.88989	2.18282	0.99988	0.01553	0.00010	-0.01553	0.99988	0.00158	-0.00007	-0.00158	1.00000		-1.06600	1.61680	1.07810	0.03044	-0.05893	4.44074	0.14871	0.99700	-0.07743	0.00103	0.07743	0.99700	0.00053	-0.00107	-0.00045	1.00000	
81	0.40500	-5.66086	0.71781	0.65918	0.08876	-0.01546	-0.89102	2.17690	0.99988	0.01555	0.00027	-0.01555	0.99988	0.00155	-0.00025	-0.00155	1.00000		-1.08435	1.61014	1.06305	0.02866	-0.05799	4.44169	0.14933	0.99700	-0.07744	0.00101	0.07744	0.99700	0.00050	-0.00105	-0.00042	1.00000	
82	0.41000	-5.63373	0.72306	0.65706	0.09242	-0.01667	-0.89058	2.16251	0.99988	0.01554	0.00029	-0.01554	0.99988	0.00161	-0.00027	-0.00162	1.00000		-1.07055	1.65579	1.07205	0.03293	-0.05972	4.43897	0.15029	0.99700	-0.07740	0.00104	0.07740	0.99700	0.00057	-0.00108	-0.00049	1.00000	
83	0.41500	-5.63606	0.72169	0.67048	0.09113	-0.01746	-0.88918	2.16592	0.99988	0.01552	0.00030	-0.01552	0.99988	0.00159	-0.00028	-0.00159	1.00000		-1.06487	1.69346	1.07413	0.03825	-0.06016	4.43895	0.15967	0.99700	-0.07740	0.00105	0.07740	0.99700	0.00067	-0.00110	-0.00058	1.00000	
84	0.42000	-5.65162	0.73509	0.66240	0.09616	-0.01650	-0.89545	2.18043	0.99988	0.01563	0.00029	-0.01563	0.99988	0.00168	-0.00026	-0.00168	1.00000		-1.07867	1.67552	1.06402	0.03868	-0.06016	4.44137	0.14293	0.99700	-0.07744	0.00105	0.07744	0.99700	0.00068	-0.00110	-0.00059	1.00000	
85	0.42500	-5.66887	0.72759	0.66720	0.09627	-0.01288	-0.89343	2.16783	0.99988	0.01559	0.00022	-0.01559	0.99988	0.00168	-0.00020	-0.00168	1.00000		-1.07837	1.68042	1.05029	0.03936	-0.06011	4.44137	0.14426	0.99700	-0.07744	0.00105	0.07744	0.99700	0.00069	-0.00110	-0.00060	1.00000	
86	0.43000	-5.62205	0.74179	0.66132	0.09931	-0.01915	-0.89293	2.18586	0.99988	0.01558	0.00033	-0.01558	0.99988	0.00173	-0.00031	-0.00174	1.00000		-1.03542	1.70777	1.05063	0.04328	-0.06239	4.43975	0.14902	0.99700	-0.07741	0.00109	0.07741	0.99700	0.00076	-0.00114	-0.00067	1.00000	
87	0.43500	-5.64563	0.73775	0.66412	0.10035	-0.01894	-0.89393	2.17434	0.99988	0.01560	0.00033	-0.01560	0.99988	0.00175	-0.00030	-0.00176	1.00000		-1.01904	1.73998	1.05650	0.04882	-0.06634	4.43972	0.13787	0.99700	-0.07741	0.00116	0.07741	0.99700	0.00085	-0.00122	-0.00076	1.00000	
88	0.44000	-5.65424	0.74830	0.65914	0.10330	-0.02011	-0.89327	2.17699	0.99988	0.01559	0.00035	-0.01559	0.99988	0.00180	-0.00032	-0.00181	1.00000		-1.09386	1.72282	1.03233	0.04658	-0.06165	4.43986	0.15810	0.99700	-0.07741	0.00108	0.07741	0.99700	0.00081	-0.00114	-0.00073	1.00000	
89	0.44500	-5.62960	0.71934	0.67121	0.10211	-0.02045	-0.89564	2.15653	0.99988	0.01563	0.00036	-0.01563	0.99988	0.00178	-0.00033	-0.00179	1.00000		-1.08164	1.75421	1.03307	0.05213	-0.06095	4.44086	0.17665	0.99700	-0.07743	0.00106	0.07743	0.99700	0.00091	-0.00113	-0.00082	1.00000	
90	0.45000	-5.67069	0.75425	0.65482	0.10669	-0.01700	-0.89429	2.14989	0.99988	0.01561	0.00030	-0.01561	0.99988	0.00186	-0.00027	-0.00187	1.00000		-1.05927	1.77185	1.02800	0.05575	-0.06584	4.44095	0.16338	0.99700	-0.07743	0.00115	0.07743	0.99700	0.00097	-0.00122	-0.00088	1.00000	
91	0.45500	-5.65842	0.74247	0.65351	0.10803	-0.01929	-0.88937	2.15148	0.99988	0.01552	0.00034	-0.01552	0.99988	0.00189	-0.00031	-0.00189	1.00000		-1.06036	1.78615	1.02496	0.05773	-0.06558	4.44090	0.16632	0.99700	-0.07743	0.00114	0.07743	0.99700	0.00101	-0.00122	-0.00092	1.00000	
92	0.46000	-5.63081	0.74650	0.65041	0.11124	-0.02236	-0.89337	2.16413	0.99988	0.01559	0.00039	-0.01559	0.99988	0.00194	-0.00036	-0.00195	1.00000		-1.04681	1.79791	1.00577	0.06115	-0.06773	4.44056	0.14352	0.99700	-0.07742	0.00118	0.07742	0.99700	0.00107	-0.00126	-0.00097	1.00000	
93	0.46500	-5.62203	0.74500	0.64943	0.11269	-0.02198	-0.89688	2.15002	0.99988	0.01565	0.00038	-0.01565	0.99988	0.00197	-0.00035	-0.00197	1.00000		-1.07699	1.80807	0.99324	0.06296	-0.06537	4.44002	0.17008	0.99700	-0.07742	0.00114	0.07741	0.99700	0.00110	-0.00122	-0.00101	1.00000	
94	0.47000	-5.57980	0.71770	0.64966	0.10860	-0.02968	-0.89031	2.16124	0.99988	0.01554	0.00052	-0.01554	0.99988	0.00190	-0.00049	-0.00190	1.00000		-1.06627	1.80480	0.99441	0.06738	-0.06505	4.44247	0.16424	0.99699	-0.07746	0.00114	0.07746	0.99699	0.00118	-0.00122	-0.00108	1.00000	
95	0.47500	-5.59103	0.71897	0.65064	0.11065	-0.02559	-0.89608	2.14091	0.99988	0.01564	0.00045	-0.01564	0.99988	0.00193	-0.00042	-0.00194	1.00000		-1.06143	1.82978	0.99775	0.07066	-0.06865	4.43703	0.14641	0.99700	-0.07736	0.00120	0.07736	0.99700	0.00123	-0.00129	-0.00114	1.00000	
96	0.48000	-5.61076	0.72778	0.63278	0.11744	-0.02550	-0.89745	2.15051	0.99988	0.01566	0.00045	-0.01566	0.99988	0.00205	-0.00041	-0.00206	1.00000		-1.08638	1.85029	0.97620	0.07654	-0.06632	4.44036	0.14857	0.99700	-0.07742	0.00116	0.07742	0.99700	0.00134	-0.00126	-0.00124	1.00000	
97	0.48500	-5.59611	0.75393	0.64005	0.12100	-0.02812	-0.89521	2.16336	0.99988	0.01562	0.00049	-0.01562	0.99988	0.00211	-0.00046	-0.00212	1.00000		-1.03768	1.86222	0.97012	0.08209	-0.06971	4.44028	0.13711	0.99700	-0.07742	0.00122	0.07742	0.99700	0.00143	-0.00132	-0.00133	1.00000	
98	0.49000	-5.57522	0.73124	0.64445	0.12142	-0.03565	-0.89704	2.16896	0.99988	0.01566	0.00062	-0.01566	0.99988	0.00212	-0.00059	-0.00213	1.00000		-1.08292	1.85176	0.95118	0.08194	-0.06736	4.44057	0.16006	0.99700	-0.07742	0.00118	0.07742	0.99700	0.00143	-0.00128	-0.00133	1.00000	
99	0.49500	-5.59326	0.73661	0.63280	0.12334	-0.03139	-0.90083	2.14785	0.99988	0.01572	0.00055	-0.01572	0.99987	0.00215	-0.00051	-0.00216	1.00000		-1.04517	1.89784	0.94569	0.08923	-0.07080	4.43862	0.14601	0.99700	-0.07739	0.00124	0.07739	0.99700	0.00156	-0.00135	-0.00146	1.00000	
100	0.50000	-5.58390	0.72837	0.63803	0.12187	-0.03450	-0.89259	2.17166	0.99988	0.01558	0.00060	-0.01558	0.99988	0.00213	-0.00057	-0.00214	1.00000		-1.03404	1.91641	0.95556	0.09537	-0.07335	4.44255	0.15751	0.99699	-0.07746	0.00128	0.07746	0.99699	0.00166	-0.00141	-0.00156	1.00000	
101	0.50500	-5.58950	0.73143	0.64262	0.12524	-0.03776	-0.89647	2.14653	0.99988	0.01565	0.00066	-0.01565	0.99988	0.00219	-0.00062	-0.00220	1.00000		-1.04309	1.94141	0.94399	0.10158	-0.07283	4.43968	0.15973	0.99700	-0.07741	0.00127	0.07741	0.99700	0.00177	-0.00140	-0.00167	1.00000	
102	0.51000	-5.57798	0.74157	0.62244	0.12961	-0.03600	-0.89492	2.15146	0.99988	0.01562	0.00063	-0.01562	0.99988	0.00226	-0.00059	-0.00227	1.00000		-1.03030	1.95291	0.94030	0.10409	-0.07280	4.43951	0.15783	0.99700	-0.07741	0.00127	0.07740	0.99700	0.00182	-0.00141	-0.00171	1.00000	
103	0.51500	-5.55845	0.71594	0.62823	0.12600	-0.04062	-0.89533	2.13138	0.99988	0.01563	0.00071	-0.01563	0.99988	0.00220	-0.00067	-0.00221	1.00000		-1.04565	1.92026	0.90001	0.10551	-0.06963	4.44043	0.16421	0.99700	-0.07742	0.00122	0.07742	0.99700	0.00184	-0.00135	-0.00174	1.00000	
104	0.52000	-5.58477	0.72599	0.61678	0.13013	-0.03915	-0.89336	2.15474	0.99988	0.01559	0.00068	-0.01559	0.99988	0.00227	-0.00065	-0.00228	1.00000		-1.04408	1.96406	0.90917	0.11270	-0.07496	4.44112	0.13474	0.99700	-0.07743	0.00131	0.07743	0.99700	0.00197	-0.00146	-0.00186	1.00000	
105	0.52500	-5.54568	0.70476	0.63394	0.12859	-0.04592	-0.89356	2.13912	0.99988	0.01559	0.00080	-0.01560	0.99988	0.00224	-0.00077	-0.00226	1.00000		-1.07821	1.93281	0.85488	0.10953	-0.06715	4.44037	0.12100	0.99700	-0.07742	0.00117	0.07742	0.99700	0.00191	-0.00132	-0.00182	1.00000	
106	0.53000	-5.53646	0.71857	0.61060	0.13230	-0.05061	-0.89256	2.15003	0.99988	0.01558	0.00088	-0.01558	0.99988	0.00231	-0.00085	-0.00232	1.00000		-1.06190	1.95490	0.84993	0.11737	-0.07120	4.44191	0.14577	0.99700	-0.07745	0.00124	0.07745	0.99699	0.00205	-0.00140	-0.00195	1.00000	
107	0.53500	-5.55406	0.71422	0.62768	0.13333	-0.04832	-0.89587	2.14846	0.99988	0.01564	0.00084	-0.01564	0.99988	0.00233	-0.00081	-0.00234	1.00000		-1.09404	1.93383	0.83435	0.11826	-0.06557	4.44181	0.16533	0.99700	-0.07745	0.00114	0.07744	0.99699	0.00206	-0.00130	-0.00197	1.00000	
108	0.54000	-5.51515	0.70697	0.61845	0.13666	-0.05125	-0.89358	2.14723	0.99988	0.01560	0.00089	-0.01560	0.99988	0.00239	-0.00086	-0.00240	1.00000		-1.11942	1.93237	0.80911	0.12083	-0.06665	4.43978	0.13966	0.99700	-0.07741	0.00116	0.07741	0.99700	0.00211	-0.00132	-0.00201	1.00000	
109	0.54500	-5.57821	0.71891	0.60535	0.14021	-0.04965	-0.89796	2.15172	0.99988	0.01567	0.00087	-0.01567	0.99987	0.00245	-0.00083	-0.00246	1.00000		-1.08310	1.95513	0.81328	0.12712	-0.06971	4.44067	0.13289	0.99700	-0.07743	0.00122	0.07742	0.99700	0.00222	-0.00138	-0.00212	1.00000	
110	0.55000	-5.53757	0.71611	0.61902	0.14004	-0.05150	-0.89091	2.15452	0.99988	0.01555	0.00090	-0.01555	0.99988	0.00244	-0.00086	-0.00246	1.00000		-1.06992	1.92088	0.78609	0.12704	-0.06650	4.44226	0.13655	0.99700	-0.07745	0.00116	0.07745	0.99699	0.00222	-0.00133	-0.00212	1.00000	
111	0.55500	-5.52618	0.72318	0.60274	0.14205	-0.05826	-0.89422	2.14110	0.99988	0.01561	0.00102	-0.01561	0.99988	0.00248	-0.00098	-0.00249	1.00000		-1.08111	1.95274	0.77037	0.13358	-0.06711	4.44054	0.14462	0.99700	-0.07742	0.00117	0.07742	0.99700	0.00233	-0.00135	-0.00223	1.00000	
112	0.56000	-5.53496	0.70039	0.60482	0.14212	-0.05961	-0.89508	2.16078	0.99988	0.01562	0.00104	-0.01562	0.99987	0.00248	-0.00100	-0.00250	1.00000		-1.11790	1.93073	0.75674	0.13381	-0.06601	4.44170	0.15392	0.99700	-0.07744	0.00115	0.07744	0.99699	0.00234	-0.00133	-0.00224	1.00000	
113	0.56500	-5.50931	0.70348	0.59311	0.14336	-0.06315	-0.89174	2.15562	0.99988	0.01556	0.00110	-0.01557	0.99988	0.00250	-0.00106	-0.00252	1.00000		-1.08101	1.93166	0.74782	0.13868	-0.06587	4.44236	0.14580	0.99700	-0.07746	0.00115	0.07745	0.99699	0.00242	-0.00133	-0.00232	1.00000	
114	0.57000	-5.52430	0.70880	0.59190	0.14455	-0.06147	-0.89680	2.14408	0.99988	0.01565	0.00107	-0.01565	0.99987	0.00252	-0.00103	-0.00254	1.00000		-1.10942	1.91765	0.72579	0.13973	-0.06640	4.44152	0.14407	0.99700	-0.07744	0.00116	0.07744	0.99699	0.00244	-0.00134	-0.00234	1.00000	
115	0.57500	-5.52454	0.68371	0.61472	0.14331	-0.06477	-0.89316	2.15045	0.99988	0.01559	0.00113	-0.01559	0.99988	0.00250	-0.00109	-0.00252	1.00000		-1.08094	1.93476	0.71163	0.14614	-0.06644	4.44320	0.14200	0.99699	-0.07747	0.00116	0.07747	0.99699	0.00255	-0.00135	-0.00245	1.00000	
116	0.58000	-5.50777	0.69296	0.59747	0.14308	-0.06734	-0.88950	2.15568	0.99988	0.01552	0.00118	-0.01553	0.99988	0.00250	-0.00114	-0.00252	1.00000		-1.10631	1.93451	0.69500	0.14986	-0.06566	4.44205	0.13446	0.99700	-0.07745	0.00115	0.07745	0.99699	0.00262	-0.00135	-0.00252	1.00000	
117	0.58500	-5.52130	0.69794	0.58394	0.14587	-0.06956	-0.88878	2.16880	0.99988	0.01551	0.00121	-0.01551	0.99988	0.00255	-0.00117	-0.00256	1.00000		-1.11459	1.93546	0.68424	0.15190	-0.06341	4.43946	0.15804	0.99700	-0.07741	0.00111	0.07740	0.99700	0.00265	-0.00131	-0.00256	1.00000	
118	0.59000	-5.51260	0.67960	0.57961	0.14664	-0.07214	-0.89302	2.15885	0.99988	0.01559	0.00126	-0.01559	0.99988	0.00256	-0.00122	-0.00258	1.00000		-1.11626	1.94096	0.68584	0.15702	-0.06625	4.44392	0.13468	0.99699	-0.07748	0.00116	0.07748	0.99699	0.00274	-0.00137	-0.00264	1.00000	
119	0.59500	-5.46979	0.67132	0.58863	0.14629	-0.07345	-0.88960	2.15653	0.99988	0.01553	0.00128	-0.01553	0.99988	0.00255	-0.00124	-0.00257	1.00000		-1.10112	1.93878	0.66986	0.16054	-0.06770	4.44121	0.12927	0.99700	-0.07744	0.00118	0.07743	0.99699	0.00280	-0.00140	-0.00270	1.00000	
120	0.60000	-5.52567	0.67699	0.57564	0.14810	-0.07220	-0.88772	2.16157	0.99988	0.01549	0.00126	-0.01550	0.99988	0.00258	-0.00122	-0.00260	1.00000		-1.11116	1.90047	0.63170	0.15825	-0.06448	4.44397	0.14055	0.99699	-0.07748	0.00113	0.07748	0.99699	0.00276	-0.00134	-0.00267	1.00000	
121	0.60500	-5.49523	0.66085	0.57663	0.14835	-0.07721	-0.89159	2.15946	0.99988	0.01556	0.00135	-0.01556	0.99988	0.00259	-0.00131	-0.00261	1.00000		-1.11671	1.90591	0.61639	0.16193	-0.06446	4.44211	0.13760	0.99700	-0.07745	0.00112	0.07745	0.99699	0.00283	-0.00134	-0.00273	1.00000	
122	0.61000	-5.47119	0.65990	0.56864	0.14927	-0.08038	-0.89161	2.16501	0.99988	0.01556	0.00140	-0.01556	0.99988	0.00261	-0.00136	-0.00263	1.00000		-1.12581	1.89938	0.62735	0.16530	-0.06549	4.44245	0.15250	0.99699	-0.07746	0.00114	0.07745	0.99699	0.00288	-0.00136	-0.00279	1.00000	
123	0.61500	-5.48645	0.65937	0.56857	0.14959	-0.08028	-0.89172	2.16165	0.99988	0.01556	0.00140	-0.01557	0.99988	0.00261	-0.00136	-0.00263	1.00000		-1.11265	1.86342	0.60284	0.16522	-0.06581	4.44506	0.13776	0.99699	-0.07750	0.00115	0.07750	0.99699	0.00288	-0.00137	-0.00279	1.00000	
124	0.62000	-5.47866	0.65320	0.57729	0.14976	-0.07979	-0.89379	2.15533	0.99988	0.01560	0.00139	-0.01560	0.99987	0.00261	-0.00135	-0.00264	1.00000		-1.11377	1.87588	0.60243	0.16970	-0.06284	4.44223	0.15468	0.99700	-0.07745	0.00110	0.07745	0.99699	0.00296	-0.00132	-0.00287	0.99999	
125	0.62500	-5.50255	0.66188	0.57139	0.15122	-0.07849	-0.88978	2.17387	0.99988	0.01553	0.00137	-0.01553	0.99988	0.00264	-0.00133	-0.00266	1.00000		-1.07863	1.87134	0.58849	0.17218	-0.06598	4.44319	0.14060	0.99699	-0.07747	0.00115	0.07747	0.99699	0.00301	-0.00138	-0.00291	0.99999	
126	0.63000	-5.47120	0.65588	0.56649	0.14857	-0.09102	-0.88744	2.16132	0.99988	0.01549	0.00159	-0.01549	0.99988	0.00259	-0.00155	-0.00262	1.00000		-1.07279	1.86583	0.56828	0.17549	-0.06662	4.44591	0.13935	0.99699	-0.07752	0.00116	0.07751	0.99699	0.00306	-0.00140	-0.00296	0.99999	
127	0.63500	-5.46358	0.64131	0.56871	0.14907	-0.09003	-0.88751	2.15678	0.99988	0.01549	0.00157	-0.01549	0.99988	0.00260	-0.00153	-0.00263	1.00000		-1.09444	1.84538	0.56591	0.17674	-0.06611	4.44609	0.14936	0.99699	-0.07752	0.00115	0.07752	0.99699	0.00308	-0.00139	-0.00299	0.99999	
128	0.64000	-5.51035	0.63886	0.56284	0.14751	-0.08644	-0.88970	2.16481	0.99988	0.01553	0.00151	-0.01553	0.99988	0.00257	-0.00147	-0.00260	1.00000		-1.13127	1.84622	0.53974	0.17688	-0.06339	4.44426	0.15440	0.99699	-0.07749	0.00111	0.07749	0.99699	0.00309	-0.00134	-0.00299	0.99999	
129	0.64500	-5.48052	0.62211	0.56640	0.14540	-0.09353	-0.88768	2.16916	0.99988	0.01549	0.00163	-0.01550	0.99988	0.00254	-0.00159	-0.00256	1.00000		-1.07942	1.85810	0.54519	0.18248	-0.06720	4.44423	0.14212	0.99699	-0.07749	0.00117	0.07748	0.99699	0.00318	-0.00142	-0.00308	0.99999	
130	0.65000	-5.46514	0.62233	0.55029	0.14930	-0.09382	-0.88712	2.16219	0.99988	0.01548	0.00164	-0.01549	0.99988	0.00261	-0.00160	-0.00263	1.00000		-1.11523	1.80583	0.52187	0.17910	-0.06509	4.44429	0.14253	0.99699	-0.07749	0.00114	0.07749	0.99699	0.00313	-0.00137	-0.00303	0.99999	
131	0.65500	-5.49292	0.63320	0.54958	0.14959	-0.09466	-0.88295	2.16080	0.99988	0.01541	0.00165	-0.01541	0.99988	0.00261	-0.00161	-0.00264	1.00000		-1.06017	1.82159	0.52777	0.18241	-0.06831	4.44692	0.12996	0.99699	-0.07754	0.00119	0.07753	0.99698	0.00318	-0.00144	-0.00308	0.99999	
132	0.66000	-5.47919	0.61945	0.55595	0.14638	-0.09414	-0.88463	2.15545	0.99988	0.01544	0.00164	-0.01544	0.99988	0.00255	-0.00160	-0.00258	1.00000		-1.12330	1.83179	0.51122	0.18459	-0.06660	4.44144	0.13162	0.99700	-0.07744	0.00116	0.07744	0.99699	0.00322	-0.00141	-0.00312	0.99999	
133	0.66500	-5.45137	0.61650	0.55827	0.14483	-0.09776	-0.88489	2.16492	0.99988	0.01544	0.00171	-0.01545	0.99988	0.00253	-0.00167	-0.00255	1.00000		-1.08789	1.80378	0.51220	0.18593	-0.06981	4.44436	0.12440	0.99699	-0.07749	0.00122	0.07749	0.99699	0.00325	-0.00147	-0.00314	0.99999	
134	0.67000	-5.48643	0.61215	0.55856	0.14434	-0.10204	-0.88582	2.16664	0.99988	0.01546	0.00178	-0.01546	0.99988	0.00252	-0.00174	-0.00255	1.00000		-1.07504	1.82078	0.50321	0.18950	-0.06935	4.44542	0.14099	0.99699	-0.07751	0.00121	0.07750	0.99699	0.00331	-0.00146	-0.00320	0.99999	
135	0.67500	-5.46743	0.60269	0.54749	0.14312	-0.10019	-0.88509	2.16751	0.99988	0.01545	0.00175	-0.01545	0.99988	0.00250	-0.00171	-0.00252	1.00000		-1.05984	1.76576	0.47830	0.18584	-0.06826	4.44743	0.15188	0.99699	-0.07754	0.00119	0.07754	0.99698	0.00324	-0.00144	-0.00314	0.99999	
136	0.68000	-5.43639	0.58458	0.55360	0.14143	-0.10933	-0.87961	2.18540	0.99988	0.01535	0.00191	-0.01536	0.99988	0.00247	-0.00187	-0.00250	1.00000		-1.06849	1.75241	0.47137	0.18602	-0.06598	4.44577	0.16730	0.99699	-0.07752	0.00115	0.07751	0.99699	0.00325	-0.00140	-0.00315	0.99999	
137	0.68500	-5.46552	0.59330	0.54117	0.13998	-0.10548	-0.88096	2.17321	0.99988	0.01537	0.00184	-0.01538	0.99988	0.00244	-0.00180	-0.00247	1.00000		-1.11721	1.73428	0.46231	0.18455	-0.06728	4.44494	0.15384	0.99699	-0.07750	0.00117	0.07750	0.99699	0.00322	-0.00142	-0.00312	0.99999	
138	0.69000	-5.43694	0.59652	0.56322	0.14064	-0.10830	-0.88358	2.17397	0.99988	0.01542	0.00189	-0.01543	0.99988	0.00245	-0.00185	-0.00248	1.00000		-1.07738	1.73907	0.46615	0.18714	-0.06653	4.44826	0.14591	0.99699	-0.07756	0.00116	0.07755	0.99698	0.00327	-0.00141	-0.00317	0.99999	
139	0.69500	-5.48404	0.60009	0.54675	0.14070	-0.10266	-0.88011	2.17812	0.99988	0.01536	0.00179	-0.01536	0.99988	0.00246	-0.00175	-0.00248	1.00000		-1.06514	1.74033	0.44847	0.18937	-0.07119	4.44493	0.14101	0.99699	-0.07750	0.00124	0.07750	0.99699	0.00331	-0.00149	-0.00320	0.99999	
140	0.70000	-5.45279	0.57578	0.54070	0.13236	-0.11476	-0.88031	2.17550	0.99988	0.01536	0.00200	-0.01537	0.99988	0.00231	-0.00197	-0.00234	1.00000		-1.07253	1.73186	0.44057	0.18808	-0.07028	4.44483	0.13752	0.99699	-0.07750	0.00123	0.07749	0.99699	0.00328	-0.00148	-0.00318	0.99999	
