NO_OF_FRAMES	1645
NO_OF_CAMERAS	8
NO_OF_BODIES	2
FREQUENCY	200
NO_OF_ANALOG	0
ANALOG_FREQUENCY	0
DESCRIPTION	--
TIME_STAMP	2013-07-05, 14:19:40	193194.06876617
DATA_INCLUDED	6D
BODY_NAMES	Ice 2 V2	Ice 3
Frame	Time	Ice 2 V2 X	Y	Z	Roll	Pitch	Yaw	Residual	Rot[0]	Rot[1]	Rot[2]	Rot[3]	Rot[4]	Rot[5]	Rot[6]	Rot[7]	Rot[8]	Ice 3 X	Y	Z	Roll	Pitch	Yaw	Residual	Rot[0]	Rot[1]	Rot[2]	Rot[3]	Rot[4]	Rot[5]	Rot[6]	Rot[7]	Rot[8]	
1	0.00500	-4.62201	21.22334	1.09338	-0.63740	0.19530	-7.80585	1.65004	0.99073	0.13582	-0.00341	-0.13585	0.99067	-0.01112	0.00187	0.01148	0.99993		1.18265	5.15841	1.70775	-0.38439	0.33007	-10.09355	0.42926	0.98451	0.17525	-0.00576	-0.17529	0.98449	-0.00671	0.00450	0.00761	0.99996	
2	0.01000	-4.63653	21.22477	1.04412	-0.67353	0.20151	-7.79134	1.60247	0.99076	0.13557	-0.00352	-0.13560	0.99069	-0.01175	0.00189	0.01212	0.99992		1.15194	5.18827	1.66808	-0.40108	0.32302	-10.09424	0.43676	0.98451	0.17526	-0.00564	-0.17530	0.98449	-0.00700	0.00432	0.00788	0.99996	
3	0.01500	-4.63821	21.25570	1.02816	-0.70111	0.20882	-7.78517	1.59386	0.99078	0.13546	-0.00364	-0.13549	0.99070	-0.01224	0.00195	0.01262	0.99992		1.15159	5.22885	1.63439	-0.40936	0.31293	-10.09625	0.43646	0.98450	0.17530	-0.00546	-0.17534	0.98448	-0.00714	0.00412	0.00799	0.99996	
4	0.02000	-4.65106	21.30134	1.01308	-0.72747	0.21728	-7.78474	1.55233	0.99078	0.13545	-0.00379	-0.13549	0.99070	-0.01270	0.00204	0.01309	0.99991		1.15936	5.27730	1.60298	-0.41984	0.30448	-10.09953	0.44601	0.98449	0.17536	-0.00531	-0.17539	0.98447	-0.00733	0.00395	0.00815	0.99996	
5	0.02500	-4.64165	21.35286	0.99497	-0.74987	0.22901	-7.78216	1.55397	0.99078	0.13541	-0.00400	-0.13545	0.99070	-0.01309	0.00219	0.01351	0.99991		1.18487	5.34501	1.57138	-0.42738	0.29241	-10.09971	0.44411	0.98449	0.17536	-0.00510	-0.17539	0.98447	-0.00746	0.00372	0.00824	0.99996	
6	0.03000	-4.65908	21.38482	0.98761	-0.77404	0.23659	-7.77714	1.53866	0.99079	0.13532	-0.00413	-0.13536	0.99070	-0.01351	0.00226	0.01394	0.99990		1.18734	5.40059	1.53107	-0.43685	0.27943	-10.10131	0.44930	0.98449	0.17539	-0.00488	-0.17542	0.98446	-0.00762	0.00346	0.00836	0.99996	
7	0.03500	-4.68172	21.44931	0.96783	-0.79507	0.24554	-7.77076	1.52700	0.99081	0.13521	-0.00429	-0.13526	0.99071	-0.01388	0.00237	0.01433	0.99989		1.18966	5.46366	1.46983	-0.44272	0.26895	-10.10184	0.44931	0.98449	0.17540	-0.00469	-0.17543	0.98446	-0.00773	0.00327	0.00843	0.99996	
8	0.04000	-4.72349	21.49567	0.96337	-0.81493	0.25809	-7.76762	1.53587	0.99081	0.13515	-0.00450	-0.13521	0.99072	-0.01422	0.00254	0.01470	0.99989		1.24891	5.53610	1.43412	-0.44806	0.25209	-10.10362	0.45002	0.98448	0.17543	-0.00440	-0.17546	0.98446	-0.00782	0.00296	0.00847	0.99996	
9	0.04500	-4.74733	21.53994	0.93096	-0.83095	0.26853	-7.77279	1.51195	0.99080	0.13524	-0.00469	-0.13530	0.99070	-0.01450	0.00268	0.01500	0.99988		1.19599	5.59557	1.39210	-0.45399	0.23824	-10.10782	0.45344	0.98447	0.17550	-0.00416	-0.17553	0.98444	-0.00792	0.00270	0.00853	0.99996	
10	0.05000	-4.75580	21.60715	0.92138	-0.84632	0.27510	-7.76656	1.50794	0.99082	0.13514	-0.00480	-0.13519	0.99071	-0.01477	0.00276	0.01528	0.99988		1.22675	5.67729	1.35247	-0.45863	0.22133	-10.10766	0.46210	0.98447	0.17550	-0.00386	-0.17552	0.98444	-0.00800	0.00240	0.00856	0.99996	
11	0.05500	-4.74749	21.65938	0.91114	-0.86048	0.28165	-7.76135	1.51208	0.99083	0.13505	-0.00492	-0.13511	0.99072	-0.01502	0.00284	0.01554	0.99988		1.24634	5.73626	1.31590	-0.46286	0.20714	-10.10854	0.47021	0.98447	0.17551	-0.00362	-0.17554	0.98444	-0.00808	0.00214	0.00859	0.99996	
12	0.06000	-4.78023	21.73043	0.87569	-0.87034	0.28317	-7.76515	1.51757	0.99082	0.13511	-0.00494	-0.13517	0.99071	-0.01519	0.00284	0.01572	0.99987		1.27770	5.80065	1.26642	-0.46469	0.18823	-10.10837	0.46097	0.98447	0.17551	-0.00329	-0.17553	0.98444	-0.00811	0.00181	0.00856	0.99996	
13	0.06500	-4.79432	21.79622	0.85976	-0.88025	0.29450	-7.76303	1.51628	0.99082	0.13507	-0.00514	-0.13514	0.99071	-0.01536	0.00302	0.01592	0.99987		1.25990	5.88376	1.22398	-0.46520	0.17281	-10.10673	0.48228	0.98448	0.17548	-0.00302	-0.17550	0.98445	-0.00812	0.00154	0.00852	0.99996	
14	0.07000	-4.78423	21.86457	0.84481	-0.88538	0.29650	-7.76353	1.51808	0.99082	0.13508	-0.00517	-0.13515	0.99070	-0.01545	0.00304	0.01601	0.99987		1.29269	5.94399	1.17285	-0.46818	0.15592	-10.10818	0.47210	0.98447	0.17551	-0.00272	-0.17552	0.98444	-0.00817	0.00124	0.00852	0.99996	
15	0.07500	-4.83577	21.93694	0.80972	-0.88935	0.30568	-7.76794	1.51324	0.99081	0.13516	-0.00534	-0.13523	0.99069	-0.01552	0.00319	0.01610	0.99987		1.27965	6.04218	1.13612	-0.46504	0.13444	-10.11405	0.46836	0.98446	0.17561	-0.00235	-0.17562	0.98442	-0.00812	0.00088	0.00840	0.99996	
16	0.08000	-4.83673	22.01717	0.79987	-0.89184	0.30967	-7.76679	1.52667	0.99081	0.13514	-0.00540	-0.13521	0.99069	-0.01556	0.00325	0.01615	0.99986		1.32120	6.09881	1.08249	-0.46335	0.11799	-10.11144	0.47683	0.98447	0.17556	-0.00206	-0.17557	0.98443	-0.00809	0.00061	0.00832	0.99997	
17	0.08500	-4.86182	22.07988	0.76690	-0.89386	0.31653	-7.77118	1.53721	0.99080	0.13522	-0.00552	-0.13529	0.99068	-0.01560	0.00336	0.01620	0.99986		1.32636	6.18222	1.03203	-0.46232	0.09739	-10.11643	0.47825	0.98445	0.17565	-0.00170	-0.17566	0.98442	-0.00807	0.00026	0.00824	0.99997	
18	0.09000	-4.86954	22.17434	0.74372	-0.89081	0.32113	-7.77070	1.54461	0.99080	0.13521	-0.00560	-0.13528	0.99069	-0.01555	0.00345	0.01616	0.99986		1.31160	6.24823	0.97675	-0.46110	0.07841	-10.11461	0.47853	0.98446	0.17562	-0.00137	-0.17562	0.98442	-0.00805	-0.00007	0.00816	0.99997	
19	0.09500	-4.84978	22.24960	0.73275	-0.88558	0.32574	-7.77520	1.55408	0.99079	0.13528	-0.00569	-0.13536	0.99068	-0.01546	0.00354	0.01608	0.99986		1.35590	6.33987	0.91707	-0.45618	0.05533	-10.11742	0.47643	0.98445	0.17567	-0.00097	-0.17567	0.98442	-0.00796	-0.00045	0.00801	0.99997	
20	0.10000	-4.86955	22.35197	0.69506	-0.88088	0.32811	-7.77780	1.56449	0.99078	0.13533	-0.00573	-0.13540	0.99067	-0.01537	0.00359	0.01601	0.99987		1.35301	6.42565	0.88119	-0.44984	0.03466	-10.11929	0.47017	0.98444	0.17570	-0.00060	-0.17570	0.98441	-0.00785	-0.00078	0.00784	0.99997	
21	0.10500	-4.88473	22.42081	0.68018	-0.87396	0.33289	-7.78459	1.57426	0.99077	0.13545	-0.00581	-0.13552	0.99066	-0.01525	0.00369	0.01590	0.99987		1.39693	6.50360	0.83864	-0.44318	0.01227	-10.12194	0.46505	0.98444	0.17574	-0.00021	-0.17574	0.98441	-0.00773	-0.00115	0.00765	0.99997	
22	0.11000	-4.91337	22.50608	0.65959	-0.86699	0.33580	-7.78561	1.59078	0.99076	0.13546	-0.00586	-0.13554	0.99066	-0.01513	0.00376	0.01579	0.99987		1.37437	6.60056	0.78035	-0.43547	-0.00477	-10.11992	0.47817	0.98444	0.17571	0.00008	-0.17570	0.98441	-0.00760	-0.00142	0.00747	0.99997	
23	0.11500	-4.89233	22.59191	0.61832	-0.85752	0.32912	-7.78912	1.59845	0.99076	0.13553	-0.00574	-0.13560	0.99065	-0.01497	0.00366	0.01561	0.99987		1.39392	6.65309	0.72888	-0.43003	-0.02661	-10.12077	0.47738	0.98444	0.17572	0.00046	-0.17572	0.98441	-0.00751	-0.00178	0.00731	0.99997	
24	0.12000	-4.89223	22.66361	0.60228	-0.84609	0.33364	-7.79303	1.60420	0.99075	0.13559	-0.00582	-0.13567	0.99064	-0.01477	0.00377	0.01542	0.99987		1.46488	6.75217	0.68653	-0.41937	-0.05251	-10.12169	0.47584	0.98444	0.17574	0.00092	-0.17573	0.98441	-0.00732	-0.00219	0.00704	0.99997	
25	0.12500	-4.89989	22.77333	0.57933	-0.83185	0.33519	-7.79184	1.61706	0.99075	0.13557	-0.00585	-0.13564	0.99065	-0.01452	0.00383	0.01518	0.99988		1.45688	6.81139	0.64626	-0.41450	-0.07289	-10.12454	0.46551	0.98443	0.17579	0.00127	-0.17577	0.98440	-0.00723	-0.00252	0.00690	0.99997	
26	0.13000	-4.90459	22.86141	0.56516	-0.81502	0.33794	-7.80186	1.61523	0.99073	0.13575	-0.00590	-0.13582	0.99063	-0.01422	0.00391	0.01489	0.99988		1.49007	6.88775	0.58429	-0.40201	-0.09350	-10.12384	0.47506	0.98443	0.17578	0.00163	-0.17576	0.98441	-0.00702	-0.00284	0.00662	0.99997	
27	0.13500	-4.95544	22.95107	0.54251	-0.80145	0.33889	-7.80228	1.65102	0.99073	0.13575	-0.00591	-0.13582	0.99063	-0.01399	0.00396	0.01466	0.99988		1.50048	6.98601	0.53197	-0.38867	-0.11515	-10.12402	0.47205	0.98443	0.17578	0.00201	-0.17576	0.98441	-0.00678	-0.00317	0.00632	0.99997	
28	0.14000	-4.92811	23.04939	0.51831	-0.78485	0.33385	-7.80394	1.65861	0.99072	0.13578	-0.00583	-0.13585	0.99063	-0.01370	0.00391	0.01436	0.99989		1.52998	7.06165	0.48604	-0.37869	-0.13597	-10.12313	0.48164	0.98443	0.17576	0.00237	-0.17574	0.98441	-0.00661	-0.00350	0.00609	0.99998	
29	0.14500	-4.97158	23.14934	0.51571	-0.76177	0.33569	-7.80795	1.69309	0.99071	0.13585	-0.00586	-0.13592	0.99063	-0.01329	0.00400	0.01397	0.99989		1.57609	7.13740	0.43244	-0.36712	-0.15685	-10.12363	0.47255	0.98443	0.17577	0.00274	-0.17575	0.98441	-0.00641	-0.00382	0.00583	0.99998	
30	0.15000	-4.99722	23.27666	0.46973	-0.73689	0.33721	-7.81612	1.69012	0.99069	0.13599	-0.00589	-0.13606	0.99062	-0.01286	0.00408	0.01354	0.99990		1.56128	7.25795	0.39434	-0.35021	-0.17835	-10.12403	0.48445	0.98442	0.17578	0.00311	-0.17576	0.98441	-0.00611	-0.00414	0.00547	0.99998	
31	0.15500	-4.99790	23.36485	0.45373	-0.71536	0.33229	-7.82432	1.70890	0.99067	0.13613	-0.00580	-0.13620	0.99060	-0.01248	0.00405	0.01316	0.99991		1.56728	7.29376	0.33172	-0.34084	-0.19429	-10.12465	0.48149	0.98442	0.17579	0.00339	-0.17577	0.98441	-0.00595	-0.00438	0.00526	0.99998	
32	0.16000	-4.99561	23.45902	0.42982	-0.69201	0.32845	-7.82799	1.72715	0.99067	0.13620	-0.00573	-0.13626	0.99060	-0.01208	0.00403	0.01275	0.99991		1.56482	7.37295	0.29180	-0.32503	-0.21385	-10.12623	0.48072	0.98442	0.17582	0.00373	-0.17579	0.98441	-0.00567	-0.00467	0.00493	0.99998	
33	0.16500	-5.03706	23.65057	0.36057	-0.64796	0.33856	-7.84860	1.72729	0.99062	0.13655	-0.00591	-0.13661	0.99056	-0.01131	0.00431	0.01201	0.99992		1.57754	7.45606	0.23732	-0.31173	-0.23250	-10.12411	0.48550	0.98442	0.17578	0.00406	-0.17576	0.98442	-0.00544	-0.00495	0.00464	0.99998	
34	0.17000	-5.04859	23.74064	0.34355	-0.62406	0.33820	-7.85791	1.72070	0.99059	0.13671	-0.00590	-0.13677	0.99054	-0.01089	0.00436	0.01160	0.99992		1.61327	7.54653	0.19472	-0.29477	-0.25340	-10.12639	0.48722	0.98441	0.17582	0.00442	-0.17580	0.98441	-0.00514	-0.00526	0.00429	0.99998	
35	0.17500	-5.05651	23.84534	0.32387	-0.59585	0.33552	-7.86288	1.76087	0.99058	0.13680	-0.00586	-0.13686	0.99054	-0.01040	0.00438	0.01110	0.99993		1.64326	7.59371	0.15186	-0.28118	-0.27060	-10.11999	0.48589	0.98443	0.17571	0.00472	-0.17569	0.98443	-0.00491	-0.00551	0.00400	0.99998	
36	0.18000	-5.08776	23.94825	0.28863	-0.56782	0.32810	-7.86431	1.76253	0.99058	0.13683	-0.00573	-0.13688	0.99054	-0.00991	0.00432	0.01060	0.99993		1.61601	7.68412	0.09514	-0.26443	-0.28373	-10.12098	0.49616	0.98443	0.17573	0.00495	-0.17570	0.98443	-0.00462	-0.00569	0.00367	0.99998	
37	0.18500	-5.05464	24.03338	0.30406	-0.54005	0.32056	-7.87065	1.78004	0.99056	0.13694	-0.00559	-0.13698	0.99053	-0.00943	0.00425	0.01010	0.99994		1.63076	7.75129	0.07433	-0.24695	-0.30030	-10.12544	0.48574	0.98441	0.17580	0.00524	-0.17578	0.98442	-0.00431	-0.00592	0.00332	0.99998	
38	0.19000	-5.07470	24.12636	0.26561	-0.51122	0.31488	-7.87454	1.81039	0.99056	0.13700	-0.00550	-0.13705	0.99052	-0.00892	0.00422	0.00959	0.99995		1.63653	7.81871	0.01725	-0.23126	-0.31396	-10.12306	0.49268	0.98442	0.17576	0.00548	-0.17574	0.98443	-0.00404	-0.00610	0.00301	0.99998	
39	0.19500	-5.05291	24.24209	0.26685	-0.48133	0.30550	-7.88040	1.81831	0.99054	0.13710	-0.00533	-0.13715	0.99052	-0.00840	0.00413	0.00905	0.99995		1.63853	7.90568	-0.02698	-0.21400	-0.32712	-10.12429	0.47587	0.98441	0.17578	0.00571	-0.17576	0.98443	-0.00373	-0.00628	0.00267	0.99998	
40	0.20000	-5.07628	24.33404	0.25275	-0.45237	0.29787	-7.88267	1.85194	0.99054	0.13714	-0.00520	-0.13718	0.99051	-0.00790	0.00407	0.00853	0.99996		1.66320	7.95998	-0.06361	-0.19772	-0.33938	-10.12212	0.49562	0.98442	0.17574	0.00592	-0.17573	0.98443	-0.00345	-0.00644	0.00236	0.99998	
41	0.20500	-5.10466	24.44865	0.22029	-0.41992	0.28885	-7.88377	1.84982	0.99054	0.13716	-0.00504	-0.13720	0.99052	-0.00733	0.00399	0.00795	0.99996		1.64318	8.03789	-0.12821	-0.18100	-0.34839	-10.12059	0.49236	0.98442	0.17572	0.00608	-0.17570	0.98444	-0.00316	-0.00654	0.00204	0.99998	
42	0.21000	-5.06676	24.51220	0.21509	-0.39004	0.27633	-7.89289	1.87540	0.99051	0.13732	-0.00482	-0.13735	0.99050	-0.00681	0.00384	0.00741	0.99997		1.68082	8.09428	-0.16836	-0.16237	-0.36012	-10.11781	0.50815	0.98443	0.17567	0.00629	-0.17565	0.98445	-0.00283	-0.00669	0.00169	0.99998	
43	0.21500	-5.12513	24.63544	0.20291	-0.35617	0.27150	-7.89457	1.89779	0.99051	0.13735	-0.00474	-0.13738	0.99050	-0.00622	0.00384	0.00681	0.99997		1.66353	8.18261	-0.20230	-0.14429	-0.37011	-10.11869	0.48896	0.98443	0.17568	0.00646	-0.17567	0.98445	-0.00252	-0.00680	0.00134	0.99998	
44	0.22000	-5.10273	24.72487	0.18130	-0.32470	0.26006	-7.89715	1.91191	0.99051	0.13739	-0.00454	-0.13742	0.99050	-0.00567	0.00372	0.00624	0.99997		1.69035	8.25755	-0.25428	-0.12336	-0.37685	-10.11975	0.48434	0.98442	0.17570	0.00658	-0.17569	0.98444	-0.00215	-0.00685	0.00096	0.99998	
45	0.22500	-5.13682	24.79668	0.18559	-0.29323	0.25376	-7.90309	1.92629	0.99049	0.13750	-0.00443	-0.13752	0.99049	-0.00512	0.00368	0.00568	0.99998		1.70475	8.31130	-0.28207	-0.10678	-0.38450	-10.12430	0.48625	0.98441	0.17578	0.00671	-0.17577	0.98443	-0.00186	-0.00693	0.00065	0.99998	
46	0.23000	-5.15971	24.91013	0.16435	-0.25873	0.24845	-7.91296	1.93563	0.99047	0.13767	-0.00434	-0.13769	0.99047	-0.00452	0.00367	0.00507	0.99998		1.70560	8.37958	-0.30943	-0.09114	-0.39332	-10.12020	0.47870	0.98442	0.17571	0.00686	-0.17570	0.98444	-0.00159	-0.00704	0.00036	0.99998	
47	0.23500	-5.14248	25.06837	0.11955	-0.20943	0.24390	-7.92776	1.92765	0.99043	0.13792	-0.00426	-0.13794	0.99043	-0.00366	0.00371	0.00421	0.99998		1.72845	8.42070	-0.33991	-0.07547	-0.39830	-10.11908	0.48579	0.98442	0.17569	0.00695	-0.17569	0.98445	-0.00132	-0.00707	0.00008	0.99997	
48	0.24000	-5.13630	25.13563	0.11241	-0.17860	0.23360	-7.93752	1.93599	0.99041	0.13809	-0.00408	-0.13811	0.99041	-0.00312	0.00361	0.00365	0.99999		1.71811	8.49467	-0.36258	-0.05739	-0.40118	-10.12138	0.47843	0.98441	0.17573	0.00700	-0.17573	0.98444	-0.00100	-0.00707	-0.00024	0.99997	
49	0.24500	-5.18587	25.23640	0.08723	-0.14621	0.22169	-7.94261	1.95214	0.99040	0.13818	-0.00387	-0.13819	0.99040	-0.00255	0.00348	0.00306	0.99999		1.72106	8.54928	-0.40033	-0.04327	-0.40860	-10.11934	0.48343	0.98442	0.17569	0.00713	-0.17569	0.98444	-0.00076	-0.00715	-0.00051	0.99997	
50	0.25000	-5.16037	25.33475	0.10142	-0.10944	0.20606	-7.95055	1.99409	0.99038	0.13832	-0.00360	-0.13832	0.99039	-0.00191	0.00330	0.00239	0.99999		1.72955	8.59637	-0.43028	-0.02801	-0.40890	-10.11955	0.48717	0.98442	0.17570	0.00714	-0.17570	0.98444	-0.00049	-0.00711	-0.00077	0.99997	
51	0.25500	-5.15987	25.38800	0.08972	-0.07904	0.18865	-7.95417	2.00265	0.99037	0.13838	-0.00329	-0.13839	0.99038	-0.00138	0.00307	0.00182	0.99999		1.72452	8.63537	-0.44212	-0.01388	-0.41207	-10.11633	0.49097	0.98443	0.17564	0.00719	-0.17565	0.98445	-0.00024	-0.00712	-0.00102	0.99997	
52	0.26000	-5.17965	25.46403	0.08632	-0.04879	0.17677	-7.95896	2.04265	0.99036	0.13846	-0.00309	-0.13847	0.99037	-0.00085	0.00294	0.00127	0.99999		1.73727	8.66838	-0.46018	-0.00187	-0.41387	-10.11350	0.49363	0.98444	0.17559	0.00722	-0.17560	0.98446	-0.00003	-0.00712	-0.00124	0.99997	
53	0.26500	-5.16845	25.53450	0.10129	-0.02018	0.16037	-7.95813	2.04857	0.99037	0.13845	-0.00280	-0.13845	0.99037	-0.00035	0.00272	0.00074	1.00000		1.75650	8.71913	-0.46637	0.01381	-0.41809	-10.11525	0.47821	0.98443	0.17562	0.00730	-0.17563	0.98446	0.00024	-0.00714	-0.00152	0.99997	
54	0.27000	-5.19879	25.57214	0.09480	0.01057	0.14958	-7.96655	2.07242	0.99035	0.13859	-0.00261	-0.13859	0.99035	0.00018	0.00261	0.00018	1.00000		1.72558	8.75641	-0.48320	0.02884	-0.41375	-10.11555	0.48479	0.98443	0.17563	0.00722	-0.17564	0.98445	0.00050	-0.00702	-0.00176	0.99997	
55	0.27500	-5.18081	25.65729	0.08288	0.04114	0.13187	-7.97091	2.11067	0.99034	0.13867	-0.00230	-0.13867	0.99034	0.00072	0.00238	-0.00039	1.00000		1.71004	8.79101	-0.51203	0.03824	-0.40823	-10.11720	0.47874	0.98443	0.17566	0.00712	-0.17567	0.98445	0.00067	-0.00690	-0.00191	0.99997	
56	0.28000	-5.16536	25.69783	0.09575	0.07047	0.11825	-7.97332	2.11594	0.99033	0.13871	-0.00206	-0.13871	0.99033	0.00123	0.00221	-0.00093	1.00000		1.73378	8.82767	-0.50700	0.05381	-0.40587	-10.11200	0.49245	0.98444	0.17557	0.00708	-0.17558	0.98446	0.00094	-0.00681	-0.00217	0.99997	
57	0.28500	-5.20530	25.74251	0.07445	0.09987	0.09810	-7.98202	2.14622	0.99031	0.13886	-0.00171	-0.13886	0.99031	0.00174	0.00194	-0.00149	1.00000		1.71329	8.85643	-0.52706	0.06507	-0.40549	-10.11085	0.48847	0.98445	0.17555	0.00708	-0.17556	0.98447	0.00114	-0.00677	-0.00236	0.99997	
58	0.29000	-5.19478	25.79896	0.08327	0.12802	0.08437	-7.98793	2.16183	0.99030	0.13896	-0.00147	-0.13896	0.99030	0.00223	0.00177	-0.00201	1.00000		1.71928	8.90022	-0.53443	0.07652	-0.40026	-10.10930	0.48231	0.98445	0.17552	0.00699	-0.17554	0.98447	0.00134	-0.00664	-0.00254	0.99997	
59	0.29500	-5.21684	25.83260	0.09538	0.15749	0.06917	-7.99270	2.18609	0.99029	0.13905	-0.00121	-0.13904	0.99028	0.00275	0.00158	-0.00255	1.00000		1.68930	8.90681	-0.53056	0.08877	-0.39240	-10.10921	0.48405	0.98445	0.17552	0.00685	-0.17554	0.98447	0.00155	-0.00647	-0.00273	0.99998	
60	0.30000	-5.24896	25.88136	0.08776	0.18808	0.05002	-8.00720	2.22362	0.99025	0.13930	-0.00087	-0.13929	0.99025	0.00328	0.00132	-0.00313	0.99999		1.67697	8.94820	-0.54308	0.09804	-0.38684	-10.10835	0.47439	0.98446	0.17551	0.00675	-0.17552	0.98447	0.00171	-0.00635	-0.00287	0.99998	
61	0.30500	-5.24722	25.91342	0.09993	0.21311	0.04023	-8.00513	2.22389	0.99026	0.13926	-0.00070	-0.13926	0.99025	0.00372	0.00121	-0.00359	0.99999		1.66865	8.94740	-0.53803	0.10671	-0.37759	-10.10482	0.48531	0.98447	0.17545	0.00659	-0.17546	0.98448	0.00186	-0.00616	-0.00299	0.99998	
62	0.31000	-5.25211	25.96248	0.11215	0.24052	0.02455	-8.00765	2.24029	0.99025	0.13931	-0.00043	-0.13930	0.99024	0.00420	0.00101	-0.00410	0.99999		1.67695	8.97590	-0.53809	0.11835	-0.37134	-10.10126	0.48801	0.98448	0.17538	0.00648	-0.17540	0.98449	0.00207	-0.00602	-0.00317	0.99998	
63	0.31500	-5.26466	26.01967	0.11322	0.26945	0.01140	-8.01816	2.24840	0.99022	0.13949	-0.00020	-0.13948	0.99021	0.00470	0.00085	-0.00463	0.99999		1.67015	9.00759	-0.54788	0.12811	-0.36374	-10.10017	0.48612	0.98448	0.17537	0.00635	-0.17538	0.98450	0.00224	-0.00586	-0.00331	0.99998	
64	0.32000	-5.25497	26.02946	0.13241	0.29758	-0.00659	-8.02271	2.25433	0.99021	0.13957	0.00011	-0.13956	0.99020	0.00519	0.00061	-0.00516	0.99999		1.65845	8.98192	-0.54208	0.13339	-0.35213	-10.10141	0.48339	0.98448	0.17539	0.00615	-0.17540	0.98449	0.00233	-0.00564	-0.00337	0.99998	
65	0.32500	-5.28236	26.14624	0.10526	0.33771	-0.00946	-8.04058	2.23375	0.99017	0.13987	0.00017	-0.13987	0.99015	0.00589	0.00066	-0.00586	0.99998		1.59659	8.99942	-0.55104	0.14124	-0.34128	-10.09673	0.49196	0.98450	0.17531	0.00596	-0.17532	0.98451	0.00247	-0.00543	-0.00347	0.99998	
66	0.33000	-5.21436	26.14871	0.11278	0.35760	-0.02632	-8.04440	2.25304	0.99016	0.13994	0.00046	-0.13994	0.99014	0.00624	0.00042	-0.00624	0.99998		1.65189	9.01748	-0.52738	0.15056	-0.33433	-10.09660	0.48823	0.98450	0.17531	0.00584	-0.17532	0.98451	0.00263	-0.00528	-0.00361	0.99998	
67	0.33500	-5.26556	26.16390	0.13656	0.38312	-0.03908	-8.04985	2.25897	0.99015	0.14003	0.00068	-0.14004	0.99012	0.00669	0.00026	-0.00672	0.99998		1.58344	9.00790	-0.51943	0.15511	-0.32037	-10.09327	0.48984	0.98451	0.17525	0.00559	-0.17527	0.98452	0.00271	-0.00503	-0.00365	0.99998	
68	0.34000	-5.26023	26.17945	0.15522	0.40217	-0.05332	-8.05149	2.28400	0.99014	0.14006	0.00093	-0.14007	0.99012	0.00702	0.00006	-0.00708	0.99997		1.55539	8.98649	-0.49234	0.15883	-0.30507	-10.09296	0.49679	0.98451	0.17524	0.00532	-0.17526	0.98452	0.00277	-0.00476	-0.00366	0.99998	
69	0.34500	-5.22301	26.17859	0.18159	0.42275	-0.06847	-8.05178	2.27623	0.99014	0.14007	0.00119	-0.14007	0.99011	0.00738	-0.00015	-0.00747	0.99997		1.57205	8.96655	-0.47635	0.16116	-0.29305	-10.08992	0.48887	0.98452	0.17519	0.00511	-0.17521	0.98453	0.00281	-0.00454	-0.00367	0.99998	
70	0.35000	-5.27663	26.17150	0.19127	0.43965	-0.08436	-8.05265	2.28722	0.99014	0.14008	0.00147	-0.14009	0.99011	0.00767	-0.00038	-0.00780	0.99997		1.52625	9.00855	-0.46847	0.17210	-0.28082	-10.09438	0.47110	0.98451	0.17527	0.00490	-0.17528	0.98451	0.00300	-0.00430	-0.00382	0.99998	
71	0.35500	-5.27176	26.16997	0.20604	0.46028	-0.09167	-8.05941	2.31236	0.99012	0.14020	0.00160	-0.14021	0.99009	0.00803	-0.00046	-0.00818	0.99997		1.52843	8.97921	-0.45314	0.17476	-0.26679	-10.09117	0.46902	0.98452	0.17521	0.00466	-0.17523	0.98452	0.00305	-0.00405	-0.00382	0.99998	
72	0.36000	-5.30267	26.13855	0.23165	0.47469	-0.10311	-8.05851	2.33191	0.99012	0.14018	0.00180	-0.14019	0.99009	0.00828	-0.00062	-0.00846	0.99996		1.50962	8.98298	-0.42068	0.17932	-0.25267	-10.09248	0.46644	0.98452	0.17524	0.00441	-0.17525	0.98452	0.00313	-0.00379	-0.00385	0.99999	
73	0.36500	-5.29614	26.12540	0.25273	0.49298	-0.12036	-8.06626	2.34189	0.99010	0.14032	0.00210	-0.14033	0.99007	0.00860	-0.00087	-0.00881	0.99996		1.48999	8.94188	-0.42236	0.18016	-0.23981	-10.08985	0.47537	0.98453	0.17519	0.00419	-0.17520	0.98453	0.00314	-0.00357	-0.00383	0.99999	
74	0.37000	-5.28659	26.08052	0.26616	0.50488	-0.13083	-8.06436	2.33591	0.99011	0.14029	0.00228	-0.14030	0.99007	0.00881	-0.00102	-0.00904	0.99996		1.48168	8.91797	-0.38670	0.18269	-0.22550	-10.08880	0.46291	0.98453	0.17517	0.00394	-0.17519	0.98453	0.00319	-0.00332	-0.00383	0.99999	
75	0.37500	-5.30753	26.06569	0.27893	0.52257	-0.14218	-8.06604	2.35340	0.99010	0.14031	0.00248	-0.14033	0.99006	0.00912	-0.00118	-0.00938	0.99996		1.46594	8.90926	-0.35255	0.18730	-0.21369	-10.08623	0.46660	0.98454	0.17513	0.00373	-0.17514	0.98454	0.00327	-0.00310	-0.00387	0.99999	
76	0.38000	-5.29841	26.03307	0.31827	0.53578	-0.15229	-8.06756	2.36379	0.99010	0.14034	0.00266	-0.14036	0.99006	0.00935	-0.00132	-0.00963	0.99995		1.43768	8.89066	-0.33016	0.18907	-0.19900	-10.08479	0.46093	0.98454	0.17510	0.00347	-0.17512	0.98454	0.00330	-0.00284	-0.00386	0.99999	
77	0.38500	-5.28117	25.98937	0.33049	0.54825	-0.16438	-8.06872	2.34389	0.99010	0.14036	0.00287	-0.14038	0.99005	0.00957	-0.00150	-0.00988	0.99995		1.44392	8.85574	-0.28241	0.19156	-0.18422	-10.08370	0.46266	0.98455	0.17509	0.00322	-0.17510	0.98455	0.00334	-0.00258	-0.00385	0.99999	
78	0.39000	-5.29812	25.96664	0.37089	0.56170	-0.17319	-8.07176	2.36531	0.99009	0.14041	0.00302	-0.14044	0.99004	0.00980	-0.00162	-0.01013	0.99995		1.36244	8.80854	-0.26196	0.18910	-0.16343	-10.08535	0.44585	0.98454	0.17511	0.00285	-0.17512	0.98454	0.00330	-0.00223	-0.00375	0.99999	
79	0.39500	-5.31478	25.92968	0.38946	0.57544	-0.18293	-8.07113	2.39997	0.99009	0.14040	0.00319	-0.14043	0.99004	0.01004	-0.00175	-0.01039	0.99994		1.36938	8.79598	-0.23182	0.19328	-0.15188	-10.08145	0.46629	0.98456	0.17505	0.00265	-0.17506	0.98455	0.00337	-0.00202	-0.00379	0.99999	
80	0.40000	-5.29629	25.86497	0.40552	0.58452	-0.18996	-8.07410	2.38777	0.99008	0.14045	0.00332	-0.14048	0.99003	0.01020	-0.00185	-0.01057	0.99994		1.35767	8.71557	-0.19162	0.18975	-0.13638	-10.07811	0.45637	0.98457	0.17499	0.00238	-0.17500	0.98456	0.00331	-0.00176	-0.00368	0.99999	
81	0.40500	-5.32226	25.82041	0.45258	0.59257	-0.19608	-8.07182	2.40182	0.99009	0.14041	0.00342	-0.14044	0.99003	0.01034	-0.00194	-0.01072	0.99994		1.32199	8.68738	-0.16082	0.19039	-0.12225	-10.07739	0.45578	0.98457	0.17498	0.00213	-0.17498	0.98457	0.00332	-0.00152	-0.00365	0.99999	
82	0.41000	-5.29255	25.75367	0.47871	0.60554	-0.20675	-8.07926	2.39716	0.99007	0.14054	0.00361	-0.14057	0.99001	0.01057	-0.00209	-0.01097	0.99994		1.31806	8.63350	-0.11062	0.19146	-0.10567	-10.07680	0.45695	0.98457	0.17497	0.00184	-0.17497	0.98457	0.00334	-0.00123	-0.00361	0.99999	
83	0.41500	-5.33119	25.68928	0.52174	0.61233	-0.21281	-8.07792	2.42626	0.99007	0.14052	0.00371	-0.14055	0.99002	0.01069	-0.00218	-0.01110	0.99994		1.28737	8.58999	-0.07093	0.18968	-0.09383	-10.07651	0.45955	0.98457	0.17496	0.00164	-0.17497	0.98457	0.00331	-0.00103	-0.00355	0.99999	
84	0.42000	-5.33629	25.61885	0.52961	0.61827	-0.21386	-8.07743	2.40667	0.99007	0.14051	0.00373	-0.14054	0.99002	0.01079	-0.00218	-0.01121	0.99993		1.24795	8.55363	-0.03039	0.19262	-0.07462	-10.07383	0.45232	0.98458	0.17492	0.00130	-0.17492	0.98458	0.00336	-0.00069	-0.00354	0.99999	
85	0.42500	-5.31587	25.52346	0.55657	0.62570	-0.21719	-8.08233	2.43026	0.99006	0.14059	0.00379	-0.14063	0.99000	0.01092	-0.00222	-0.01134	0.99993		1.25102	8.48958	0.00925	0.19122	-0.06218	-10.07089	0.45689	0.98459	0.17487	0.00109	-0.17487	0.98459	0.00334	-0.00048	-0.00348	0.99999	
86	0.43000	-5.35923	25.46560	0.58681	0.63098	-0.22352	-8.08313	2.41384	0.99006	0.14061	0.00390	-0.14064	0.99000	0.01101	-0.00231	-0.01145	0.99993		1.19405	8.42857	0.06280	0.18753	-0.04736	-10.07237	0.44091	0.98459	0.17489	0.00083	-0.17489	0.98458	0.00327	-0.00024	-0.00337	0.99999	
87	0.43500	-5.33162	25.36798	0.61529	0.63510	-0.22490	-8.08737	2.42141	0.99005	0.14068	0.00393	-0.14072	0.98999	0.01108	-0.00233	-0.01153	0.99993		1.18202	8.36951	0.11176	0.19008	-0.03379	-10.07079	0.44857	0.98459	0.17486	0.00059	-0.17487	0.98459	0.00332	-0.00000	-0.00337	0.99999	
88	0.44000	-5.31121	25.27152	0.63407	0.63578	-0.22892	-8.08588	2.43478	0.99005	0.14066	0.00400	-0.14069	0.98999	0.01110	-0.00239	-0.01155	0.99993		1.17688	8.31699	0.16032	0.18955	-0.02163	-10.06995	0.44180	0.98459	0.17485	0.00038	-0.17485	0.98459	0.00331	0.00021	-0.00332	0.99999	
89	0.44500	-5.31126	25.18475	0.67070	0.63986	-0.23141	-8.08493	2.44143	0.99005	0.14064	0.00404	-0.14068	0.98999	0.01117	-0.00243	-0.01162	0.99993		1.16918	8.25153	0.21416	0.18874	-0.01120	-10.06808	0.44276	0.98460	0.17482	0.00020	-0.17482	0.98460	0.00329	0.00038	-0.00328	0.99999	
90	0.45000	-5.26410	25.09022	0.69187	0.64383	-0.23728	-8.08805	2.45075	0.99004	0.14069	0.00414	-0.14073	0.98998	0.01124	-0.00252	-0.01171	0.99993		1.12776	8.18137	0.25941	0.18966	0.00654	-10.06262	0.45055	0.98462	0.17472	-0.00011	-0.17472	0.98461	0.00331	0.00069	-0.00324	0.99999	
91	0.45500	-5.26770	25.00239	0.72062	0.64842	-0.23875	-8.09093	2.44118	0.99004	0.14074	0.00417	-0.14078	0.98998	0.01132	-0.00253	-0.01179	0.99993		1.10283	8.09934	0.31571	0.18681	0.01832	-10.06220	0.45350	0.98462	0.17472	-0.00032	-0.17472	0.98461	0.00326	0.00088	-0.00315	0.99999	
92	0.46000	-5.28270	24.87641	0.74964	0.64617	-0.23463	-8.09218	2.44807	0.99003	0.14076	0.00410	-0.14080	0.98997	0.01128	-0.00247	-0.01174	0.99993		1.07960	8.04512	0.37028	0.18960	0.03029	-10.06212	0.44022	0.98462	0.17472	-0.00053	-0.17471	0.98461	0.00331	0.00110	-0.00317	0.99999	
93	0.46500	-5.25451	24.77296	0.76419	0.64724	-0.23806	-8.09500	2.45033	0.99003	0.14081	0.00415	-0.14085	0.98997	0.01130	-0.00252	-0.01177	0.99993		1.07259	7.97357	0.41875	0.18997	0.04358	-10.06118	0.42940	0.98462	0.17470	-0.00076	-0.17470	0.98462	0.00332	0.00133	-0.00313	0.99999	
94	0.47000	-5.27703	24.68337	0.80112	0.64894	-0.23480	-8.09129	2.44614	0.99004	0.14075	0.00410	-0.14079	0.98998	0.01133	-0.00246	-0.01179	0.99993		1.04566	7.91511	0.47893	0.19034	0.05183	-10.05954	0.43940	0.98463	0.17467	-0.00090	-0.17467	0.98462	0.00332	0.00147	-0.00311	0.99999	
95	0.47500	-5.26524	24.54505	0.82863	0.64567	-0.23221	-8.09020	2.44475	0.99004	0.14073	0.00405	-0.14077	0.98998	0.01127	-0.00243	-0.01173	0.99993		1.04855	7.83173	0.54167	0.19284	0.06420	-10.05536	0.43170	0.98464	0.17460	-0.00112	-0.17459	0.98463	0.00337	0.00169	-0.00312	0.99999	
96	0.48000	-5.26496	24.45073	0.85755	0.64870	-0.22713	-8.09065	2.44716	0.99004	0.14074	0.00396	-0.14078	0.98998	0.01132	-0.00233	-0.01177	0.99993		1.00231	7.71288	0.60038	0.18800	0.07772	-10.05178	0.45033	0.98465	0.17454	-0.00136	-0.17453	0.98465	0.00328	0.00191	-0.00299	0.99999	
97	0.48500	-5.26574	24.33885	0.88276	0.64569	-0.22806	-8.09222	2.47305	0.99003	0.14077	0.00398	-0.14080	0.98997	0.01127	-0.00235	-0.01172	0.99993		0.95573	7.63934	0.65111	0.18938	0.08844	-10.05042	0.43743	0.98465	0.17451	-0.00154	-0.17451	0.98465	0.00331	0.00210	-0.00299	0.99999	
98	0.49000	-5.26397	24.22329	0.90826	0.64346	-0.22260	-8.08929	2.45515	0.99004	0.14072	0.00389	-0.14075	0.98998	0.01123	-0.00227	-0.01167	0.99993		0.94902	7.54955	0.72500	0.19181	0.09674	-10.04797	0.44406	0.98466	0.17447	-0.00169	-0.17447	0.98466	0.00335	0.00225	-0.00300	0.99999	
99	0.49500	-5.22959	24.11097	0.94416	0.64244	-0.21983	-8.09020	2.46646	0.99004	0.14073	0.00384	-0.14077	0.98998	0.01121	-0.00222	-0.01164	0.99993		0.93191	7.49820	0.79070	0.19561	0.10603	-10.04385	0.44931	0.98467	0.17440	-0.00185	-0.17439	0.98467	0.00341	0.00242	-0.00304	0.99999	
100	0.50000	-5.28995	23.99646	0.95885	0.63931	-0.21206	-8.08859	2.46464	0.99004	0.14070	0.00370	-0.14074	0.98998	0.01116	-0.00209	-0.01157	0.99993		0.88126	7.40383	0.83406	0.19805	0.11655	-10.04233	0.44803	0.98468	0.17438	-0.00203	-0.17437	0.98467	0.00346	0.00261	-0.00305	0.99999	
101	0.50500	-5.23767	23.85149	0.98416	0.63395	-0.20622	-8.08366	2.43307	0.99006	0.14062	0.00360	-0.14065	0.99000	0.01106	-0.00201	-0.01146	0.99993		0.93010	7.32666	0.89364	0.19972	0.12091	-10.04243	0.43166	0.98468	0.17438	-0.00211	-0.17437	0.98467	0.00349	0.00269	-0.00306	0.99999	
102	0.51000	-5.25123	23.74739	0.99828	0.63006	-0.19852	-8.08545	2.44996	0.99005	0.14065	0.00346	-0.14068	0.98999	0.01100	-0.00188	-0.01137	0.99993		0.87760	7.24729	0.95448	0.20343	0.13187	-10.03901	0.43608	0.98469	0.17432	-0.00230	-0.17431	0.98468	0.00355	0.00289	-0.00309	0.99999	
103	0.51500	-5.21221	23.61010	1.04777	0.62662	-0.19460	-8.08476	2.44513	0.99006	0.14064	0.00340	-0.14067	0.99000	0.01094	-0.00182	-0.01131	0.99993		0.88463	7.16508	1.02810	0.20668	0.13547	-10.03927	0.43548	0.98469	0.17432	-0.00236	-0.17431	0.98468	0.00361	0.00296	-0.00314	0.99999	
104	0.52000	-5.21730	23.46321	1.07112	0.61719	-0.18680	-8.07898	2.43707	0.99007	0.14054	0.00326	-0.14056	0.99001	0.01077	-0.00171	-0.01112	0.99994		0.86784	7.09142	1.07258	0.21299	0.14137	-10.03477	0.42339	0.98470	0.17425	-0.00247	-0.17424	0.98470	0.00372	0.00308	-0.00323	0.99999	
105	0.52500	-5.22868	23.35655	1.08200	0.61312	-0.17755	-8.07515	2.43018	0.99008	0.14047	0.00310	-0.14050	0.99002	0.01070	-0.00156	-0.01103	0.99994		0.81670	6.99754	1.11668	0.21400	0.15019	-10.03671	0.41872	0.98469	0.17428	-0.00262	-0.17427	0.98469	0.00373	0.00323	-0.00322	0.99999	
106	0.53000	-5.20691	23.21033	1.12341	0.60825	-0.16687	-8.07740	2.44816	0.99007	0.14051	0.00291	-0.14053	0.99002	0.01062	-0.00139	-0.01092	0.99994		0.86824	6.92205	1.18041	0.22028	0.15245	-10.03552	0.41761	0.98470	0.17426	-0.00266	-0.17425	0.98469	0.00384	0.00329	-0.00332	0.99999	
107	0.53500	-5.21798	23.09034	1.13907	0.60205	-0.15711	-8.07806	2.41889	0.99007	0.14052	0.00274	-0.14054	0.99002	0.01051	-0.00124	-0.01079	0.99994		0.83521	6.83411	1.23242	0.22382	0.15807	-10.03178	0.42256	0.98471	0.17419	-0.00276	-0.17418	0.98471	0.00391	0.00340	-0.00337	0.99999	
108	0.54000	-5.19528	22.96139	1.15972	0.59299	-0.15263	-8.07102	2.39515	0.99009	0.14040	0.00266	-0.14042	0.99004	0.01035	-0.00118	-0.01062	0.99994		0.84737	6.74933	1.28644	0.22786	0.16030	-10.03301	0.40764	0.98470	0.17421	-0.00280	-0.17420	0.98470	0.00398	0.00345	-0.00343	0.99999	
109	0.54500	-5.19670	22.74230	1.24097	0.56819	-0.14991	-8.05156	2.43820	0.99014	0.14006	0.00262	-0.14008	0.99009	0.00992	-0.00120	-0.01019	0.99995		0.87754	6.62996	1.34721	0.23087	0.16455	-10.03089	0.39868	0.98471	0.17418	-0.00287	-0.17417	0.98471	0.00403	0.00353	-0.00347	0.99999	
110	0.55000	-5.21356	22.63715	1.24239	0.55977	-0.14278	-8.04744	2.43614	0.99015	0.13999	0.00249	-0.14001	0.99010	0.00977	-0.00110	-0.01002	0.99995		0.80611	6.58585	1.36456	0.23701	0.16818	-10.02791	0.41449	0.98472	0.17413	-0.00294	-0.17411	0.98472	0.00414	0.00361	-0.00356	0.99999	
111	0.55500	-5.15414	22.47644	1.25160	0.54540	-0.13602	-8.04599	2.41433	0.99015	0.13997	0.00237	-0.13998	0.99011	0.00952	-0.00102	-0.00976	0.99995		0.84216	6.46790	1.42278	0.24214	0.17180	-10.03035	0.41136	0.98471	0.17417	-0.00300	-0.17416	0.98471	0.00423	0.00369	-0.00364	0.99999	
112	0.56000	-5.14893	22.34032	1.29377	0.53679	-0.12549	-8.03963	2.40117	0.99017	0.13986	0.00219	-0.13987	0.99013	0.00937	-0.00086	-0.00958	0.99995		0.83353	6.37974	1.48434	0.24704	0.17603	-10.02735	0.40348	0.98472	0.17412	-0.00307	-0.17410	0.98472	0.00431	0.00378	-0.00371	0.99999	
113	0.56500	-5.17767	22.22665	1.30463	0.52541	-0.11757	-8.03590	2.39571	0.99018	0.13979	0.00205	-0.13981	0.99014	0.00917	-0.00075	-0.00937	0.99996		0.83712	6.31898	1.52099	0.25200	0.17485	-10.02839	0.39773	0.98472	0.17414	-0.00305	-0.17412	0.98471	0.00440	0.00377	-0.00380	0.99999	
114	0.57000	-5.12506	22.07181	1.32369	0.51248	-0.10944	-8.03383	2.38032	0.99018	0.13976	0.00191	-0.13977	0.99014	0.00894	-0.00064	-0.00912	0.99996		0.86496	6.21039	1.57023	0.25682	0.17913	-10.02758	0.39303	0.98472	0.17412	-0.00313	-0.17411	0.98472	0.00448	0.00386	-0.00387	0.99999	
115	0.57500	-5.12557	21.94034	1.36654	0.49983	-0.09853	-8.02836	2.38321	0.99020	0.13966	0.00172	-0.13967	0.99016	0.00872	-0.00048	-0.00888	0.99996		0.82458	6.14972	1.62758	0.26553	0.18105	-10.02405	0.40924	0.98473	0.17406	-0.00316	-0.17405	0.98473	0.00463	0.00392	-0.00401	0.99998	
116	0.58000	-5.11921	21.81519	1.36571	0.48586	-0.08880	-8.01996	2.36914	0.99022	0.13952	0.00155	-0.13953	0.99018	0.00848	-0.00035	-0.00861	0.99996		0.85606	6.06699	1.67010	0.27166	0.17809	-10.02069	0.40127	0.98474	0.17400	-0.00311	-0.17399	0.98474	0.00474	0.00389	-0.00413	0.99998	
117	0.58500	-5.09855	21.69241	1.36373	0.47535	-0.07992	-8.02237	2.33986	0.99021	0.13956	0.00139	-0.13957	0.99018	0.00830	-0.00022	-0.00841	0.99996		0.89057	5.96594	1.70545	0.27381	0.17648	-10.02202	0.39662	0.98474	0.17403	-0.00308	-0.17401	0.98473	0.00478	0.00386	-0.00417	0.99998	
118	0.59000	-5.11557	21.55385	1.39723	0.45719	-0.07123	-8.01636	2.35243	0.99023	0.13946	0.00124	-0.13946	0.99020	0.00798	-0.00012	-0.00807	0.99997		0.88015	5.89465	1.75519	0.28320	0.17799	-10.02072	0.39203	0.98474	0.17400	-0.00311	-0.17399	0.98474	0.00494	0.00392	-0.00433	0.99998	
119	0.59500	-5.13323	21.46089	1.40595	0.44758	-0.06018	-8.01577	2.32219	0.99023	0.13945	0.00105	-0.13945	0.99020	0.00781	0.00005	-0.00788	0.99997		0.86545	5.83467	1.78181	0.29110	0.17568	-10.01973	0.39156	0.98474	0.17399	-0.00307	-0.17397	0.98474	0.00508	0.00390	-0.00447	0.99998	
120	0.60000	-5.09088	21.33042	1.41377	0.43010	-0.05023	-8.00955	2.31696	0.99024	0.13934	0.00088	-0.13934	0.99022	0.00751	0.00018	-0.00756	0.99997		0.86123	5.74468	1.82116	0.29433	0.17568	-10.02105	0.39498	0.98474	0.17401	-0.00307	-0.17399	0.98473	0.00514	0.00391	-0.00453	0.99998	
121	0.60500	-5.03992	21.21475	1.43934	0.41617	-0.04523	-8.00332	2.30308	0.99026	0.13923	0.00079	-0.13923	0.99023	0.00726	0.00023	-0.00730	0.99997		0.89401	5.67121	1.86772	0.30140	0.17378	-10.01945	0.38987	0.98474	0.17398	-0.00303	-0.17396	0.98474	0.00526	0.00390	-0.00465	0.99998	
122	0.61000	-5.08424	21.10933	1.45205	0.40079	-0.02931	-8.00053	2.27449	0.99027	0.13918	0.00051	-0.13918	0.99024	0.00700	0.00047	-0.00700	0.99998		0.88756	5.60385	1.88707	0.30567	0.16762	-10.01827	0.38342	0.98475	0.17396	-0.00293	-0.17394	0.98474	0.00533	0.00381	-0.00474	0.99998	
123	0.61500	-5.00127	21.00086	1.46763	0.38691	-0.02618	-7.99726	2.25923	0.99027	0.13913	0.00046	-0.13913	0.99025	0.00675	0.00049	-0.00675	0.99998		0.92017	5.54027	1.93090	0.31294	0.16396	-10.01931	0.38532	0.98475	0.17398	-0.00286	-0.17396	0.98474	0.00546	0.00377	-0.00488	0.99998	
124	0.62000	-5.04866	20.89169	1.47484	0.37080	-0.01237	-7.99194	2.24203	0.99029	0.13903	0.00022	-0.13903	0.99027	0.00647	0.00069	-0.00644	0.99998		0.93075	5.46593	1.95302	0.31736	0.15960	-10.01907	0.37162	0.98475	0.17398	-0.00279	-0.17396	0.98474	0.00554	0.00371	-0.00497	0.99998	
125	0.62500	-5.04652	20.82830	1.48529	0.35477	-0.00562	-7.98631	2.21828	0.99030	0.13894	0.00010	-0.13893	0.99028	0.00619	0.00076	-0.00615	0.99998		0.91711	5.41328	1.97105	0.32130	0.15534	-10.01849	0.38643	0.98475	0.17397	-0.00271	-0.17395	0.98474	0.00561	0.00365	-0.00505	0.99998	
126	0.63000	-4.99183	20.70200	1.50539	0.33991	0.00364	-7.98364	2.20732	0.99031	0.13889	-0.00006	-0.13889	0.99029	0.00593	0.00089	-0.00587	0.99998		0.99124	5.32140	2.01385	0.32695	0.14606	-10.01767	0.37114	0.98475	0.17395	-0.00255	-0.17393	0.98474	0.00571	0.00350	-0.00518	0.99998	
127	0.63500	-5.02479	20.62397	1.48595	0.31736	0.01534	-7.98105	2.18872	0.99031	0.13885	-0.00027	-0.13884	0.99030	0.00554	0.00103	-0.00545	0.99998		0.96641	5.27447	2.02784	0.33083	0.14191	-10.01877	0.38534	0.98475	0.17397	-0.00248	-0.17395	0.98474	0.00577	0.00344	-0.00526	0.99998	
128	0.64000	-5.02575	20.52566	1.49972	0.29992	0.02649	-7.97142	2.17392	0.99034	0.13868	-0.00046	-0.13867	0.99032	0.00523	0.00118	-0.00512	0.99999		0.99743	5.22082	2.05038	0.33714	0.13248	-10.01706	0.36560	0.98475	0.17394	-0.00231	-0.17392	0.98474	0.00588	0.00330	-0.00539	0.99998	
129	0.64500	-4.96140	20.42647	1.50293	0.27870	0.02929	-7.97042	2.15580	0.99034	0.13866	-0.00051	-0.13866	0.99033	0.00486	0.00118	-0.00475	0.99999		1.03216	5.14360	2.06892	0.34137	0.12766	-10.01427	0.38792	0.98476	0.17389	-0.00223	-0.17388	0.98475	0.00596	0.00323	-0.00548	0.99998	
130	0.65000	-5.01046	20.37812	1.50311	0.26233	0.03885	-7.96843	2.15238	0.99034	0.13863	-0.00068	-0.13862	0.99033	0.00458	0.00131	-0.00444	0.99999		1.02259	5.10948	2.07703	0.34301	0.11829	-10.01795	0.38454	0.98475	0.17396	-0.00206	-0.17394	0.98474	0.00599	0.00307	-0.00554	0.99998	
131	0.65500	-4.96802	20.29260	1.49903	0.24414	0.04334	-7.96051	2.12880	0.99036	0.13849	-0.00076	-0.13849	0.99036	0.00426	0.00134	-0.00412	0.99999		1.05334	5.05147	2.08681	0.34848	0.10886	-10.01669	0.37918	0.98476	0.17393	-0.00190	-0.17392	0.98474	0.00608	0.00293	-0.00566	0.99998	
132	0.66000	-4.93882	20.22022	1.49041	0.22478	0.04705	-7.95513	2.11018	0.99038	0.13840	-0.00082	-0.13839	0.99037	0.00392	0.00136	-0.00377	0.99999		1.07916	4.95749	2.09408	0.34625	0.10377	-10.01742	0.37464	0.98475	0.17395	-0.00181	-0.17393	0.98474	0.00604	0.00283	-0.00564	0.99998	
133	0.66500	-4.94368	20.17456	1.50042	0.20360	0.05815	-7.95383	2.07518	0.99038	0.13837	-0.00101	-0.13837	0.99037	0.00355	0.00150	-0.00338	0.99999		1.07604	4.93554	2.09862	0.34954	0.09479	-10.01907	0.37534	0.98475	0.17398	-0.00165	-0.17396	0.98473	0.00610	0.00269	-0.00572	0.99998	
134	0.67000	-4.95311	20.11653	1.48989	0.18733	0.06518	-7.94649	2.05220	0.99040	0.13825	-0.00114	-0.13824	0.99039	0.00327	0.00158	-0.00308	0.99999		1.11110	4.86639	2.10143	0.35010	0.08620	-10.01854	0.38198	0.98475	0.17397	-0.00150	-0.17395	0.98473	0.00611	0.00254	-0.00576	0.99998	
135	0.67500	-4.94324	20.06254	1.48443	0.16426	0.07237	-7.93611	2.02558	0.99042	0.13807	-0.00126	-0.13806	0.99042	0.00287	0.00165	-0.00267	1.00000		1.15642	4.82609	2.10106	0.34966	0.07532	-10.01849	0.38458	0.98475	0.17397	-0.00131	-0.17395	0.98473	0.00610	0.00236	-0.00578	0.99998	
136	0.68000	-4.92591	20.03582	1.49296	0.14517	0.07595	-7.93465	2.00586	0.99043	0.13804	-0.00133	-0.13804	0.99042	0.00253	0.00166	-0.00233	1.00000		1.14300	4.79740	2.09459	0.34992	0.06777	-10.01693	0.39000	0.98476	0.17394	-0.00118	-0.17393	0.98474	0.00611	0.00223	-0.00581	0.99998	
137	0.68500	-4.94195	19.99846	1.47736	0.12726	0.08099	-7.93043	2.01494	0.99044	0.13797	-0.00141	-0.13797	0.99043	0.00222	0.00171	-0.00200	1.00000		1.18563	4.72649	2.09307	0.34710	0.05689	-10.02016	0.37110	0.98475	0.17399	-0.00099	-0.17399	0.98473	0.00606	0.00203	-0.00579	0.99998	
138	0.69000	-4.90184	19.98864	1.47343	0.10793	0.08502	-7.92786	1.98720	0.99044	0.13793	-0.00148	-0.13792	0.99044	0.00188	0.00173	-0.00166	1.00000		1.20631	4.68449	2.06660	0.34352	0.04578	-10.02163	0.37879	0.98474	0.17402	-0.00080	-0.17401	0.98473	0.00600	0.00183	-0.00577	0.99998	
139	0.69500	-4.93732	19.89488	1.49221	0.06873	0.08015	-7.90515	1.99234	0.99050	0.13753	-0.00140	-0.13753	0.99050	0.00120	0.00155	-0.00100	1.00000		1.21514	4.65795	2.05180	0.34163	0.03702	-10.02151	0.38415	0.98474	0.17402	-0.00065	-0.17401	0.98473	0.00596	0.00167	-0.00576	0.99998	
