NO_OF_FRAMES	12041
NO_OF_CAMERAS	8
NO_OF_BODIES	2
FREQUENCY	200
NO_OF_ANALOG	0
ANALOG_FREQUENCY	0
DESCRIPTION	--
TIME_STAMP	2013-07-05, 12:13:17	185610.91457137
DATA_INCLUDED	6D
BODY_NAMES	Ice 2 V2	Ice 3
Frame	Time	Ice 2 V2 X	Y	Z	Roll	Pitch	Yaw	Residual	Rot[0]	Rot[1]	Rot[2]	Rot[3]	Rot[4]	Rot[5]	Rot[6]	Rot[7]	Rot[8]	Ice 3 X	Y	Z	Roll	Pitch	Yaw	Residual	Rot[0]	Rot[1]	Rot[2]	Rot[3]	Rot[4]	Rot[5]	Rot[6]	Rot[7]	Rot[8]	
1	0.00500	0.41453	-14.25034	0.12953	0.46584	-0.22059	-0.92557	0.26010	0.99986	0.01615	0.00385	-0.01618	0.99984	0.00813	-0.00372	-0.00819	0.99996		-1.06903	7.01177	-0.00206	0.29214	0.17227	4.31028	1.62438	0.99717	-0.07516	-0.00301	0.07517	0.99716	0.00510	0.00261	-0.00531	0.99998	
2	0.01000	0.31800	-14.21899	0.12583	0.46799	-0.19795	-0.93162	0.26664	0.99986	0.01626	0.00345	-0.01629	0.99983	0.00817	-0.00332	-0.00822	0.99996		-1.02162	6.95912	0.00049	0.28396	0.15788	4.30322	1.60703	0.99718	-0.07503	-0.00276	0.07505	0.99717	0.00496	0.00238	-0.00515	0.99998	
3	0.01500	0.33349	-14.24653	0.16915	0.45872	-0.19729	-0.92731	0.25805	0.99986	0.01618	0.00344	-0.01621	0.99984	0.00801	-0.00331	-0.00806	0.99996		-0.96957	6.93452	-0.00431	0.28039	0.14531	4.30249	1.57608	0.99718	-0.07502	-0.00254	0.07503	0.99717	0.00489	0.00216	-0.00507	0.99998	
4	0.02000	0.28432	-14.24098	0.19040	0.45488	-0.18773	-0.92770	0.25425	0.99986	0.01619	0.00328	-0.01622	0.99984	0.00794	-0.00315	-0.00799	0.99996		-0.91205	6.92330	-0.00455	0.27784	0.13242	4.30305	1.58159	0.99718	-0.07503	-0.00231	0.07504	0.99717	0.00485	0.00194	-0.00501	0.99999	
5	0.02500	0.27217	-14.25493	0.22399	0.44666	-0.18264	-0.93009	0.25437	0.99986	0.01623	0.00319	-0.01626	0.99984	0.00780	-0.00306	-0.00785	0.99996		-0.89723	6.91293	-0.01279	0.27468	0.11969	4.30133	1.58588	0.99718	-0.07500	-0.00209	0.07501	0.99717	0.00479	0.00172	-0.00494	0.99999	
6	0.03000	0.27489	-14.27334	0.25800	0.43863	-0.17667	-0.92565	0.25824	0.99986	0.01615	0.00308	-0.01618	0.99984	0.00766	-0.00296	-0.00770	0.99997		-0.83855	6.89255	-0.02013	0.27138	0.10473	4.30242	1.56646	0.99718	-0.07502	-0.00183	0.07503	0.99717	0.00474	0.00147	-0.00486	0.99999	
7	0.03500	0.28727	-14.28757	0.30649	0.42493	-0.18098	-0.92266	0.25747	0.99987	0.01610	0.00316	-0.01613	0.99984	0.00742	-0.00304	-0.00747	0.99997		-0.79742	6.87755	-0.01559	0.26780	0.09113	4.30133	1.57888	0.99718	-0.07500	-0.00159	0.07501	0.99717	0.00467	0.00124	-0.00478	0.99999	
8	0.04000	0.27519	-14.28592	0.34836	0.41777	-0.16808	-0.92609	0.23035	0.99987	0.01616	0.00293	-0.01618	0.99984	0.00729	-0.00282	-0.00734	0.99997		-0.73876	6.88693	-0.00567	0.26869	0.07827	4.30258	1.56435	0.99718	-0.07502	-0.00137	0.07503	0.99717	0.00469	0.00101	-0.00478	0.99999	
9	0.04500	0.27855	-14.29810	0.37817	0.40828	-0.17243	-0.92454	0.25315	0.99987	0.01614	0.00301	-0.01616	0.99984	0.00713	-0.00289	-0.00717	0.99997		-0.70933	6.84542	-0.00142	0.26241	0.06276	4.30392	1.55136	0.99718	-0.07505	-0.00110	0.07505	0.99717	0.00458	0.00075	-0.00465	0.99999	
10	0.05000	0.25610	-14.29496	0.42908	0.39973	-0.16319	-0.92319	0.23674	0.99987	0.01611	0.00285	-0.01613	0.99985	0.00698	-0.00274	-0.00702	0.99997		-0.67471	6.84133	0.00948	0.25952	0.05205	4.30048	1.57094	0.99718	-0.07499	-0.00091	0.07499	0.99717	0.00453	0.00057	-0.00458	0.99999	
11	0.05500	0.27886	-14.31005	0.46170	0.39005	-0.16334	-0.92416	0.24778	0.99987	0.01613	0.00285	-0.01615	0.99985	0.00681	-0.00274	-0.00685	0.99997		-0.63631	6.81844	0.00144	0.25632	0.03849	4.30128	1.54856	0.99718	-0.07500	-0.00067	0.07500	0.99717	0.00447	0.00033	-0.00451	0.99999	
12	0.06000	0.23620	-14.29590	0.49543	0.38313	-0.15446	-0.91966	0.23704	0.99987	0.01605	0.00270	-0.01607	0.99985	0.00669	-0.00259	-0.00673	0.99997		-0.59816	6.79687	0.00414	0.25209	0.02664	4.29800	1.54789	0.99719	-0.07494	-0.00046	0.07495	0.99718	0.00440	0.00013	-0.00442	0.99999	
13	0.06500	0.25492	-14.31163	0.54427	0.37171	-0.15594	-0.91827	0.24670	0.99987	0.01603	0.00272	-0.01604	0.99985	0.00649	-0.00262	-0.00653	0.99998		-0.50394	6.79679	0.01787	0.25194	0.00779	4.30009	1.53102	0.99719	-0.07498	-0.00014	0.07498	0.99718	0.00440	-0.00019	-0.00440	0.99999	
14	0.07000	0.23861	-14.30189	0.58489	0.36532	-0.15283	-0.92307	0.25012	0.99987	0.01611	0.00267	-0.01613	0.99985	0.00638	-0.00256	-0.00642	0.99998		-0.46543	6.79048	0.02731	0.24945	-0.00554	4.29613	1.54659	0.99719	-0.07491	0.00010	0.07491	0.99718	0.00435	-0.00042	-0.00433	0.99999	
15	0.07500	0.22414	-14.31462	0.62306	0.35435	-0.14787	-0.92320	0.23948	0.99987	0.01611	0.00258	-0.01613	0.99985	0.00618	-0.00248	-0.00623	0.99998		-0.44650	6.77713	0.03158	0.24634	-0.01871	4.29887	1.53249	0.99719	-0.07496	0.00033	0.07496	0.99718	0.00430	-0.00065	-0.00426	0.99999	
16	0.08000	0.22853	-14.28865	0.67141	0.34984	-0.14585	-0.91984	0.23473	0.99987	0.01605	0.00255	-0.01607	0.99985	0.00611	-0.00245	-0.00615	0.99998		-0.37457	6.73613	0.02349	0.24059	-0.03327	4.29364	1.54533	0.99719	-0.07487	0.00058	0.07486	0.99718	0.00420	-0.00089	-0.00414	0.99999	
17	0.08500	0.19688	-14.29616	0.70245	0.33819	-0.14505	-0.92157	0.22740	0.99987	0.01608	0.00253	-0.01610	0.99985	0.00590	-0.00244	-0.00594	0.99998		-0.30376	6.73845	0.03384	0.24212	-0.05184	4.29552	1.52052	0.99719	-0.07490	0.00090	0.07490	0.99718	0.00423	-0.00122	-0.00415	0.99999	
18	0.09000	0.20323	-14.29457	0.73719	0.33076	-0.14013	-0.92223	0.24605	0.99987	0.01610	0.00245	-0.01611	0.99985	0.00577	-0.00235	-0.00581	0.99998		-0.26952	6.71703	0.04307	0.23724	-0.06107	4.29397	1.52395	0.99719	-0.07487	0.00107	0.07487	0.99718	0.00414	-0.00137	-0.00405	0.99999	
19	0.09500	0.19284	-14.29722	0.78491	0.32083	-0.13357	-0.92047	0.22832	0.99987	0.01606	0.00233	-0.01608	0.99986	0.00560	-0.00224	-0.00564	0.99998		-0.19081	6.69952	0.04620	0.23481	-0.07808	4.28959	1.52815	0.99720	-0.07480	0.00136	0.07479	0.99719	0.00410	-0.00167	-0.00398	0.99999	
20	0.10000	0.19132	-14.28374	0.81455	0.31459	-0.13645	-0.91642	0.23890	0.99987	0.01599	0.00238	-0.01601	0.99986	0.00549	-0.00229	-0.00553	0.99998		-0.16788	6.69859	0.05257	0.23372	-0.09185	4.29110	1.51655	0.99720	-0.07482	0.00160	0.07482	0.99719	0.00408	-0.00190	-0.00395	0.99999	
21	0.10500	0.17737	-14.26535	0.85543	0.30772	-0.13722	-0.91776	0.24446	0.99987	0.01602	0.00239	-0.01603	0.99986	0.00537	-0.00231	-0.00541	0.99998		-0.12038	6.65971	0.07216	0.22926	-0.10392	4.29023	1.50767	0.99720	-0.07481	0.00181	0.07480	0.99719	0.00400	-0.00211	-0.00385	0.99999	
22	0.11000	0.16568	-14.28279	0.91392	0.29585	-0.13763	-0.92123	0.25565	0.99987	0.01608	0.00240	-0.01609	0.99986	0.00516	-0.00232	-0.00520	0.99998		-0.05157	6.65486	0.07182	0.22832	-0.12063	4.28796	1.50472	0.99720	-0.07477	0.00211	0.07476	0.99719	0.00398	-0.00240	-0.00382	0.99999	
23	0.11500	0.17635	-14.27369	0.96130	0.28636	-0.13538	-0.91924	0.23075	0.99987	0.01604	0.00236	-0.01605	0.99986	0.00500	-0.00228	-0.00504	0.99998		0.01648	6.64684	0.07238	0.22565	-0.13352	4.28858	1.50137	0.99720	-0.07478	0.00233	0.07477	0.99719	0.00394	-0.00262	-0.00375	0.99999	
24	0.12000	0.10080	-14.50350	0.76109	0.22128	-0.13152	-0.90286	0.20783	0.99987	0.01576	0.00230	-0.01577	0.99987	0.00386	-0.00223	-0.00390	0.99999		0.18074	6.50594	0.14763	0.20355	-0.17009	4.28368	1.49617	0.99720	-0.07469	0.00297	0.07468	0.99720	0.00355	-0.00323	-0.00332	0.99999	
25	0.12500	0.09849	-14.50106	0.80968	0.21104	-0.13027	-0.90392	0.21963	0.99987	0.01578	0.00227	-0.01578	0.99987	0.00368	-0.00222	-0.00372	0.99999		0.20960	6.48528	0.16527	0.20122	-0.18377	4.28303	1.48512	0.99720	-0.07468	0.00321	0.07467	0.99720	0.00351	-0.00346	-0.00326	0.99999	
26	0.13000	0.10181	-14.49534	0.85541	0.20175	-0.13285	-0.90145	0.22517	0.99987	0.01573	0.00232	-0.01574	0.99987	0.00352	-0.00226	-0.00356	0.99999		0.26639	6.47588	0.17608	0.19975	-0.19483	4.28409	1.49610	0.99720	-0.07470	0.00340	0.07469	0.99720	0.00349	-0.00365	-0.00322	0.99999	
27	0.13500	0.05372	-14.49279	0.90034	0.19325	-0.13049	-0.90120	0.22459	0.99987	0.01573	0.00228	-0.01574	0.99987	0.00337	-0.00222	-0.00341	0.99999		0.32125	6.46892	0.19316	0.19745	-0.20750	4.28145	1.48616	0.99720	-0.07466	0.00362	0.07464	0.99720	0.00345	-0.00387	-0.00317	0.99999	
28	0.14000	0.06581	-14.49116	0.95082	0.18177	-0.13243	-0.89636	0.21827	0.99987	0.01564	0.00231	-0.01565	0.99987	0.00317	-0.00226	-0.00321	0.99999		0.37001	6.46445	0.21550	0.19574	-0.22239	4.28026	1.48437	0.99720	-0.07463	0.00388	0.07462	0.99721	0.00342	-0.00413	-0.00312	0.99999	
29	0.14500	0.05189	-14.49192	0.98768	0.17216	-0.13774	-0.89453	0.22780	0.99988	0.01561	0.00240	-0.01562	0.99987	0.00300	-0.00236	-0.00304	0.99999		0.43173	6.46026	0.22497	0.19514	-0.23420	4.28159	1.48773	0.99720	-0.07466	0.00409	0.07464	0.99720	0.00341	-0.00433	-0.00309	0.99999	
30	0.15000	-0.01258	-14.46900	1.06489	0.16589	-0.12823	-0.89594	0.22759	0.99988	0.01564	0.00224	-0.01564	0.99987	0.00290	-0.00219	-0.00293	0.99999		0.47450	6.43876	0.23976	0.19117	-0.24335	4.28031	1.48238	0.99720	-0.07464	0.00425	0.07462	0.99721	0.00334	-0.00448	-0.00301	0.99999	
31	0.15500	-0.01243	-14.48901	1.10811	0.15347	-0.13304	-0.89158	0.22935	0.99988	0.01556	0.00232	-0.01557	0.99988	0.00268	-0.00228	-0.00271	0.99999		0.50086	6.41262	0.26801	0.18865	-0.25505	4.28010	1.47755	0.99720	-0.07463	0.00445	0.07462	0.99721	0.00329	-0.00468	-0.00295	0.99998	
32	0.16000	-0.02206	-14.46074	1.14121	0.14704	-0.13361	-0.89202	0.23939	0.99988	0.01557	0.00233	-0.01557	0.99988	0.00257	-0.00229	-0.00260	0.99999		0.52859	6.43116	0.28315	0.18961	-0.26441	4.27842	1.47660	0.99720	-0.07460	0.00461	0.07459	0.99721	0.00331	-0.00485	-0.00296	0.99998	
33	0.16500	-0.03639	-14.49542	1.21594	0.13304	-0.13654	-0.88866	0.21431	0.99988	0.01551	0.00238	-0.01551	0.99988	0.00232	-0.00235	-0.00236	0.99999		0.55476	6.41149	0.30599	0.18614	-0.27278	4.27361	1.47077	0.99721	-0.07452	0.00476	0.07450	0.99722	0.00325	-0.00499	-0.00288	0.99998	
34	0.17000	-0.06633	-14.47473	1.24761	0.12416	-0.14087	-0.88415	0.23251	0.99988	0.01543	0.00246	-0.01544	0.99988	0.00217	-0.00242	-0.00220	0.99999		0.62799	6.41268	0.32457	0.18513	-0.28621	4.27528	1.47685	0.99720	-0.07455	0.00500	0.07453	0.99721	0.00323	-0.00522	-0.00285	0.99998	
35	0.17500	-0.07992	-14.45725	1.30589	0.11836	-0.13980	-0.88676	0.22273	0.99988	0.01548	0.00244	-0.01548	0.99988	0.00207	-0.00241	-0.00210	0.99999		0.64936	6.40318	0.35486	0.18230	-0.29315	4.27553	1.46537	0.99720	-0.07455	0.00512	0.07454	0.99721	0.00318	-0.00534	-0.00279	0.99998	
36	0.18000	-0.12427	-14.46621	1.35792	0.10588	-0.13993	-0.88396	0.23254	0.99988	0.01543	0.00244	-0.01543	0.99988	0.00185	-0.00241	-0.00189	1.00000		0.69550	6.40763	0.38428	0.18272	-0.30258	4.27429	1.46038	0.99720	-0.07453	0.00528	0.07451	0.99721	0.00319	-0.00550	-0.00279	0.99998	
37	0.18500	-0.14718	-14.45574	1.40702	0.09896	-0.13911	-0.88327	0.21427	0.99988	0.01542	0.00243	-0.01542	0.99988	0.00173	-0.00240	-0.00176	1.00000		0.75681	6.41235	0.39762	0.18149	-0.31454	4.27014	1.45542	0.99721	-0.07446	0.00549	0.07444	0.99722	0.00317	-0.00571	-0.00275	0.99998	
38	0.19000	-0.14234	-14.46443	1.45235	0.08863	-0.14163	-0.87858	0.21936	0.99988	0.01533	0.00247	-0.01534	0.99988	0.00155	-0.00245	-0.00158	1.00000		0.73163	6.38370	0.42714	0.17746	-0.31570	4.27258	1.44281	0.99721	-0.07450	0.00551	0.07448	0.99722	0.00310	-0.00573	-0.00268	0.99998	
39	0.19500	-0.14604	-14.44647	1.49744	0.08389	-0.14533	-0.88240	0.20874	0.99988	0.01540	0.00254	-0.01540	0.99988	0.00146	-0.00251	-0.00150	1.00000		0.77959	6.40169	0.45824	0.17552	-0.32680	4.26433	1.46690	0.99722	-0.07436	0.00570	0.07434	0.99723	0.00306	-0.00592	-0.00263	0.99998	
40	0.20000	-0.17083	-14.42279	1.54078	0.07666	-0.14592	-0.88169	0.22432	0.99988	0.01539	0.00255	-0.01539	0.99988	0.00134	-0.00253	-0.00138	1.00000		0.80072	6.39049	0.47662	0.17259	-0.33011	4.26649	1.46189	0.99721	-0.07439	0.00576	0.07438	0.99723	0.00301	-0.00597	-0.00258	0.99998	
41	0.20500	-0.20127	-14.40679	1.59252	0.07034	-0.14735	-0.87638	0.22191	0.99988	0.01530	0.00257	-0.01530	0.99988	0.00123	-0.00255	-0.00127	1.00000		0.84795	6.40849	0.50216	0.17312	-0.33758	4.26653	1.44443	0.99721	-0.07439	0.00589	0.07438	0.99723	0.00302	-0.00610	-0.00257	0.99998	
42	0.21000	-0.21682	-14.39084	1.63425	0.06219	-0.14899	-0.87742	0.21432	0.99988	0.01531	0.00260	-0.01532	0.99988	0.00109	-0.00258	-0.00113	1.00000		0.85151	6.40024	0.52833	0.16961	-0.34298	4.26744	1.44697	0.99721	-0.07441	0.00599	0.07439	0.99722	0.00296	-0.00619	-0.00251	0.99998	
43	0.21500	-0.25229	-14.37824	1.68707	0.05707	-0.14317	-0.87728	0.20730	0.99988	0.01531	0.00250	-0.01531	0.99988	0.00100	-0.00248	-0.00103	1.00000		0.90898	6.41812	0.57842	0.16928	-0.35024	4.26635	1.44748	0.99721	-0.07439	0.00611	0.07437	0.99723	0.00295	-0.00632	-0.00249	0.99998	
44	0.22000	-0.30167	-14.34037	1.71763	0.05467	-0.14761	-0.87604	0.19109	0.99988	0.01529	0.00258	-0.01529	0.99988	0.00095	-0.00256	-0.00099	1.00000		0.91277	6.40925	0.60686	0.16413	-0.35451	4.26070	1.43892	0.99722	-0.07429	0.00619	0.07428	0.99723	0.00286	-0.00638	-0.00240	0.99998	
45	0.22500	-0.31436	-14.33912	1.77446	0.04709	-0.14684	-0.87653	0.20716	0.99988	0.01530	0.00256	-0.01530	0.99988	0.00082	-0.00255	-0.00086	1.00000		0.96392	6.42674	0.62648	0.16367	-0.36073	4.25964	1.43947	0.99722	-0.07427	0.00630	0.07426	0.99723	0.00286	-0.00649	-0.00238	0.99998	
46	0.23000	-0.31290	-14.31318	1.79546	0.04210	-0.15376	-0.87444	0.21441	0.99988	0.01526	0.00268	-0.01526	0.99988	0.00073	-0.00267	-0.00078	1.00000		1.01672	6.43942	0.66288	0.16257	-0.36728	4.25929	1.44360	0.99722	-0.07427	0.00641	0.07425	0.99724	0.00284	-0.00660	-0.00235	0.99998	
47	0.23500	-0.37639	-14.29150	1.83550	0.03673	-0.15259	-0.86859	0.20244	0.99988	0.01516	0.00266	-0.01516	0.99988	0.00064	-0.00265	-0.00068	1.00000		1.00626	6.44971	0.69969	0.15894	-0.36993	4.26058	1.41150	0.99722	-0.07429	0.00646	0.07427	0.99723	0.00277	-0.00664	-0.00229	0.99998	
48	0.24000	-0.39669	-14.27283	1.87412	0.03209	-0.14874	-0.87246	0.19967	0.99988	0.01523	0.00260	-0.01523	0.99988	0.00056	-0.00259	-0.00060	1.00000		1.01516	6.46729	0.72665	0.15558	-0.37056	4.25857	1.42805	0.99722	-0.07426	0.00647	0.07424	0.99724	0.00272	-0.00665	-0.00223	0.99998	
49	0.24500	-0.40151	-14.25791	1.91518	0.02621	-0.15570	-0.87125	0.20967	0.99988	0.01521	0.00272	-0.01521	0.99988	0.00046	-0.00271	-0.00050	1.00000		1.05345	6.46693	0.75392	0.15118	-0.37324	4.25727	1.41613	0.99722	-0.07423	0.00651	0.07422	0.99724	0.00264	-0.00669	-0.00215	0.99998	
50	0.25000	-0.41080	-14.23560	1.94362	0.02261	-0.15614	-0.86849	0.21314	0.99988	0.01516	0.00273	-0.01516	0.99989	0.00039	-0.00272	-0.00044	1.00000		1.05562	6.46711	0.78322	0.14770	-0.37691	4.25342	1.40805	0.99722	-0.07417	0.00658	0.07415	0.99724	0.00258	-0.00675	-0.00208	0.99998	
51	0.25500	-0.45481	-14.22231	1.97960	0.01719	-0.15402	-0.87041	0.21421	0.99988	0.01519	0.00269	-0.01519	0.99988	0.00030	-0.00268	-0.00034	1.00000		1.10085	6.48108	0.82157	0.14261	-0.38013	4.25133	1.41568	0.99723	-0.07413	0.00663	0.07411	0.99725	0.00249	-0.00680	-0.00199	0.99997	
52	0.26000	-0.48229	-14.20018	2.01561	0.01066	-0.15474	-0.86437	0.21077	0.99988	0.01509	0.00270	-0.01509	0.99989	0.00019	-0.00270	-0.00023	1.00000		1.09970	6.52352	0.85257	0.14211	-0.38185	4.25199	1.40357	0.99723	-0.07414	0.00666	0.07413	0.99725	0.00248	-0.00683	-0.00198	0.99997	
53	0.26500	-0.49896	-14.16305	2.03945	0.01076	-0.15031	-0.86791	0.19732	0.99988	0.01515	0.00262	-0.01515	0.99989	0.00019	-0.00262	-0.00023	1.00000		1.13644	6.51569	0.89924	0.13582	-0.38242	4.25227	1.39748	0.99723	-0.07415	0.00667	0.07413	0.99725	0.00237	-0.00683	-0.00187	0.99997	
54	0.27000	-0.54097	-14.14047	2.06710	0.00758	-0.15181	-0.86657	0.22387	0.99988	0.01512	0.00265	-0.01512	0.99989	0.00013	-0.00265	-0.00017	1.00000		1.16622	6.54545	0.91477	0.13170	-0.38279	4.25025	1.39154	0.99723	-0.07411	0.00668	0.07410	0.99725	0.00230	-0.00683	-0.00180	0.99998	
55	0.27500	-0.58877	-14.12872	2.09649	0.00083	-0.14555	-0.86523	0.20905	0.99988	0.01510	0.00254	-0.01510	0.99989	0.00001	-0.00254	-0.00005	1.00000		1.14334	6.55927	0.94473	0.12618	-0.38011	4.24450	1.39456	0.99724	-0.07401	0.00663	0.07400	0.99726	0.00220	-0.00678	-0.00171	0.99998	
56	0.28000	-0.55779	-14.10853	2.11309	-0.00153	-0.15157	-0.86233	0.22089	0.99988	0.01505	0.00265	-0.01505	0.99989	-0.00003	-0.00265	-0.00001	1.00000		1.20685	6.56989	0.99011	0.12248	-0.38320	4.24493	1.36924	0.99723	-0.07402	0.00669	0.07401	0.99726	0.00214	-0.00683	-0.00164	0.99998	
57	0.28500	-0.60426	-14.07469	2.14217	-0.00505	-0.14902	-0.86127	0.22191	0.99988	0.01503	0.00260	-0.01503	0.99989	-0.00009	-0.00260	0.00005	1.00000		1.20583	6.57263	1.04224	0.11440	-0.38372	4.24424	1.38318	0.99724	-0.07401	0.00670	0.07399	0.99726	0.00200	-0.00683	-0.00150	0.99998	
58	0.29000	-0.62926	-14.04371	2.15025	-0.00668	-0.14742	-0.86428	0.20670	0.99988	0.01508	0.00257	-0.01508	0.99989	-0.00012	-0.00257	0.00008	1.00000		1.21749	6.59692	1.06152	0.11062	-0.37795	4.24240	1.36851	0.99724	-0.07397	0.00660	0.07396	0.99726	0.00193	-0.00672	-0.00144	0.99998	
59	0.29500	-0.64879	-14.06888	2.19040	-0.02027	-0.14374	-0.85934	0.20794	0.99988	0.01500	0.00251	-0.01500	0.99989	-0.00035	-0.00251	0.00032	1.00000		1.24212	6.62694	1.08900	0.10627	-0.37744	4.23895	1.37859	0.99724	-0.07391	0.00659	0.07390	0.99726	0.00185	-0.00671	-0.00136	0.99998	
60	0.30000	-0.64804	-14.04058	2.19963	-0.02266	-0.14718	-0.85877	0.20343	0.99988	0.01499	0.00257	-0.01499	0.99989	-0.00040	-0.00257	0.00036	1.00000		1.23019	6.63664	1.12135	0.09875	-0.37418	4.24078	1.35956	0.99724	-0.07395	0.00653	0.07394	0.99726	0.00172	-0.00664	-0.00124	0.99998	
61	0.30500	-0.70633	-14.02607	2.21700	-0.02478	-0.14397	-0.85794	0.21012	0.99988	0.01497	0.00251	-0.01497	0.99989	-0.00043	-0.00252	0.00039	1.00000		1.26117	6.66601	1.14402	0.09475	-0.37345	4.23418	1.35662	0.99725	-0.07383	0.00652	0.07382	0.99727	0.00165	-0.00662	-0.00117	0.99998	
62	0.31000	-0.69838	-13.99882	2.23789	-0.02728	-0.14113	-0.85957	0.19329	0.99988	0.01500	0.00246	-0.01500	0.99989	-0.00048	-0.00247	0.00044	1.00000		1.26481	6.69826	1.18668	0.09011	-0.37090	4.23365	1.34393	0.99725	-0.07382	0.00647	0.07381	0.99727	0.00157	-0.00657	-0.00109	0.99998	
63	0.31500	-0.73021	-13.96652	2.22235	-0.02765	-0.13882	-0.85597	0.20345	0.99989	0.01494	0.00242	-0.01494	0.99989	-0.00048	-0.00243	0.00045	1.00000		1.28053	6.71153	1.19966	0.08390	-0.36740	4.23322	1.33449	0.99725	-0.07381	0.00641	0.07381	0.99727	0.00146	-0.00650	-0.00099	0.99998	
64	0.32000	-0.79028	-13.91801	2.22059	-0.02372	-0.12662	-0.85841	0.20042	0.99989	0.01498	0.00221	-0.01498	0.99989	-0.00041	-0.00222	0.00038	1.00000		1.28360	6.73223	1.22093	0.07798	-0.35996	4.23192	1.33881	0.99725	-0.07379	0.00628	0.07379	0.99727	0.00136	-0.00637	-0.00089	0.99998	
65	0.32500	-0.80394	-13.91401	2.25441	-0.03071	-0.12536	-0.85788	0.19126	0.99989	0.01497	0.00219	-0.01497	0.99989	-0.00054	-0.00220	0.00050	1.00000		1.28316	6.74087	1.24164	0.06915	-0.35372	4.22992	1.33675	0.99726	-0.07376	0.00617	0.07375	0.99728	0.00121	-0.00625	-0.00075	0.99998	
66	0.33000	-0.81221	-13.90690	2.25821	-0.03483	-0.12145	-0.85769	0.19491	0.99989	0.01497	0.00212	-0.01497	0.99989	-0.00061	-0.00213	0.00058	1.00000		1.28207	6.76267	1.28128	0.06191	-0.34869	4.22930	1.32945	0.99726	-0.07375	0.00609	0.07374	0.99728	0.00108	-0.00615	-0.00063	0.99998	
67	0.33500	-0.88187	-13.84728	2.22743	-0.02933	-0.11165	-0.85536	0.20217	0.99989	0.01493	0.00195	-0.01493	0.99989	-0.00051	-0.00196	0.00048	1.00000		1.29477	6.79306	1.29196	0.05647	-0.34460	4.22410	1.32450	0.99727	-0.07366	0.00601	0.07365	0.99728	0.00099	-0.00607	-0.00054	0.99998	
68	0.34000	-0.89076	-13.81732	2.22110	-0.02678	-0.10785	-0.85118	0.19997	0.99989	0.01486	0.00188	-0.01485	0.99989	-0.00047	-0.00189	0.00044	1.00000		1.30369	6.81393	1.32472	0.04988	-0.33641	4.22264	1.31734	0.99727	-0.07363	0.00587	0.07363	0.99729	0.00087	-0.00592	-0.00044	0.99998	
69	0.34500	-0.89045	-13.80387	2.21576	-0.03182	-0.10725	-0.85523	0.19888	0.99989	0.01493	0.00187	-0.01492	0.99989	-0.00056	-0.00188	0.00053	1.00000		1.31054	6.84742	1.34077	0.04402	-0.33070	4.22322	1.31061	0.99727	-0.07364	0.00577	0.07364	0.99728	0.00077	-0.00581	-0.00034	0.99998	
70	0.35000	-0.94500	-13.74975	2.20376	-0.02651	-0.09180	-0.85761	0.19028	0.99989	0.01497	0.00160	-0.01497	0.99989	-0.00046	-0.00161	0.00044	1.00000		1.27677	6.84301	1.37490	0.03536	-0.31955	4.21881	1.31021	0.99727	-0.07356	0.00558	0.07356	0.99729	0.00062	-0.00561	-0.00021	0.99998	
71	0.35500	-0.94393	-13.75569	2.18812	-0.03098	-0.08956	-0.85784	0.18778	0.99989	0.01497	0.00156	-0.01497	0.99989	-0.00054	-0.00157	0.00052	1.00000		1.28218	6.88053	1.39450	0.02845	-0.31370	4.21749	1.29007	0.99728	-0.07354	0.00548	0.07354	0.99729	0.00050	-0.00550	-0.00009	0.99998	
72	0.36000	-0.98206	-13.71399	2.18237	-0.02862	-0.08010	-0.85282	0.20517	0.99989	0.01488	0.00140	-0.01488	0.99989	-0.00050	-0.00141	0.00048	1.00000		1.25622	6.90148	1.40872	0.02101	-0.30308	4.21246	1.30877	0.99728	-0.07345	0.00529	0.07345	0.99730	0.00037	-0.00530	0.00002	0.99999	
73	0.36500	-1.02663	-13.69076	2.15845	-0.02962	-0.07299	-0.85125	0.18906	0.99989	0.01486	0.00127	-0.01486	0.99989	-0.00052	-0.00128	0.00050	1.00000		1.25941	6.90643	1.42802	0.01267	-0.29586	4.21360	1.28715	0.99728	-0.07347	0.00516	0.07347	0.99730	0.00022	-0.00517	0.00016	0.99999	
74	0.37000	-1.03310	-13.66532	2.14906	-0.02698	-0.06483	-0.85150	0.19809	0.99989	0.01486	0.00113	-0.01486	0.99989	-0.00047	-0.00114	0.00045	1.00000		1.27277	6.92817	1.43045	0.00330	-0.28814	4.21295	1.26726	0.99729	-0.07346	0.00503	0.07346	0.99730	0.00006	-0.00502	0.00031	0.99999	
75	0.37500	-1.01297	-13.66756	2.13062	-0.03192	-0.06039	-0.85018	0.20479	0.99989	0.01484	0.00105	-0.01484	0.99989	-0.00056	-0.00106	0.00054	1.00000		1.26229	6.93323	1.45083	-0.00508	-0.27833	4.21456	1.26706	0.99728	-0.07349	0.00486	0.07349	0.99730	-0.00009	-0.00484	0.00045	0.99999	
76	0.38000	-1.06525	-13.62450	2.09832	-0.02761	-0.05066	-0.85103	0.20627	0.99989	0.01485	0.00088	-0.01485	0.99989	-0.00048	-0.00089	0.00047	1.00000		1.23768	6.97040	1.46642	-0.01032	-0.26946	4.21142	1.26324	0.99729	-0.07344	0.00470	0.07344	0.99730	-0.00018	-0.00468	0.00052	0.99999	
77	0.38500	-1.06753	-13.61587	2.07399	-0.02739	-0.04087	-0.85050	0.20903	0.99989	0.01484	0.00071	-0.01484	0.99989	-0.00048	-0.00072	0.00047	1.00000		1.25418	6.96156	1.48437	-0.02082	-0.25773	4.21249	1.24927	0.99729	-0.07345	0.00450	0.07346	0.99730	-0.00036	-0.00446	0.00069	0.99999	
78	0.39000	-1.09527	-13.59647	2.03559	-0.02919	-0.03439	-0.85302	0.19651	0.99989	0.01489	0.00060	-0.01489	0.99989	-0.00051	-0.00061	0.00050	1.00000		1.24887	7.00186	1.50811	-0.02637	-0.25036	4.20665	1.25156	0.99730	-0.07335	0.00437	0.07336	0.99731	-0.00046	-0.00432	0.00078	0.99999	
79	0.39500	-1.09795	-13.57158	2.00087	-0.02393	-0.02177	-0.85254	0.18794	0.99989	0.01488	0.00038	-0.01488	0.99989	-0.00042	-0.00039	0.00041	1.00000		1.21589	7.00029	1.51374	-0.03507	-0.23851	4.21096	1.24509	0.99729	-0.07343	0.00416	0.07343	0.99730	-0.00061	-0.00411	0.00092	0.99999	
80	0.40000	-1.09419	-13.57595	1.98249	-0.02813	-0.01897	-0.84807	0.19964	0.99989	0.01480	0.00033	-0.01480	0.99989	-0.00049	-0.00034	0.00049	1.00000		1.22352	7.03890	1.52773	-0.03940	-0.22692	4.20390	1.25056	0.99730	-0.07331	0.00396	0.07331	0.99731	-0.00069	-0.00390	0.00098	0.99999	
81	0.40500	-1.11802	-13.55633	1.94683	-0.02827	-0.00987	-0.84858	0.21003	0.99989	0.01481	0.00017	-0.01481	0.99989	-0.00049	-0.00018	0.00049	1.00000		1.20692	7.04194	1.54962	-0.04755	-0.21921	4.21126	1.23248	0.99729	-0.07343	0.00383	0.07344	0.99730	-0.00083	-0.00375	0.00111	0.99999	
82	0.41000	-1.15915	-13.52891	1.90351	-0.02254	0.00534	-0.85306	0.19257	0.99989	0.01489	-0.00009	-0.01489	0.99989	-0.00039	0.00009	0.00039	1.00000		1.18444	7.07068	1.55745	-0.05308	-0.20786	4.20435	1.22662	0.99730	-0.07331	0.00363	0.07332	0.99731	-0.00093	-0.00355	0.00119	0.99999	
83	0.41500	-1.14746	-13.53512	1.87535	-0.02476	0.01395	-0.85194	0.20761	0.99989	0.01487	-0.00024	-0.01487	0.99989	-0.00043	0.00024	0.00044	1.00000		1.18710	7.09762	1.56927	-0.05788	-0.20002	4.20409	1.23701	0.99730	-0.07331	0.00349	0.07331	0.99731	-0.00101	-0.00341	0.00126	0.99999	
84	0.42000	-1.14973	-13.49906	1.81588	-0.02057	0.02178	-0.84484	0.22393	0.99989	0.01474	-0.00038	-0.01474	0.99989	-0.00036	0.00037	0.00036	1.00000		1.15458	7.09348	1.57850	-0.06852	-0.19041	4.20118	1.23371	0.99731	-0.07326	0.00332	0.07326	0.99731	-0.00120	-0.00323	0.00144	0.99999	
85	0.42500	-1.16431	-13.51094	1.76751	-0.02210	0.03415	-0.84838	0.21050	0.99989	0.01481	-0.00060	-0.01481	0.99989	-0.00039	0.00059	0.00039	1.00000		1.12255	7.11562	1.56660	-0.07184	-0.17552	4.20440	1.20765	0.99730	-0.07331	0.00306	0.07332	0.99731	-0.00125	-0.00296	0.00148	0.99999	
86	0.43000	-1.19378	-13.49724	1.72061	-0.01938	0.04749	-0.85028	0.18051	0.99989	0.01484	-0.00083	-0.01484	0.99989	-0.00034	0.00082	0.00035	1.00000		1.12530	7.15536	1.58473	-0.07560	-0.16610	4.20084	1.21733	0.99731	-0.07325	0.00290	0.07326	0.99731	-0.00132	-0.00279	0.00153	0.99999	
87	0.43500	-1.21263	-13.48238	1.67469	-0.01700	0.05732	-0.85302	0.19644	0.99989	0.01489	-0.00100	-0.01489	0.99989	-0.00030	0.00100	0.00031	1.00000		1.11530	7.15594	1.58105	-0.08410	-0.15507	4.20150	1.20783	0.99731	-0.07326	0.00271	0.07327	0.99731	-0.00147	-0.00259	0.00166	1.00000	
88	0.44000	-1.22279	-13.46353	1.62713	-0.01374	0.07136	-0.84856	0.20787	0.99989	0.01481	-0.00125	-0.01481	0.99989	-0.00024	0.00124	0.00026	1.00000		1.12943	7.18207	1.58355	-0.08782	-0.14759	4.20354	1.19810	0.99731	-0.07330	0.00258	0.07330	0.99731	-0.00153	-0.00246	0.00172	1.00000	
89	0.44500	-1.25664	-13.44602	1.57694	-0.01017	0.07794	-0.84871	0.21231	0.99989	0.01481	-0.00136	-0.01481	0.99989	-0.00018	0.00136	0.00020	1.00000		1.08681	7.19318	1.57351	-0.09332	-0.13785	4.20402	1.18994	0.99731	-0.07331	0.00241	0.07331	0.99731	-0.00163	-0.00228	0.00180	1.00000	
90	0.45000	-1.23315	-13.46014	1.52222	-0.00945	0.08744	-0.85116	0.20204	0.99989	0.01485	-0.00153	-0.01486	0.99989	-0.00016	0.00152	0.00019	1.00000		1.06249	7.17737	1.58627	-0.10062	-0.12891	4.20026	1.17185	0.99731	-0.07324	0.00225	0.07325	0.99731	-0.00176	-0.00212	0.00192	1.00000	
91	0.45500	-1.25921	-13.44825	1.45847	-0.00557	0.10211	-0.85486	0.19851	0.99989	0.01492	-0.00178	-0.01492	0.99989	-0.00010	0.00178	0.00012	1.00000		1.05690	7.20989	1.58832	-0.10440	-0.11961	4.20139	1.18705	0.99731	-0.07326	0.00209	0.07327	0.99731	-0.00182	-0.00195	0.00197	1.00000	
92	0.46000	-1.25392	-13.43908	1.40234	-0.00431	0.10738	-0.85646	0.20404	0.99989	0.01495	-0.00187	-0.01495	0.99989	-0.00008	0.00187	0.00010	1.00000		1.01981	7.24048	1.58521	-0.10505	-0.10740	4.20218	1.17252	0.99731	-0.07328	0.00187	0.07328	0.99731	-0.00183	-0.00174	0.00197	1.00000	
93	0.46500	-1.28525	-13.43181	1.34041	0.00157	0.12548	-0.85778	0.20678	0.99989	0.01497	-0.00219	-0.01497	0.99989	0.00003	0.00219	0.00001	1.00000		1.03661	7.23485	1.58101	-0.11055	-0.10307	4.20155	1.17032	0.99731	-0.07327	0.00180	0.07327	0.99731	-0.00193	-0.00165	0.00206	1.00000	
94	0.47000	-1.32879	-13.37214	1.24694	0.01712	0.14684	-0.85846	0.20043	0.99988	0.01498	-0.00256	-0.01498	0.99989	0.00030	0.00257	-0.00026	1.00000		0.98944	7.25626	1.57110	-0.11227	-0.09107	4.20075	1.16666	0.99731	-0.07325	0.00159	0.07325	0.99731	-0.00196	-0.00144	0.00207	1.00000	
95	0.47500	-1.31841	-13.39752	1.18071	0.01697	0.15412	-0.85973	0.20491	0.99988	0.01500	-0.00269	-0.01500	0.99989	0.00030	0.00269	-0.00026	1.00000		0.96971	7.26046	1.56351	-0.11554	-0.08547	4.20165	1.17401	0.99731	-0.07327	0.00149	0.07327	0.99731	-0.00202	-0.00134	0.00212	1.00000	
96	0.48000	-1.32417	-13.37877	1.11643	0.02135	0.16086	-0.85584	0.22147	0.99988	0.01494	-0.00281	-0.01494	0.99989	0.00037	0.00281	-0.00033	1.00000		0.96349	7.27590	1.56481	-0.11869	-0.07877	4.19975	1.17058	0.99731	-0.07323	0.00137	0.07324	0.99731	-0.00207	-0.00122	0.00217	1.00000	
97	0.48500	-1.36142	-13.38219	1.04812	0.02508	0.17692	-0.85638	0.19743	0.99988	0.01495	-0.00309	-0.01494	0.99989	0.00044	0.00309	-0.00039	1.00000		0.92536	7.29808	1.55472	-0.11815	-0.07039	4.19611	1.17771	0.99732	-0.07317	0.00123	0.07317	0.99732	-0.00206	-0.00107	0.00215	1.00000	
98	0.49000	-1.29145	-13.37729	0.96397	0.03026	0.17870	-0.86535	0.20682	0.99988	0.01510	-0.00312	-0.01510	0.99989	0.00053	0.00313	-0.00048	1.00000		0.88599	7.29109	1.55356	-0.12257	-0.05996	4.19922	1.17016	0.99731	-0.07322	0.00105	0.07323	0.99731	-0.00214	-0.00089	0.00221	1.00000	
99	0.49500	-1.30216	-13.37167	0.89324	0.03470	0.19232	-0.86063	0.18566	0.99988	0.01502	-0.00336	-0.01502	0.99989	0.00061	0.00337	-0.00056	0.99999		0.91596	7.31402	1.55962	-0.12265	-0.05394	4.20248	1.14785	0.99731	-0.07328	0.00094	0.07328	0.99731	-0.00214	-0.00078	0.00220	1.00000	
100	0.50000	-1.28741	-13.37640	0.80998	0.03697	0.19854	-0.86282	0.19086	0.99988	0.01506	-0.00347	-0.01506	0.99989	0.00065	0.00347	-0.00059	0.99999		0.87348	7.31051	1.53362	-0.12549	-0.04687	4.20106	1.15111	0.99731	-0.07326	0.00082	0.07326	0.99731	-0.00219	-0.00066	0.00224	1.00000	
101	0.50500	-1.32058	-13.37097	0.75707	0.04368	0.21087	-0.86527	0.17022	0.99988	0.01510	-0.00368	-0.01510	0.99989	0.00076	0.00369	-0.00071	0.99999		0.86016	7.32489	1.54119	-0.12551	-0.04246	4.20087	1.15860	0.99731	-0.07325	0.00074	0.07325	0.99731	-0.00219	-0.00058	0.00224	1.00000	
102	0.51000	-1.29152	-13.39586	0.65789	0.04501	0.21638	-0.86699	0.16494	0.99988	0.01513	-0.00378	-0.01513	0.99989	0.00079	0.00379	-0.00073	0.99999		0.81239	7.33191	1.52729	-0.12593	-0.03283	4.19919	1.14630	0.99732	-0.07322	0.00057	0.07323	0.99731	-0.00220	-0.00041	0.00223	1.00000	
103	0.51500	-1.25904	-13.39403	0.60064	0.04717	0.22115	-0.86515	0.18823	0.99988	0.01510	-0.00386	-0.01510	0.99989	0.00082	0.00387	-0.00076	0.99999		0.82574	7.35061	1.51647	-0.12552	-0.02971	4.19427	1.16307	0.99732	-0.07314	0.00052	0.07314	0.99732	-0.00219	-0.00036	0.00222	1.00000	
104	0.52000	-1.24357	-13.40074	0.52512	0.04920	0.22547	-0.86073	0.17666	0.99988	0.01502	-0.00394	-0.01502	0.99989	0.00086	0.00395	-0.00080	0.99999		0.77899	7.33575	1.51407	-0.12560	-0.02369	4.20020	1.15646	0.99731	-0.07324	0.00041	0.07324	0.99731	-0.00219	-0.00025	0.00222	1.00000	
105	0.52500	-1.24368	-13.40067	0.45622	0.05368	0.23377	-0.85969	0.19248	0.99988	0.01500	-0.00408	-0.01500	0.99989	0.00094	0.00409	-0.00088	0.99999		0.76735	7.34356	1.49978	-0.12360	-0.01994	4.20094	1.16338	0.99731	-0.07325	0.00035	0.07326	0.99731	-0.00216	-0.00019	0.00218	1.00000	
106	0.53000	-1.26120	-13.41305	0.36951	0.05838	0.24163	-0.86381	0.17428	0.99988	0.01508	-0.00422	-0.01507	0.99989	0.00102	0.00423	-0.00096	0.99999		0.73246	7.34351	1.48045	-0.12398	-0.01407	4.20134	1.16147	0.99731	-0.07326	0.00025	0.07326	0.99731	-0.00216	-0.00009	0.00218	1.00000	
107	0.53500	-1.23939	-13.42347	0.30527	0.06075	0.24539	-0.86352	0.16607	0.99988	0.01507	-0.00428	-0.01507	0.99989	0.00106	0.00430	-0.00100	0.99999		0.71624	7.35795	1.47056	-0.12256	-0.01151	4.19395	1.18318	0.99732	-0.07313	0.00020	0.07313	0.99732	-0.00214	-0.00004	0.00215	1.00000	
108	0.54000	-1.23700	-13.43527	0.23823	0.06405	0.25183	-0.86210	0.18075	0.99988	0.01505	-0.00440	-0.01504	0.99989	0.00112	0.00441	-0.00105	0.99999		0.65170	7.34425	1.44409	-0.12109	-0.00626	4.20026	1.15144	0.99731	-0.07324	0.00011	0.07324	0.99731	-0.00211	0.00005	0.00212	1.00000	
109	0.54500	-1.18540	-13.44266	0.17510	0.06634	0.25231	-0.86079	0.16579	0.99988	0.01502	-0.00440	-0.01502	0.99989	0.00116	0.00442	-0.00109	0.99999		0.62741	7.35801	1.43499	-0.11904	-0.00199	4.20073	1.14949	0.99731	-0.07325	0.00003	0.07325	0.99731	-0.00208	0.00012	0.00207	1.00000	
110	0.55000	-1.18190	-13.45112	0.09255	0.07159	0.25621	-0.86007	0.18541	0.99988	0.01501	-0.00447	-0.01500	0.99989	0.00125	0.00449	-0.00118	0.99999		0.63102	7.34837	1.41526	-0.11493	-0.00135	4.20327	1.16988	0.99731	-0.07330	0.00002	0.07330	0.99731	-0.00201	0.00012	0.00200	1.00000	
111	0.55500	-1.19057	-13.47912	0.03443	0.07432	0.26057	-0.86485	0.17790	0.99988	0.01509	-0.00455	-0.01509	0.99989	0.00130	0.00457	-0.00123	0.99999		0.59733	7.34684	1.40393	-0.11153	0.00216	4.20509	1.15097	0.99731	-0.07333	-0.00004	0.07333	0.99731	-0.00195	0.00018	0.00194	1.00000	
112	0.56000	-1.15226	-13.48420	-0.05042	0.07556	0.26186	-0.86080	0.16497	0.99988	0.01502	-0.00457	-0.01502	0.99989	0.00132	0.00459	-0.00125	0.99999		0.58031	7.35505	1.39964	-0.10749	0.00472	4.20318	1.16843	0.99731	-0.07329	-0.00008	0.07329	0.99731	-0.00188	0.00022	0.00186	1.00000	
113	0.56500	-1.16107	-13.48801	-0.11415	0.08011	0.26027	-0.86316	0.17598	0.99988	0.01506	-0.00454	-0.01506	0.99989	0.00140	0.00456	-0.00133	0.99999		0.52936	7.32977	1.36383	-0.10655	0.00543	4.19948	1.20173	0.99732	-0.07323	-0.00009	0.07323	0.99731	-0.00186	0.00023	0.00185	1.00000	
114	0.57000	-1.12562	-13.50409	-0.18920	0.08253	0.26320	-0.86372	0.17840	0.99988	0.01507	-0.00459	-0.01507	0.99989	0.00144	0.00461	-0.00137	0.99999		0.49122	7.34965	1.34563	-0.09862	0.00833	4.20381	1.18865	0.99731	-0.07330	-0.00015	0.07330	0.99731	-0.00172	0.00027	0.00171	1.00000	
115	0.57500	-1.14994	-13.51138	-0.24996	0.08699	0.26730	-0.86268	0.18315	0.99988	0.01506	-0.00467	-0.01505	0.99989	0.00152	0.00469	-0.00145	0.99999		0.49650	7.36694	1.34310	-0.09032	0.00886	4.20308	1.21436	0.99731	-0.07329	-0.00015	0.07329	0.99731	-0.00158	0.00027	0.00156	1.00000	
116	0.58000	-1.14487	-13.52270	-0.31499	0.09287	0.27192	-0.86677	0.18634	0.99987	0.01513	-0.00475	-0.01512	0.99988	0.00162	0.00477	-0.00155	0.99999		0.46289	7.34456	1.31757	-0.08738	0.00834	4.20438	1.20189	0.99731	-0.07331	-0.00015	0.07331	0.99731	-0.00153	0.00026	0.00151	1.00000	
117	0.58500	-1.12392	-13.53488	-0.40749	0.09470	0.26709	-0.86712	0.18388	0.99987	0.01513	-0.00466	-0.01513	0.99988	0.00165	0.00469	-0.00158	0.99999		0.46584	7.34395	1.30054	-0.08139	0.01052	4.20397	1.20838	0.99731	-0.07331	-0.00018	0.07331	0.99731	-0.00142	0.00029	0.00140	1.00000	
118	0.59000	-1.16768	-13.49658	-0.49766	0.10912	0.27196	-0.86290	0.19907	0.99988	0.01506	-0.00475	-0.01505	0.99988	0.00190	0.00477	-0.00183	0.99999		0.35130	7.33543	1.27511	-0.07922	0.01698	4.19941	1.23172	0.99732	-0.07323	-0.00030	0.07323	0.99731	-0.00138	0.00040	0.00136	1.00000	
119	0.59500	-1.07718	-13.56381	-0.53531	0.10207	0.26162	-0.86584	0.18702	0.99988	0.01511	-0.00457	-0.01510	0.99988	0.00178	0.00459	-0.00171	0.99999		0.40635	7.31912	1.26277	-0.07120	0.01154	4.20101	1.22339	0.99731	-0.07326	-0.00020	0.07326	0.99731	-0.00124	0.00029	0.00122	1.00000	
120	0.60000	-1.05754	-13.56665	-0.60142	0.10636	0.25458	-0.86329	0.19648	0.99988	0.01507	-0.00444	-0.01506	0.99988	0.00186	0.00447	-0.00179	0.99999		0.31793	7.30989	1.23206	-0.06968	0.01739	4.20290	1.22052	0.99731	-0.07329	-0.00030	0.07329	0.99731	-0.00122	0.00039	0.00119	1.00000	
121	0.60500	-1.04161	-13.60653	-0.64474	0.10526	0.25281	-0.86343	0.19506	0.99988	0.01507	-0.00441	-0.01506	0.99988	0.00184	0.00444	-0.00177	0.99999		0.30860	7.30108	1.21818	-0.06187	0.01796	4.20445	1.22323	0.99731	-0.07332	-0.00031	0.07332	0.99731	-0.00108	0.00039	0.00105	1.00000	
122	0.61000	-1.00310	-13.56824	-0.73973	0.12029	0.25309	-0.87364	0.19289	0.99987	0.01525	-0.00442	-0.01524	0.99988	0.00210	0.00445	-0.00203	0.99999		0.29309	7.28257	1.19506	-0.05679	0.01774	4.20318	1.25381	0.99731	-0.07329	-0.00031	0.07329	0.99731	-0.00099	0.00038	0.00097	1.00000	
123	0.61500	-1.01658	-13.58062	-0.78755	0.12356	0.25415	-0.87530	0.18435	0.99987	0.01528	-0.00444	-0.01527	0.99988	0.00216	0.00447	-0.00209	0.99999		0.24940	7.28295	1.18634	-0.04997	0.01723	4.19934	1.26820	0.99732	-0.07323	-0.00030	0.07323	0.99731	-0.00087	0.00036	0.00085	1.00000	
124	0.62000	-0.98900	-13.58189	-0.86177	0.13012	0.24387	-0.87497	0.20739	0.99987	0.01527	-0.00426	-0.01526	0.99988	0.00227	0.00429	-0.00221	0.99999		0.24279	7.27512	1.15421	-0.04235	0.01933	4.20454	1.27078	0.99731	-0.07332	-0.00034	0.07332	0.99731	-0.00074	0.00039	0.00071	1.00000	
125	0.62500	-1.00718	-13.60736	-0.89340	0.13325	0.24653	-0.87774	0.19686	0.99987	0.01532	-0.00430	-0.01531	0.99988	0.00233	0.00434	-0.00226	0.99999		0.21652	7.25740	1.15079	-0.03678	0.01883	4.20108	1.28187	0.99731	-0.07326	-0.00033	0.07326	0.99731	-0.00064	0.00037	0.00062	1.00000	
126	0.63000	-0.98127	-13.62661	-0.94985	0.13401	0.23539	-0.87130	0.20622	0.99988	0.01521	-0.00411	-0.01520	0.99988	0.00234	0.00414	-0.00228	0.99999		0.19184	7.25046	1.11657	-0.03183	0.02239	4.20354	1.28087	0.99731	-0.07330	-0.00039	0.07330	0.99731	-0.00056	0.00043	0.00053	1.00000	
127	0.63500	-0.91542	-13.64228	-1.00494	0.13566	0.22604	-0.87193	0.21270	0.99988	0.01522	-0.00395	-0.01521	0.99988	0.00237	0.00398	-0.00231	0.99999		0.14556	7.23013	1.09091	-0.02552	0.02386	4.20582	1.28260	0.99731	-0.07334	-0.00042	0.07334	0.99731	-0.00045	0.00045	0.00041	1.00000	
128	0.64000	-0.94352	-13.64721	-1.07264	0.14069	0.21760	-0.87468	0.21803	0.99988	0.01527	-0.00380	-0.01526	0.99988	0.00246	0.00383	-0.00240	0.99999		0.12619	7.24305	1.04952	-0.01414	0.02621	4.20743	1.28698	0.99730	-0.07337	-0.00046	0.07337	0.99730	-0.00025	0.00047	0.00021	1.00000	
129	0.64500	-0.91969	-13.66714	-1.10401	0.14360	0.20844	-0.87714	0.21623	0.99988	0.01531	-0.00364	-0.01530	0.99988	0.00251	0.00368	-0.00245	0.99999		0.11358	7.22254	1.03934	-0.00911	0.02230	4.20856	1.30427	0.99730	-0.07339	-0.00039	0.07339	0.99730	-0.00016	0.00040	0.00013	1.00000	
130	0.65000	-0.89240	-13.70525	-1.14116	0.14201	0.19524	-0.87465	0.20902	0.99988	0.01526	-0.00341	-0.01526	0.99988	0.00248	0.00344	-0.00243	0.99999		0.07419	7.23890	1.01893	0.00091	0.02823	4.20900	1.30851	0.99730	-0.07339	-0.00049	0.07339	0.99730	0.00002	0.00049	-0.00005	1.00000	
131	0.65500	-0.84426	-13.72113	-1.17642	0.14415	0.18673	-0.87497	0.22079	0.99988	0.01527	-0.00326	-0.01526	0.99988	0.00252	0.00330	-0.00247	0.99999		0.06567	7.20813	0.99159	0.00406	0.02998	4.20857	1.31554	0.99730	-0.07339	-0.00052	0.07339	0.99730	0.00007	0.00052	-0.00011	1.00000	
132	0.66000	-0.85717	-13.74051	-1.21120	0.14526	0.17493	-0.87379	0.22137	0.99988	0.01525	-0.00305	-0.01524	0.99988	0.00254	0.00309	-0.00249	0.99999		0.02138	7.19690	0.99402	0.01018	0.03124	4.20914	1.31938	0.99730	-0.07340	-0.00055	0.07340	0.99730	0.00018	0.00053	-0.00022	1.00000	
133	0.66500	-0.80009	-13.75190	-1.25157	0.14768	0.15918	-0.87330	0.23469	0.99988	0.01524	-0.00278	-0.01523	0.99988	0.00258	0.00282	-0.00253	0.99999		0.00756	7.17508	0.96552	0.01621	0.03389	4.20791	1.34345	0.99730	-0.07338	-0.00059	0.07338	0.99730	0.00028	0.00057	-0.00033	1.00000	
134	0.67000	-0.75507	-13.78361	-1.29847	0.14665	0.14281	-0.87717	0.22522	0.99988	0.01531	-0.00249	-0.01530	0.99988	0.00256	0.00253	-0.00252	0.99999		-0.02153	7.16610	0.93508	0.02326	0.03621	4.21174	1.33761	0.99730	-0.07344	-0.00063	0.07344	0.99730	0.00041	0.00060	-0.00045	1.00000	
135	0.67500	-0.72017	-13.81094	-1.31807	0.14661	0.13045	-0.87489	0.22170	0.99988	0.01527	-0.00228	-0.01526	0.99988	0.00256	0.00232	-0.00252	0.99999		-0.04698	7.15573	0.90952	0.02963	0.03775	4.21144	1.34969	0.99730	-0.07344	-0.00066	0.07344	0.99730	0.00052	0.00062	-0.00056	1.00000	
136	0.68000	-0.74539	-13.82768	-1.35651	0.15057	0.11680	-0.87482	0.23302	0.99988	0.01527	-0.00204	-0.01526	0.99988	0.00263	0.00208	-0.00260	0.99999		-0.08166	7.15346	0.90361	0.03884	0.04070	4.21140	1.36567	0.99730	-0.07344	-0.00071	0.07344	0.99730	0.00068	0.00066	-0.00073	1.00000	
137	0.68500	-0.67255	-13.86153	-1.38205	0.14832	0.09791	-0.87556	0.23866	0.99988	0.01528	-0.00171	-0.01528	0.99988	0.00259	0.00175	-0.00256	1.00000		-0.05727	7.14525	0.87103	0.04526	0.04239	4.21001	1.38648	0.99730	-0.07341	-0.00074	0.07341	0.99730	0.00079	0.00068	-0.00084	1.00000	
138	0.69000	-0.66473	-13.85830	-1.41506	0.15289	0.08661	-0.87578	0.22656	0.99988	0.01528	-0.00151	-0.01528	0.99988	0.00267	0.00155	-0.00265	1.00000		-0.10406	7.12055	0.83553	0.04798	0.04778	4.21430	1.39973	0.99730	-0.07349	-0.00083	0.07349	0.99730	0.00084	0.00077	-0.00090	1.00000	
139	0.69500	-0.62277	-13.89108	-1.42259	0.15361	0.06697	-0.87754	0.22363	0.99988	0.01532	-0.00117	-0.01531	0.99988	0.00268	0.00121	-0.00266	1.00000		-0.13329	7.10102	0.84035	0.05387	0.05149	4.21751	1.38111	0.99729	-0.07354	-0.00090	0.07354	0.99729	0.00094	0.00083	-0.00100	1.00000	
140	0.70000	-0.62166	-13.91496	-1.44103	0.15374	0.05672	-0.87508	0.22513	0.99988	0.01527	-0.00099	-0.01527	0.99988	0.00268	0.00103	-0.00267	1.00000		-0.15286	7.09460	0.83366	0.06197	0.05517	4.21246	1.42159	0.99730	-0.07346	-0.00096	0.07346	0.99730	0.00108	0.00088	-0.00115	1.00000	
