NO_OF_FRAMES	12037
NO_OF_CAMERAS	8
NO_OF_BODIES	2
FREQUENCY	200
NO_OF_ANALOG	0
ANALOG_FREQUENCY	0
DESCRIPTION	--
TIME_STAMP	2013-07-04, 17:03:47	116642.15283106
DATA_INCLUDED	6D
BODY_NAMES	Ice 2 V2	Ice 3
Frame	Time	Ice 2 V2 X	Y	Z	Roll	Pitch	Yaw	Residual	Rot[0]	Rot[1]	Rot[2]	Rot[3]	Rot[4]	Rot[5]	Rot[6]	Rot[7]	Rot[8]	Ice 3 X	Y	Z	Roll	Pitch	Yaw	Residual	Rot[0]	Rot[1]	Rot[2]	Rot[3]	Rot[4]	Rot[5]	Rot[6]	Rot[7]	Rot[8]	
1	0.00500	-7.19285	1.05751	1.28942	-0.12747	-0.12816	-0.99003	2.14551	0.99985	0.01728	0.00224	-0.01727	0.99985	-0.00222	-0.00227	0.00219	1.00000		-1.95760	3.02863	0.35819	-0.00831	-0.15414	4.17199	0.17894	0.99735	-0.07275	0.00269	0.07275	0.99735	-0.00014	-0.00267	0.00034	1.00000	
2	0.01000	-7.21755	1.07484	1.28745	-0.12418	-0.12093	-0.99468	2.10854	0.99985	0.01736	0.00211	-0.01735	0.99985	-0.00217	-0.00215	0.00213	1.00000		-1.96055	3.02681	0.36685	-0.00633	-0.15915	4.17132	0.16106	0.99735	-0.07274	0.00278	0.07274	0.99735	-0.00011	-0.00276	0.00031	1.00000	
3	0.01500	-7.25146	1.07940	1.28807	-0.12365	-0.11195	-0.99965	2.11874	0.99985	0.01745	0.00195	-0.01744	0.99985	-0.00216	-0.00199	0.00212	1.00000		-1.93428	3.04841	0.38908	-0.00088	-0.16333	4.17140	0.15189	0.99735	-0.07274	0.00285	0.07274	0.99735	-0.00002	-0.00284	0.00022	1.00000	
4	0.02000	-7.27351	1.09070	1.30006	-0.12178	-0.09870	-0.99480	2.13086	0.99985	0.01736	0.00172	-0.01736	0.99985	-0.00213	-0.00176	0.00210	1.00000		-1.92029	3.09060	0.42010	0.00771	-0.16557	4.17001	0.17143	0.99735	-0.07272	0.00289	0.07272	0.99735	0.00013	-0.00289	0.00008	1.00000	
5	0.02500	-7.28943	1.10493	1.30284	-0.11710	-0.09398	-0.99987	2.11000	0.99985	0.01745	0.00164	-0.01745	0.99985	-0.00204	-0.00168	0.00201	1.00000		-1.91965	3.11265	0.44272	0.01408	-0.16939	4.16619	0.17040	0.99735	-0.07265	0.00296	0.07265	0.99736	0.00025	-0.00297	-0.00003	1.00000	
6	0.03000	-7.31086	1.11643	1.33034	-0.11432	-0.08084	-1.00031	2.12103	0.99985	0.01746	0.00141	-0.01745	0.99985	-0.00200	-0.00145	0.00197	1.00000		-1.91351	3.15063	0.47892	0.02196	-0.17367	4.16526	0.17973	0.99735	-0.07263	0.00303	0.07263	0.99736	0.00038	-0.00305	-0.00016	1.00000	
7	0.03500	-7.31326	1.12539	1.31645	-0.11088	-0.07348	-0.99940	2.11404	0.99985	0.01744	0.00128	-0.01744	0.99985	-0.00194	-0.00132	0.00191	1.00000		-1.87809	3.18558	0.50234	0.03123	-0.17727	4.17144	0.16570	0.99735	-0.07274	0.00309	0.07274	0.99735	0.00055	-0.00313	-0.00032	1.00000	
8	0.04000	-7.32339	1.12490	1.33689	-0.11049	-0.06653	-1.00014	2.12685	0.99985	0.01745	0.00116	-0.01745	0.99985	-0.00193	-0.00119	0.00191	1.00000		-1.89000	3.22519	0.52790	0.03943	-0.17828	4.17359	0.17326	0.99734	-0.07278	0.00311	0.07278	0.99735	0.00069	-0.00315	-0.00046	0.99999	
9	0.04500	-7.39293	1.13507	1.35242	-0.10522	-0.05672	-0.99432	2.13774	0.99985	0.01735	0.00099	-0.01735	0.99985	-0.00184	-0.00102	0.00182	1.00000		-1.86230	3.24480	0.56886	0.04747	-0.18324	4.17183	0.17448	0.99735	-0.07275	0.00320	0.07275	0.99735	0.00083	-0.00325	-0.00059	0.99999	
10	0.05000	-7.40121	1.13783	1.34230	-0.09879	-0.04397	-0.99293	2.13752	0.99985	0.01733	0.00077	-0.01733	0.99985	-0.00172	-0.00080	0.00171	1.00000		-1.88285	3.24165	0.58298	0.05195	-0.18230	4.17077	0.18478	0.99735	-0.07273	0.00318	0.07273	0.99735	0.00091	-0.00324	-0.00067	0.99999	
11	0.05500	-7.44442	1.16402	1.34713	-0.09255	-0.03449	-0.99448	2.14162	0.99985	0.01736	0.00060	-0.01736	0.99985	-0.00162	-0.00063	0.00160	1.00000		-1.86405	3.30868	0.63426	0.06355	-0.18787	4.17174	0.18291	0.99735	-0.07275	0.00328	0.07274	0.99735	0.00111	-0.00335	-0.00087	0.99999	
12	0.06000	-7.44877	1.14948	1.36039	-0.08969	-0.02728	-0.99674	2.13849	0.99985	0.01740	0.00048	-0.01739	0.99985	-0.00157	-0.00050	0.00156	1.00000		-1.86636	3.32842	0.66450	0.07221	-0.18962	4.17192	0.17735	0.99734	-0.07275	0.00331	0.07275	0.99735	0.00126	-0.00339	-0.00102	0.99999	
13	0.06500	-7.43545	1.15173	1.36174	-0.08277	-0.01826	-0.99607	2.13389	0.99985	0.01738	0.00032	-0.01738	0.99985	-0.00144	-0.00034	0.00144	1.00000		-1.83719	3.34791	0.69698	0.08041	-0.19471	4.17220	0.16102	0.99734	-0.07275	0.00340	0.07275	0.99735	0.00140	-0.00349	-0.00115	0.99999	
14	0.07000	-7.45767	1.12582	1.36802	-0.08095	-0.01133	-0.99360	2.14421	0.99985	0.01734	0.00020	-0.01734	0.99985	-0.00141	-0.00022	0.00141	1.00000		-1.84246	3.39151	0.71126	0.08938	-0.19677	4.17367	0.16487	0.99734	-0.07278	0.00343	0.07277	0.99735	0.00156	-0.00354	-0.00131	0.99999	
15	0.07500	-7.48835	1.14313	1.38387	-0.07224	0.00219	-1.00009	2.12783	0.99985	0.01745	-0.00004	-0.01745	0.99985	-0.00126	0.00002	0.00126	1.00000		-1.86323	3.39443	0.74664	0.09523	-0.19553	4.17587	0.18015	0.99734	-0.07282	0.00341	0.07281	0.99734	0.00166	-0.00352	-0.00141	0.99999	
16	0.08000	-7.51810	1.15057	1.39372	-0.06279	0.01079	-0.99871	2.14441	0.99985	0.01743	-0.00019	-0.01743	0.99985	-0.00110	0.00017	0.00110	1.00000		-1.84319	3.42891	0.76381	0.10343	-0.19702	4.17507	0.16147	0.99734	-0.07280	0.00344	0.07280	0.99735	0.00181	-0.00356	-0.00155	0.99999	
17	0.08500	-7.53017	1.15466	1.39208	-0.05424	0.02179	-1.00293	2.15346	0.99985	0.01750	-0.00038	-0.01750	0.99985	-0.00095	0.00036	0.00095	1.00000		-1.86013	3.45170	0.79818	0.11366	-0.19675	4.17252	0.18968	0.99734	-0.07276	0.00343	0.07275	0.99735	0.00198	-0.00357	-0.00173	0.99999	
18	0.09000	-7.55775	1.15444	1.38890	-0.04659	0.02995	-1.00049	2.14479	0.99985	0.01746	-0.00052	-0.01746	0.99985	-0.00081	0.00051	0.00082	1.00000		-1.82413	3.47099	0.83787	0.12170	-0.20095	4.17728	0.16173	0.99734	-0.07284	0.00351	0.07284	0.99734	0.00212	-0.00365	-0.00186	0.99999	
19	0.09500	-7.57328	1.14997	1.39859	-0.04003	0.03820	-1.00291	2.13005	0.99985	0.01750	-0.00067	-0.01750	0.99985	-0.00070	0.00065	0.00071	1.00000		-1.85554	3.48393	0.85402	0.12557	-0.19756	4.17537	0.16873	0.99734	-0.07281	0.00345	0.07280	0.99734	0.00219	-0.00360	-0.00193	0.99999	
20	0.10000	-7.56809	1.16418	1.41542	-0.02861	0.04747	-1.00410	2.13396	0.99985	0.01752	-0.00083	-0.01752	0.99985	-0.00050	0.00082	0.00051	1.00000		-1.84363	3.51366	0.90365	0.13608	-0.20154	4.17557	0.16682	0.99734	-0.07281	0.00352	0.07280	0.99734	0.00237	-0.00368	-0.00211	0.99999	
21	0.10500	-7.60306	1.15142	1.41038	-0.02247	0.05471	-1.00440	2.14752	0.99985	0.01753	-0.00095	-0.01753	0.99985	-0.00039	0.00095	0.00041	1.00000		-1.84223	3.53985	0.93158	0.14419	-0.20020	4.17494	0.17322	0.99734	-0.07280	0.00349	0.07279	0.99734	0.00252	-0.00367	-0.00226	0.99999	
22	0.11000	-7.63958	1.14645	1.41549	-0.01222	0.06670	-1.00447	2.14932	0.99985	0.01753	-0.00116	-0.01753	0.99985	-0.00021	0.00116	0.00023	1.00000		-1.83725	3.55550	0.96518	0.15182	-0.20123	4.17749	0.17374	0.99734	-0.07285	0.00351	0.07284	0.99734	0.00265	-0.00370	-0.00239	0.99999	
23	0.11500	-7.65537	1.13822	1.41620	-0.00182	0.07259	-1.00164	2.12915	0.99985	0.01748	-0.00127	-0.01748	0.99985	-0.00003	0.00127	0.00005	1.00000		-1.82197	3.57839	1.00039	0.16014	-0.20428	4.17495	0.16499	0.99734	-0.07280	0.00357	0.07279	0.99734	0.00279	-0.00376	-0.00253	0.99999	
24	0.12000	-7.71374	1.05619	1.25166	-0.00845	0.08798	-1.00629	2.11065	0.99984	0.01756	-0.00154	-0.01756	0.99985	-0.00015	0.00153	0.00017	1.00000		-1.80099	3.53157	1.08861	0.15636	-0.21054	4.17500	0.19194	0.99734	-0.07280	0.00367	0.07279	0.99734	0.00273	-0.00386	-0.00245	0.99999	
25	0.12500	-7.67925	1.04418	1.25059	0.00118	0.09490	-1.00518	2.11540	0.99984	0.01754	-0.00166	-0.01754	0.99985	0.00002	0.00166	0.00001	1.00000		-1.78605	3.54238	1.12007	0.16345	-0.20974	4.17928	0.18787	0.99733	-0.07288	0.00366	0.07287	0.99734	0.00285	-0.00386	-0.00258	0.99999	
26	0.13000	-7.67310	1.02792	1.24964	0.01126	0.10112	-1.00803	2.10361	0.99984	0.01759	-0.00176	-0.01759	0.99985	0.00020	0.00177	-0.00017	1.00000		-1.79880	3.54048	1.15271	0.16814	-0.21002	4.17842	0.18949	0.99734	-0.07286	0.00367	0.07285	0.99734	0.00293	-0.00387	-0.00266	0.99999	
27	0.13500	-7.71482	1.03301	1.24507	0.02058	0.11265	-1.00819	2.09086	0.99984	0.01760	-0.00197	-0.01759	0.99985	0.00036	0.00197	-0.00032	1.00000		-1.82545	3.56935	1.18287	0.17588	-0.20900	4.17915	0.18781	0.99733	-0.07287	0.00365	0.07286	0.99734	0.00307	-0.00386	-0.00280	0.99999	
28	0.14000	-7.70831	1.01711	1.24796	0.03444	0.11648	-1.01325	2.09231	0.99984	0.01768	-0.00203	-0.01768	0.99984	0.00060	0.00204	-0.00057	1.00000		-1.78194	3.58210	1.22530	0.18270	-0.21003	4.17599	0.18041	0.99734	-0.07282	0.00367	0.07281	0.99734	0.00319	-0.00389	-0.00291	0.99999	
29	0.14500	-7.74831	1.02542	1.22332	0.04739	0.12480	-1.01269	2.07912	0.99984	0.01767	-0.00218	-0.01767	0.99984	0.00083	0.00219	-0.00079	1.00000		-1.79907	3.61065	1.25243	0.19142	-0.20865	4.17863	0.18678	0.99734	-0.07287	0.00364	0.07285	0.99734	0.00334	-0.00388	-0.00307	0.99999	
30	0.15000	-7.73437	1.00302	1.22167	0.05699	0.13008	-1.01842	2.08049	0.99984	0.01777	-0.00227	-0.01777	0.99984	0.00099	0.00229	-0.00095	1.00000		-1.79600	3.60385	1.29167	0.19630	-0.20665	4.17771	0.19667	0.99734	-0.07285	0.00361	0.07284	0.99734	0.00343	-0.00385	-0.00315	0.99999	
31	0.15500	-7.76810	0.99671	1.22348	0.06725	0.13766	-1.01913	2.08572	0.99984	0.01779	-0.00240	-0.01778	0.99984	0.00117	0.00242	-0.00113	1.00000		-1.83300	3.62145	1.31875	0.20373	-0.20428	4.18047	0.19825	0.99733	-0.07290	0.00357	0.07289	0.99733	0.00356	-0.00381	-0.00329	0.99999	
32	0.16000	-7.76667	0.98903	1.21394	0.07854	0.14008	-1.01989	2.07560	0.99984	0.01780	-0.00244	-0.01780	0.99984	0.00137	0.00247	-0.00133	1.00000		-1.80792	3.64659	1.34659	0.21026	-0.20344	4.17854	0.20095	0.99734	-0.07286	0.00355	0.07285	0.99734	0.00367	-0.00381	-0.00340	0.99999	
33	0.16500	-7.77208	0.98017	1.20610	0.09335	0.14561	-1.02430	2.08069	0.99984	0.01788	-0.00254	-0.01787	0.99984	0.00163	0.00257	-0.00158	1.00000		-1.82671	3.62326	1.37534	0.21231	-0.20125	4.17904	0.19602	0.99734	-0.07287	0.00351	0.07286	0.99734	0.00371	-0.00377	-0.00344	0.99999	
34	0.17000	-7.77943	0.97498	1.19895	0.10410	0.15245	-1.02409	2.04318	0.99984	0.01787	-0.00266	-0.01787	0.99984	0.00182	0.00269	-0.00177	0.99999		-1.85956	3.64010	1.40083	0.21888	-0.19745	4.18166	0.19594	0.99733	-0.07292	0.00345	0.07291	0.99733	0.00382	-0.00372	-0.00356	0.99999	
35	0.17500	-7.80470	0.97345	1.17398	0.11770	0.15797	-1.02553	2.04851	0.99984	0.01790	-0.00276	-0.01789	0.99984	0.00205	0.00279	-0.00200	0.99999		-1.85360	3.62586	1.41644	0.22253	-0.19607	4.18059	0.20959	0.99733	-0.07290	0.00342	0.07289	0.99733	0.00388	-0.00370	-0.00362	0.99999	
36	0.18000	-7.82519	0.95327	1.18167	0.12865	0.16442	-1.02985	2.05018	0.99983	0.01797	-0.00287	-0.01797	0.99984	0.00225	0.00291	-0.00219	0.99999		-1.85790	3.64196	1.44857	0.22749	-0.19374	4.18092	0.19851	0.99733	-0.07291	0.00338	0.07289	0.99733	0.00397	-0.00366	-0.00371	0.99999	
37	0.18500	-7.81026	0.95995	1.16564	0.14254	0.16726	-1.02921	2.05617	0.99983	0.01796	-0.00292	-0.01795	0.99984	0.00249	0.00296	-0.00243	0.99999		-1.86170	3.63059	1.48236	0.23045	-0.19360	4.18343	0.20243	0.99733	-0.07295	0.00338	0.07294	0.99733	0.00402	-0.00366	-0.00376	0.99999	
38	0.19000	-7.83197	0.93744	1.13189	0.15168	0.17207	-1.03180	2.04428	0.99983	0.01801	-0.00300	-0.01800	0.99983	0.00265	0.00305	-0.00259	0.99999		-1.86845	3.63981	1.47766	0.23624	-0.18962	4.18148	0.20336	0.99733	-0.07292	0.00331	0.07290	0.99733	0.00412	-0.00360	-0.00387	0.99999	
39	0.19500	-7.80462	0.91409	1.14415	0.16547	0.17190	-1.03121	2.04946	0.99983	0.01800	-0.00300	-0.01799	0.99983	0.00289	0.00305	-0.00283	0.99999		-1.89051	3.63554	1.51480	0.24025	-0.18631	4.18499	0.20139	0.99733	-0.07298	0.00325	0.07296	0.99733	0.00419	-0.00355	-0.00394	0.99999	
40	0.20000	-7.83773	0.90772	1.11966	0.17591	0.17764	-1.03913	2.04184	0.99983	0.01814	-0.00310	-0.01813	0.99983	0.00307	0.00316	-0.00301	0.99999		-1.91986	3.63258	1.53661	0.24335	-0.18349	4.18631	0.19528	0.99733	-0.07300	0.00320	0.07299	0.99732	0.00425	-0.00350	-0.00400	0.99999	
41	0.20500	-7.83206	0.91922	1.09857	0.19263	0.18180	-1.03764	2.04429	0.99983	0.01811	-0.00317	-0.01810	0.99983	0.00336	0.00323	-0.00330	0.99999		-1.95833	3.64801	1.55373	0.24746	-0.17911	4.18329	0.20760	0.99733	-0.07295	0.00313	0.07293	0.99733	0.00432	-0.00343	-0.00408	0.99999	
42	0.21000	-7.81449	0.89072	1.09117	0.20158	0.18471	-1.03891	2.04704	0.99983	0.01813	-0.00322	-0.01812	0.99983	0.00352	0.00329	-0.00346	0.99999		-1.92053	3.61835	1.58505	0.24798	-0.17807	4.18097	0.21585	0.99733	-0.07291	0.00311	0.07289	0.99733	0.00433	-0.00342	-0.00409	0.99999	
43	0.21500	-7.85011	0.89728	1.07501	0.21362	0.18787	-1.03602	2.04986	0.99983	0.01808	-0.00328	-0.01807	0.99983	0.00373	0.00335	-0.00367	0.99999		-1.93581	3.63128	1.59194	0.25335	-0.17557	4.18395	0.21321	0.99733	-0.07296	0.00306	0.07294	0.99733	0.00442	-0.00338	-0.00419	0.99999	
44	0.22000	-7.84026	0.86250	1.05331	0.22354	0.18659	-1.04349	2.02515	0.99983	0.01821	-0.00326	-0.01820	0.99983	0.00390	0.00333	-0.00384	0.99999		-1.91206	3.61141	1.60201	0.25334	-0.17340	4.18414	0.20986	0.99733	-0.07296	0.00303	0.07295	0.99733	0.00442	-0.00334	-0.00419	0.99999	
45	0.22500	-7.81895	0.85180	1.04480	0.23502	0.19021	-1.04457	2.02180	0.99983	0.01823	-0.00332	-0.01822	0.99983	0.00410	0.00339	-0.00404	0.99999		-1.96826	3.60954	1.62056	0.25697	-0.16443	4.18450	0.21842	0.99733	-0.07297	0.00287	0.07295	0.99733	0.00448	-0.00319	-0.00426	0.99999	
46	0.23000	-7.84516	0.83270	1.02418	0.24334	0.19010	-1.04429	2.01762	0.99983	0.01823	-0.00332	-0.01821	0.99983	0.00425	0.00339	-0.00419	0.99999		-1.99747	3.59496	1.64875	0.25710	-0.16019	4.18346	0.22692	0.99733	-0.07295	0.00280	0.07294	0.99733	0.00449	-0.00312	-0.00427	0.99999	
47	0.23500	-7.82980	0.82862	1.01337	0.25368	0.18969	-1.04764	2.00815	0.99983	0.01828	-0.00331	-0.01827	0.99982	0.00443	0.00339	-0.00437	0.99998		-2.00248	3.57768	1.64097	0.25763	-0.15624	4.18709	0.21935	0.99733	-0.07301	0.00273	0.07300	0.99732	0.00450	-0.00305	-0.00429	0.99999	
48	0.24000	-7.78402	0.80383	0.98400	0.26305	0.18613	-1.04759	2.00999	0.99983	0.01828	-0.00325	-0.01827	0.99982	0.00459	0.00333	-0.00453	0.99998		-2.00844	3.56940	1.65975	0.25934	-0.15236	4.18845	0.22645	0.99733	-0.07304	0.00266	0.07302	0.99732	0.00453	-0.00298	-0.00432	0.99999	
49	0.24500	-7.83805	0.78741	0.96418	0.26962	0.19172	-1.04764	1.99271	0.99983	0.01828	-0.00335	-0.01827	0.99982	0.00471	0.00343	-0.00464	0.99998		-2.03105	3.55116	1.65945	0.25765	-0.14887	4.18920	0.21858	0.99732	-0.07305	0.00260	0.07304	0.99732	0.00450	-0.00292	-0.00430	0.99999	
50	0.25000	-7.83451	0.78694	0.95271	0.28095	0.18984	-1.05113	1.99849	0.99983	0.01834	-0.00331	-0.01833	0.99982	0.00490	0.00340	-0.00484	0.99998		-2.04698	3.54965	1.69525	0.25866	-0.14300	4.18871	0.21886	0.99733	-0.07304	0.00250	0.07303	0.99732	0.00451	-0.00282	-0.00432	0.99999	
51	0.25500	-7.80054	0.74446	0.93654	0.28737	0.19136	-1.04951	1.99670	0.99983	0.01832	-0.00334	-0.01830	0.99982	0.00502	0.00343	-0.00495	0.99998		-2.05799	3.51957	1.71057	0.25986	-0.13872	4.19105	0.22356	0.99732	-0.07308	0.00242	0.07307	0.99732	0.00454	-0.00275	-0.00435	0.99999	
52	0.26000	-7.82535	0.73710	0.90441	0.29587	0.18941	-1.05268	1.98017	0.99983	0.01837	-0.00331	-0.01835	0.99982	0.00516	0.00340	-0.00510	0.99998		-2.08748	3.52568	1.70835	0.25994	-0.13518	4.19262	0.21450	0.99732	-0.07311	0.00236	0.07310	0.99731	0.00454	-0.00268	-0.00435	0.99999	
53	0.26500	-7.75672	0.71731	0.87830	0.30153	0.17953	-1.05572	1.98222	0.99983	0.01842	-0.00313	-0.01841	0.99982	0.00526	0.00323	-0.00520	0.99998		-2.09850	3.52380	1.72066	0.26002	-0.12855	4.19114	0.21674	0.99732	-0.07308	0.00224	0.07307	0.99732	0.00454	-0.00257	-0.00436	0.99999	
54	0.27000	-7.75467	0.71051	0.86431	0.31198	0.18295	-1.06023	1.97012	0.99982	0.01850	-0.00319	-0.01849	0.99981	0.00545	0.00329	-0.00539	0.99998		-2.08682	3.45962	1.71667	0.25589	-0.12497	4.19461	0.22173	0.99732	-0.07314	0.00218	0.07313	0.99731	0.00447	-0.00250	-0.00429	0.99999	
55	0.27500	-7.80197	0.69824	0.83406	0.31611	0.18201	-1.05631	1.98601	0.99983	0.01844	-0.00318	-0.01842	0.99982	0.00552	0.00328	-0.00546	0.99998		-2.14816	3.48247	1.71717	0.25584	-0.11745	4.19376	0.21959	0.99732	-0.07313	0.00205	0.07312	0.99731	0.00447	-0.00237	-0.00430	0.99999	
56	0.28000	-7.74457	0.67764	0.81289	0.32616	0.17691	-1.06544	1.96771	0.99982	0.01859	-0.00309	-0.01858	0.99981	0.00569	0.00319	-0.00563	0.99998		-2.15760	3.43674	1.73320	0.25257	-0.11024	4.19333	0.22150	0.99732	-0.07312	0.00192	0.07311	0.99731	0.00441	-0.00224	-0.00426	0.99999	
57	0.28500	-7.74362	0.64647	0.78155	0.32644	0.17384	-1.06385	1.97270	0.99982	0.01857	-0.00303	-0.01855	0.99981	0.00570	0.00314	-0.00564	0.99998		-2.15104	3.43157	1.73095	0.25246	-0.10660	4.19308	0.22363	0.99732	-0.07312	0.00186	0.07311	0.99731	0.00441	-0.00218	-0.00426	0.99999	
58	0.29000	-7.73051	0.65676	0.74478	0.33503	0.17071	-1.06149	1.95159	0.99982	0.01853	-0.00298	-0.01851	0.99981	0.00585	0.00309	-0.00579	0.99998		-2.19725	3.39339	1.72283	0.24539	-0.09940	4.19192	0.23155	0.99732	-0.07310	0.00173	0.07309	0.99732	0.00428	-0.00204	-0.00414	0.99999	
59	0.29500	-7.69991	0.62178	0.71673	0.34008	0.16545	-1.06589	1.96024	0.99982	0.01860	-0.00289	-0.01858	0.99981	0.00594	0.00300	-0.00588	0.99998		-2.20417	3.38513	1.73129	0.24554	-0.09158	4.19315	0.22522	0.99732	-0.07312	0.00160	0.07311	0.99731	0.00429	-0.00191	-0.00416	0.99999	
60	0.30000	-7.70485	0.61128	0.68069	0.34313	0.16341	-1.06793	1.93660	0.99982	0.01864	-0.00285	-0.01862	0.99981	0.00599	0.00296	-0.00593	0.99998		-2.22455	3.34209	1.72827	0.23887	-0.08699	4.19350	0.22777	0.99732	-0.07313	0.00152	0.07312	0.99731	0.00417	-0.00182	-0.00405	0.99999	
61	0.30500	-7.71932	0.62254	0.64935	0.34991	0.16506	-1.07119	1.92894	0.99982	0.01869	-0.00288	-0.01868	0.99981	0.00611	0.00299	-0.00605	0.99998		-2.25040	3.34500	1.72672	0.23852	-0.08076	4.19537	0.21314	0.99732	-0.07316	0.00141	0.07315	0.99731	0.00416	-0.00171	-0.00405	0.99999	
62	0.31000	-7.68944	0.59085	0.62503	0.35055	0.15731	-1.06698	1.93216	0.99982	0.01862	-0.00275	-0.01860	0.99981	0.00612	0.00286	-0.00607	0.99998		-2.25831	3.30357	1.71987	0.23193	-0.07519	4.19324	0.21882	0.99732	-0.07312	0.00131	0.07311	0.99732	0.00405	-0.00160	-0.00394	0.99999	
63	0.31500	-7.68095	0.57845	0.59057	0.35231	0.15074	-1.06855	1.92672	0.99982	0.01865	-0.00263	-0.01863	0.99981	0.00615	0.00275	-0.00610	0.99998		-2.29037	3.29057	1.69594	0.22693	-0.06809	4.19174	0.22590	0.99732	-0.07309	0.00119	0.07309	0.99732	0.00396	-0.00147	-0.00386	0.99999	
64	0.32000	-7.67570	0.57934	0.56720	0.35773	0.14928	-1.07355	1.93642	0.99982	0.01874	-0.00261	-0.01872	0.99981	0.00624	0.00272	-0.00619	0.99998		-2.30648	3.26153	1.69728	0.22317	-0.06047	4.19704	0.21748	0.99732	-0.07319	0.00106	0.07318	0.99731	0.00389	-0.00134	-0.00381	0.99999	
65	0.32500	-7.62562	0.55870	0.53077	0.35613	0.14042	-1.07177	1.91113	0.99982	0.01870	-0.00245	-0.01869	0.99981	0.00622	0.00257	-0.00617	0.99998		-2.33818	3.23435	1.68078	0.21828	-0.05199	4.19781	0.22198	0.99732	-0.07320	0.00091	0.07320	0.99731	0.00381	-0.00118	-0.00373	0.99999	
66	0.33000	-7.61690	0.54348	0.49868	0.35775	0.13396	-1.07613	1.90573	0.99982	0.01878	-0.00234	-0.01877	0.99980	0.00624	0.00245	-0.00620	0.99998		-2.33564	3.21652	1.67148	0.21364	-0.04919	4.19650	0.21616	0.99732	-0.07318	0.00086	0.07317	0.99731	0.00373	-0.00113	-0.00366	0.99999	
67	0.33500	-7.60458	0.51529	0.47316	0.35559	0.12965	-1.07907	1.89605	0.99982	0.01883	-0.00226	-0.01882	0.99980	0.00621	0.00238	-0.00616	0.99998		-2.36510	3.19373	1.65132	0.20817	-0.04067	4.19887	0.21496	0.99732	-0.07322	0.00071	0.07322	0.99731	0.00363	-0.00097	-0.00357	0.99999	
68	0.34000	-7.57442	0.51722	0.42922	0.35753	0.12242	-1.07650	1.91908	0.99982	0.01879	-0.00214	-0.01877	0.99980	0.00624	0.00225	-0.00620	0.99998		-2.37125	3.15741	1.64149	0.20069	-0.03536	4.19415	0.21442	0.99732	-0.07314	0.00062	0.07313	0.99732	0.00350	-0.00087	-0.00345	0.99999	
69	0.34500	-7.57715	0.48204	0.40050	0.35261	0.11552	-1.07833	1.90261	0.99982	0.01882	-0.00202	-0.01881	0.99980	0.00615	0.00213	-0.00612	0.99998		-2.42266	3.13810	1.62138	0.19445	-0.02620	4.20023	0.21758	0.99731	-0.07324	0.00046	0.07324	0.99731	0.00339	-0.00070	-0.00335	0.99999	
70	0.35000	-7.55464	0.51868	0.35281	0.35983	0.11287	-1.07820	1.91196	0.99982	0.01882	-0.00197	-0.01880	0.99980	0.00628	0.00209	-0.00624	0.99998		-2.42881	3.09913	1.59659	0.18761	-0.01900	4.19831	0.21761	0.99732	-0.07321	0.00033	0.07321	0.99731	0.00327	-0.00057	-0.00324	0.99999	
71	0.35500	-7.52505	0.47609	0.34024	0.35300	0.10814	-1.07535	1.91674	0.99982	0.01877	-0.00189	-0.01876	0.99981	0.00616	0.00200	-0.00612	0.99998		-2.44805	3.07246	1.57730	0.18152	-0.01254	4.19967	0.22791	0.99731	-0.07323	0.00022	0.07323	0.99731	0.00317	-0.00045	-0.00314	0.99999	
72	0.36000	-7.49652	0.44333	0.30658	0.34443	0.09513	-1.07734	1.87621	0.99982	0.01880	-0.00166	-0.01879	0.99981	0.00601	0.00177	-0.00598	0.99998		-2.46607	3.04689	1.55661	0.17528	-0.00641	4.19860	0.22552	0.99732	-0.07321	0.00011	0.07321	0.99731	0.00306	-0.00034	-0.00304	1.00000	
73	0.36500	-7.50980	0.47379	0.26107	0.34885	0.09280	-1.07995	1.88313	0.99982	0.01885	-0.00162	-0.01884	0.99980	0.00609	0.00173	-0.00606	0.99998		-2.49829	3.01206	1.51745	0.16440	0.00235	4.19785	0.24074	0.99732	-0.07320	-0.00004	0.07320	0.99731	0.00287	-0.00017	-0.00286	1.00000	
74	0.37000	-7.46325	0.45765	0.23387	0.34331	0.08369	-1.07863	1.89488	0.99982	0.01882	-0.00146	-0.01882	0.99981	0.00599	0.00157	-0.00596	0.99998		-2.51011	2.96969	1.50565	0.15646	0.00917	4.19856	0.23481	0.99732	-0.07321	-0.00016	0.07321	0.99731	0.00273	-0.00004	-0.00274	1.00000	
75	0.37500	-7.43780	0.44257	0.21326	0.33586	0.07544	-1.07705	1.89681	0.99982	0.01880	-0.00132	-0.01879	0.99981	0.00586	0.00143	-0.00584	0.99998		-2.54246	2.95011	1.47909	0.15041	0.01624	4.19769	0.23995	0.99732	-0.07320	-0.00028	0.07320	0.99731	0.00263	0.00009	-0.00264	1.00000	
76	0.38000	-7.44246	0.43828	0.18450	0.33235	0.07131	-1.07857	1.89691	0.99982	0.01882	-0.00124	-0.01882	0.99981	0.00580	0.00135	-0.00578	0.99998		-2.55913	2.90758	1.44354	0.14100	0.02403	4.20020	0.22771	0.99731	-0.07324	-0.00042	0.07324	0.99731	0.00246	0.00024	-0.00249	1.00000	
77	0.38500	-7.40396	0.42185	0.14466	0.32645	0.06397	-1.07559	1.88599	0.99982	0.01877	-0.00112	-0.01876	0.99981	0.00570	0.00122	-0.00568	0.99998		-2.54762	2.90861	1.42390	0.13844	0.02935	4.20281	0.23673	0.99731	-0.07329	-0.00051	0.07329	0.99731	0.00242	0.00033	-0.00245	1.00000	
78	0.39000	-7.36070	0.40753	0.12644	0.31999	0.05196	-1.07910	1.87329	0.99982	0.01883	-0.00091	-0.01883	0.99981	0.00558	0.00101	-0.00557	0.99998		-2.57859	2.87950	1.39086	0.12742	0.03283	4.19861	0.22989	0.99732	-0.07321	-0.00057	0.07322	0.99731	0.00222	0.00041	-0.00226	1.00000	
79	0.39500	-7.36163	0.41565	0.10595	0.31317	0.04597	-1.07470	1.89010	0.99982	0.01876	-0.00080	-0.01875	0.99981	0.00547	0.00090	-0.00545	0.99998		-2.59166	2.85915	1.35816	0.12181	0.04035	4.20144	0.22025	0.99731	-0.07326	-0.00070	0.07326	0.99731	0.00213	0.00055	-0.00217	1.00000	
80	0.40000	-7.33070	0.40089	0.09127	0.30545	0.03914	-1.07633	1.87655	0.99982	0.01878	-0.00068	-0.01878	0.99981	0.00533	0.00078	-0.00532	0.99999		-2.60047	2.82301	1.33270	0.11344	0.04669	4.20261	0.23375	0.99731	-0.07328	-0.00081	0.07329	0.99731	0.00198	0.00067	-0.00203	1.00000	
81	0.40500	-7.32191	0.40059	0.05086	0.29781	0.02787	-1.07486	1.89202	0.99982	0.01876	-0.00049	-0.01876	0.99981	0.00520	0.00058	-0.00519	0.99999		-2.60330	2.77230	1.30204	0.10243	0.05183	4.20118	0.23213	0.99731	-0.07326	-0.00090	0.07326	0.99731	0.00179	0.00077	-0.00185	1.00000	
82	0.41000	-7.27658	0.38299	0.02481	0.29065	0.02086	-1.07409	1.87065	0.99982	0.01875	-0.00036	-0.01874	0.99981	0.00507	0.00046	-0.00507	0.99999		-2.61164	2.76434	1.28389	0.09697	0.05848	4.19970	0.23079	0.99731	-0.07323	-0.00102	0.07323	0.99731	0.00169	0.00089	-0.00176	1.00000	
83	0.41500	-7.27373	0.36605	0.00981	0.27983	0.01588	-1.07359	1.88900	0.99982	0.01874	-0.00028	-0.01874	0.99981	0.00488	0.00037	-0.00488	0.99999		-2.63055	2.74395	1.22982	0.09126	0.06349	4.20164	0.23630	0.99731	-0.07327	-0.00111	0.07327	0.99731	0.00159	0.00099	-0.00167	1.00000	
84	0.42000	-7.26226	0.36388	-0.01839	0.27083	0.00892	-1.07812	1.88074	0.99982	0.01882	-0.00016	-0.01881	0.99981	0.00473	0.00024	-0.00472	0.99999		-2.63677	2.72573	1.20726	0.08515	0.06803	4.20255	0.24224	0.99731	-0.07328	-0.00119	0.07328	0.99731	0.00149	0.00108	-0.00157	1.00000	
85	0.42500	-7.25192	0.35606	-0.03599	0.26240	0.00397	-1.07433	1.89660	0.99982	0.01875	-0.00007	-0.01875	0.99981	0.00458	0.00016	-0.00458	0.99999		-2.64263	2.69383	1.18437	0.07646	0.07565	4.20118	0.24814	0.99731	-0.07326	-0.00132	0.07326	0.99731	0.00133	0.00122	-0.00143	1.00000	
86	0.43000	-7.24345	0.36710	-0.06995	0.25094	-0.00904	-1.06858	1.90847	0.99983	0.01865	0.00016	-0.01865	0.99982	0.00438	-0.00008	-0.00438	0.99999		-2.66997	2.65945	1.14675	0.06689	0.07878	4.20395	0.24527	0.99731	-0.07331	-0.00137	0.07331	0.99731	0.00117	0.00129	-0.00127	1.00000	
87	0.43500	-7.21000	0.36602	-0.08851	0.24269	-0.01823	-1.06809	1.88646	0.99983	0.01864	0.00032	-0.01864	0.99982	0.00424	-0.00024	-0.00424	0.99999		-2.62876	2.64732	1.10809	0.06316	0.08060	4.20534	0.23465	0.99731	-0.07333	-0.00141	0.07333	0.99731	0.00110	0.00132	-0.00120	1.00000	
88	0.44000	-7.13783	0.37250	-0.13182	0.23617	-0.02888	-1.07187	1.89955	0.99982	0.01871	0.00050	-0.01871	0.99982	0.00412	-0.00043	-0.00413	0.99999		-2.67545	2.60602	1.07250	0.05394	0.08798	4.20299	0.24158	0.99731	-0.07329	-0.00154	0.07329	0.99731	0.00094	0.00146	-0.00105	1.00000	
89	0.44500	-7.18096	0.36470	-0.14985	0.22164	-0.03447	-1.07193	1.89472	0.99982	0.01871	0.00060	-0.01871	0.99982	0.00387	-0.00053	-0.00388	0.99999		-2.69325	2.60474	1.04812	0.04790	0.09305	4.20101	0.25680	0.99731	-0.07326	-0.00162	0.07326	0.99731	0.00084	0.00156	-0.00095	1.00000	
90	0.45000	-7.10745	0.36794	-0.16687	0.21363	-0.03974	-1.06627	1.90075	0.99983	0.01861	0.00069	-0.01861	0.99982	0.00373	-0.00062	-0.00374	0.99999		-2.68739	2.56911	1.00334	0.04172	0.09703	4.20539	0.24887	0.99731	-0.07333	-0.00169	0.07333	0.99731	0.00073	0.00164	-0.00085	1.00000	
91	0.45500	-7.11716	0.35428	-0.20102	0.19966	-0.05376	-1.06751	1.90330	0.99983	0.01863	0.00094	-0.01863	0.99982	0.00348	-0.00087	-0.00350	0.99999		-2.68787	2.56308	0.96201	0.03581	0.10089	4.20281	0.25713	0.99731	-0.07329	-0.00176	0.07329	0.99731	0.00063	0.00171	-0.00075	1.00000	
92	0.46000	-7.09533	0.35042	-0.21031	0.18879	-0.05905	-1.06444	1.88700	0.99983	0.01858	0.00103	-0.01858	0.99982	0.00330	-0.00097	-0.00331	0.99999		-2.71332	2.54884	0.91465	0.02950	0.10373	4.20458	0.23776	0.99731	-0.07332	-0.00181	0.07332	0.99731	0.00051	0.00177	-0.00065	1.00000	
93	0.46500	-7.07402	0.36454	-0.23481	0.18038	-0.06752	-1.06206	1.90620	0.99983	0.01854	0.00118	-0.01854	0.99982	0.00315	-0.00112	-0.00317	0.99999		-2.69081	2.51965	0.87710	0.02270	0.10854	4.20581	0.24950	0.99731	-0.07334	-0.00189	0.07334	0.99731	0.00040	0.00186	-0.00053	1.00000	
94	0.47000	-7.06629	0.37141	-0.25878	0.16931	-0.07629	-1.06444	1.91186	0.99983	0.01858	0.00133	-0.01858	0.99982	0.00295	-0.00128	-0.00298	0.99999		-2.71935	2.48943	0.84448	0.01423	0.10991	4.20585	0.23233	0.99731	-0.07334	-0.00192	0.07334	0.99731	0.00025	0.00189	-0.00039	1.00000	
95	0.47500	-7.01437	0.35365	-0.28342	0.15477	-0.08772	-1.05615	1.92514	0.99983	0.01843	0.00153	-0.01844	0.99983	0.00270	-0.00148	-0.00273	1.00000		-2.72618	2.45354	0.79925	0.00837	0.11408	4.20776	0.23246	0.99730	-0.07337	-0.00199	0.07337	0.99730	0.00015	0.00198	-0.00029	1.00000	
96	0.48000	-7.03082	0.36094	-0.28663	0.14526	-0.08842	-1.05782	1.91013	0.99983	0.01846	0.00154	-0.01847	0.99983	0.00254	-0.00150	-0.00256	1.00000		-2.71162	2.46569	0.75845	0.00551	0.11547	4.20401	0.24442	0.99731	-0.07331	-0.00202	0.07331	0.99731	0.00010	0.00200	-0.00024	1.00000	
97	0.48500	-7.00613	0.36749	-0.31567	0.13398	-0.10017	-1.05726	1.90294	0.99983	0.01845	0.00175	-0.01846	0.99983	0.00234	-0.00170	-0.00237	1.00000		-2.71705	2.45335	0.71674	0.00055	0.11666	4.20545	0.24251	0.99731	-0.07333	-0.00204	0.07333	0.99731	0.00001	0.00203	-0.00016	1.00000	
98	0.49000	-6.99266	0.37516	-0.33072	0.11944	-0.10644	-1.05269	1.91039	0.99983	0.01837	0.00186	-0.01838	0.99983	0.00208	-0.00182	-0.00212	1.00000		-2.71902	2.41498	0.67395	-0.00578	0.12006	4.20680	0.23155	0.99730	-0.07336	-0.00210	0.07336	0.99731	-0.00010	0.00210	-0.00005	1.00000	
99	0.49500	-6.99329	0.39657	-0.34739	0.11251	-0.11053	-1.05045	1.93155	0.99983	0.01833	0.00193	-0.01834	0.99983	0.00196	-0.00189	-0.00200	1.00000		-2.76307	2.39480	0.62400	-0.01329	0.12259	4.20806	0.22562	0.99730	-0.07338	-0.00214	0.07338	0.99730	-0.00023	0.00215	0.00007	1.00000	
100	0.50000	-6.99412	0.40220	-0.35000	0.10161	-0.11520	-1.04863	1.92926	0.99983	0.01830	0.00201	-0.01830	0.99983	0.00177	-0.00198	-0.00181	1.00000		-2.74549	2.38897	0.58477	-0.01649	0.12481	4.20683	0.23291	0.99730	-0.07336	-0.00218	0.07336	0.99731	-0.00029	0.00219	0.00013	1.00000	
101	0.50500	-6.95874	0.39816	-0.36368	0.08756	-0.12896	-1.04418	1.93591	0.99983	0.01822	0.00225	-0.01823	0.99983	0.00153	-0.00222	-0.00157	1.00000		-2.74992	2.37942	0.55032	-0.02148	0.12572	4.20414	0.22922	0.99731	-0.07331	-0.00219	0.07331	0.99731	-0.00037	0.00222	0.00021	1.00000	
102	0.51000	-6.95722	0.40867	-0.37097	0.07816	-0.13417	-1.04466	1.94198	0.99983	0.01823	0.00234	-0.01823	0.99983	0.00136	-0.00232	-0.00141	1.00000		-2.73297	2.38775	0.51636	-0.02110	0.12327	4.20681	0.23561	0.99730	-0.07336	-0.00215	0.07336	0.99731	-0.00037	0.00217	0.00021	1.00000	
103	0.51500	-6.92308	0.40062	-0.38692	0.06474	-0.13803	-1.04499	1.93744	0.99983	0.01824	0.00241	-0.01824	0.99983	0.00113	-0.00239	-0.00117	1.00000		-2.72708	2.32648	0.48063	-0.03033	0.12320	4.20863	0.23129	0.99730	-0.07339	-0.00215	0.07339	0.99730	-0.00053	0.00218	0.00037	1.00000	
104	0.52000	-6.93168	0.41473	-0.39940	0.05440	-0.14804	-1.04412	1.95316	0.99983	0.01822	0.00258	-0.01822	0.99983	0.00095	-0.00257	-0.00100	1.00000		-2.75205	2.34226	0.43741	-0.03282	0.12463	4.20586	0.23803	0.99730	-0.07334	-0.00218	0.07334	0.99731	-0.00057	0.00221	0.00041	1.00000	
105	0.52500	-6.89939	0.40141	-0.40725	0.04149	-0.15098	-1.03921	1.94160	0.99983	0.01814	0.00264	-0.01814	0.99984	0.00072	-0.00262	-0.00077	1.00000		-2.76945	2.32987	0.40984	-0.03551	0.12595	4.20883	0.22469	0.99730	-0.07339	-0.00220	0.07339	0.99730	-0.00062	0.00224	0.00046	1.00000	
106	0.53000	-6.88190	0.40975	-0.40515	0.02984	-0.15860	-1.03915	1.96293	0.99983	0.01814	0.00277	-0.01814	0.99984	0.00052	-0.00276	-0.00057	1.00000		-2.74412	2.31532	0.36652	-0.03914	0.12513	4.20949	0.23033	0.99730	-0.07340	-0.00218	0.07340	0.99730	-0.00068	0.00223	0.00052	1.00000	
107	0.53500	-6.82432	0.42706	-0.40717	0.01705	-0.17090	-1.03389	1.96664	0.99983	0.01804	0.00298	-0.01804	0.99984	0.00030	-0.00298	-0.00035	1.00000		-2.74669	2.29513	0.33517	-0.04418	0.12541	4.20873	0.23122	0.99730	-0.07339	-0.00219	0.07339	0.99730	-0.00077	0.00224	0.00061	1.00000	
108	0.54000	-6.85593	0.42894	-0.41468	0.01002	-0.16992	-1.03584	1.96558	0.99983	0.01808	0.00297	-0.01808	0.99984	0.00017	-0.00296	-0.00023	1.00000		-2.75249	2.29707	0.29421	-0.04521	0.12338	4.21045	0.23690	0.99730	-0.07342	-0.00215	0.07342	0.99730	-0.00079	0.00221	0.00063	1.00000	
109	0.54500	-6.84223	0.43448	-0.41222	-0.00290	-0.17714	-1.03327	1.97864	0.99983	0.01803	0.00309	-0.01803	0.99984	-0.00005	-0.00309	-0.00001	1.00000		-2.73457	2.30296	0.26122	-0.04592	0.12361	4.20697	0.24744	0.99730	-0.07336	-0.00216	0.07336	0.99731	-0.00080	0.00221	0.00064	1.00000	
110	0.55000	-6.81110	0.43459	-0.41637	-0.01423	-0.18374	-1.03287	1.97197	0.99983	0.01803	0.00321	-0.01803	0.99984	-0.00025	-0.00321	0.00019	0.99999		-2.72482	2.29669	0.23352	-0.04741	0.12052	4.20861	0.23018	0.99730	-0.07339	-0.00210	0.07339	0.99730	-0.00083	0.00216	0.00067	1.00000	
111	0.55500	-6.83435	0.44838	-0.42127	-0.02374	-0.18795	-1.02871	1.99578	0.99983	0.01795	0.00328	-0.01795	0.99984	-0.00041	-0.00329	0.00036	0.99999		-2.71209	2.29506	0.19062	-0.04750	0.11831	4.20844	0.23438	0.99730	-0.07339	-0.00206	0.07338	0.99730	-0.00083	0.00212	0.00068	1.00000	
112	0.56000	-6.80194	0.46116	-0.41922	-0.03254	-0.19491	-1.02664	1.98305	0.99983	0.01792	0.00340	-0.01792	0.99984	-0.00057	-0.00341	0.00051	0.99999		-2.72767	2.29778	0.17724	-0.04962	0.11599	4.20742	0.24398	0.99730	-0.07337	-0.00202	0.07337	0.99730	-0.00087	0.00208	0.00072	1.00000	
113	0.56500	-6.77757	0.47824	-0.41051	-0.04251	-0.20288	-1.02074	2.00503	0.99984	0.01781	0.00354	-0.01781	0.99984	-0.00074	-0.00355	0.00068	0.99999		-2.72746	2.28698	0.13523	-0.05210	0.11432	4.20773	0.24350	0.99730	-0.07337	-0.00200	0.07337	0.99730	-0.00091	0.00206	0.00076	1.00000	
114	0.57000	-6.78625	0.47447	-0.40246	-0.04960	-0.20037	-1.02242	1.99255	0.99983	0.01784	0.00350	-0.01784	0.99984	-0.00087	-0.00351	0.00080	0.99999		-2.71669	2.31550	0.10483	-0.04715	0.11288	4.20801	0.24386	0.99730	-0.07338	-0.00197	0.07338	0.99730	-0.00082	0.00203	0.00068	1.00000	
115	0.57500	-6.79102	0.49791	-0.39294	-0.05680	-0.20575	-1.02321	2.01885	0.99983	0.01786	0.00359	-0.01785	0.99984	-0.00099	-0.00361	0.00093	0.99999		-2.70480	2.30396	0.08640	-0.05148	0.10918	4.20578	0.23669	0.99731	-0.07334	-0.00191	0.07334	0.99731	-0.00090	0.00197	0.00076	1.00000	
116	0.58000	-6.75130	0.50882	-0.38961	-0.06526	-0.20911	-1.02261	2.00962	0.99983	0.01785	0.00365	-0.01784	0.99984	-0.00114	-0.00367	0.00107	0.99999		-2.67385	2.32217	0.06211	-0.04858	0.10283	4.20728	0.22726	0.99730	-0.07336	-0.00179	0.07336	0.99730	-0.00085	0.00185	0.00071	1.00000	
117	0.58500	-6.76908	0.51680	-0.37805	-0.07341	-0.21056	-1.02098	2.01433	0.99983	0.01782	0.00368	-0.01781	0.99984	-0.00128	-0.00370	0.00122	0.99999		-2.67695	2.32615	0.02928	-0.04846	0.10186	4.20946	0.23473	0.99730	-0.07340	-0.00178	0.07340	0.99730	-0.00085	0.00184	0.00071	1.00000	
118	0.59000	-6.75169	0.52914	-0.36539	-0.08104	-0.21511	-1.01559	2.04073	0.99984	0.01772	0.00375	-0.01772	0.99984	-0.00141	-0.00378	0.00135	0.99999		-2.69012	2.32386	0.00326	-0.05015	0.09880	4.20563	0.24218	0.99731	-0.07334	-0.00172	0.07333	0.99731	-0.00088	0.00178	0.00075	1.00000	
119	0.59500	-6.77636	0.52705	-0.36344	-0.09133	-0.21405	-1.01198	2.02322	0.99984	0.01766	0.00374	-0.01766	0.99984	-0.00159	-0.00376	0.00153	0.99999		-2.66675	2.34201	-0.02012	-0.04911	0.09706	4.20579	0.24425	0.99731	-0.07334	-0.00169	0.07334	0.99731	-0.00086	0.00175	0.00073	1.00000	
120	0.60000	-6.77163	0.54701	-0.34684	-0.09473	-0.21421	-1.01697	2.02391	0.99984	0.01775	0.00374	-0.01774	0.99984	-0.00165	-0.00377	0.00159	0.99999		-2.66349	2.34861	-0.03970	-0.04805	0.08983	4.20421	0.22848	0.99731	-0.07331	-0.00157	0.07331	0.99731	-0.00084	0.00163	0.00072	1.00000	
121	0.60500	-6.73340	0.55071	-0.34146	-0.10173	-0.21920	-1.01301	2.04548	0.99984	0.01768	0.00383	-0.01767	0.99984	-0.00178	-0.00386	0.00171	0.99999		-2.64164	2.36126	-0.05107	-0.04447	0.08818	4.20835	0.23940	0.99730	-0.07338	-0.00154	0.07338	0.99730	-0.00078	0.00159	0.00066	1.00000	
122	0.61000	-6.72990	0.56750	-0.32549	-0.10734	-0.22038	-1.01314	2.03944	0.99984	0.01768	0.00385	-0.01767	0.99984	-0.00187	-0.00388	0.00181	0.99999		-2.64410	2.38572	-0.06928	-0.04196	0.08216	4.20747	0.24193	0.99730	-0.07337	-0.00143	0.07337	0.99730	-0.00073	0.00148	0.00063	1.00000	
123	0.61500	-6.73099	0.57008	-0.32908	-0.11393	-0.22382	-1.00925	2.04114	0.99984	0.01761	0.00391	-0.01761	0.99984	-0.00199	-0.00394	0.00192	0.99999		-2.63040	2.38468	-0.09997	-0.04198	0.07978	4.20730	0.24794	0.99730	-0.07337	-0.00139	0.07336	0.99730	-0.00073	0.00144	0.00063	1.00000	
124	0.62000	-6.73938	0.60382	-0.28736	-0.11518	-0.21695	-1.00821	2.05665	0.99984	0.01760	0.00379	-0.01759	0.99984	-0.00201	-0.00382	0.00194	0.99999		-2.60896	2.40818	-0.09923	-0.03899	0.07459	4.20295	0.25349	0.99731	-0.07329	-0.00130	0.07329	0.99731	-0.00068	0.00135	0.00058	1.00000	
125	0.62500	-6.75024	0.62926	-0.28607	-0.11849	-0.22258	-1.00755	2.06073	0.99984	0.01758	0.00388	-0.01758	0.99984	-0.00207	-0.00392	0.00200	0.99999		-2.61612	2.42488	-0.12314	-0.03798	0.07154	4.20806	0.24212	0.99730	-0.07338	-0.00125	0.07338	0.99730	-0.00066	0.00129	0.00057	1.00000	
126	0.63000	-6.77611	0.63175	-0.26074	-0.12342	-0.21428	-1.00617	2.04837	0.99984	0.01756	0.00374	-0.01755	0.99984	-0.00215	-0.00378	0.00209	0.99999		-2.57970	2.42620	-0.14433	-0.03811	0.06738	4.20743	0.22801	0.99730	-0.07337	-0.00118	0.07337	0.99730	-0.00067	0.00122	0.00058	1.00000	
127	0.63500	-6.74458	0.63948	-0.24027	-0.12664	-0.21788	-1.00685	2.05429	0.99984	0.01757	0.00380	-0.01756	0.99984	-0.00221	-0.00384	0.00214	0.99999		-2.59158	2.43558	-0.15086	-0.03516	0.06247	4.20679	0.24209	0.99731	-0.07336	-0.00109	0.07336	0.99731	-0.00061	0.00113	0.00053	1.00000	
128	0.64000	-6.72833	0.64327	-0.22652	-0.13208	-0.21905	-1.00203	2.05558	0.99984	0.01749	0.00382	-0.01748	0.99984	-0.00231	-0.00386	0.00224	0.99999		-2.55681	2.44435	-0.16625	-0.03317	0.05682	4.20764	0.23309	0.99730	-0.07337	-0.00099	0.07337	0.99730	-0.00058	0.00103	0.00050	1.00000	
129	0.64500	-6.72281	0.64745	-0.19990	-0.13390	-0.21379	-1.00531	2.06607	0.99984	0.01755	0.00373	-0.01754	0.99984	-0.00234	-0.00377	0.00227	0.99999		-2.55129	2.46128	-0.17128	-0.03010	0.05281	4.20894	0.23101	0.99730	-0.07339	-0.00092	0.07339	0.99730	-0.00053	0.00096	0.00046	1.00000	
130	0.65000	-6.70499	0.67416	-0.17969	-0.13652	-0.21281	-1.00608	2.06802	0.99984	0.01756	0.00371	-0.01755	0.99984	-0.00238	-0.00376	0.00232	0.99999		-2.51160	2.50516	-0.18624	-0.02498	0.04495	4.20527	0.22160	0.99731	-0.07333	-0.00078	0.07333	0.99731	-0.00044	0.00081	0.00038	1.00000	
131	0.65500	-6.74448	0.68702	-0.16763	-0.13726	-0.21056	-1.00510	2.07048	0.99984	0.01754	0.00368	-0.01753	0.99984	-0.00240	-0.00372	0.00233	0.99999		-2.52119	2.52649	-0.18683	-0.02248	0.04174	4.20274	0.23556	0.99731	-0.07329	-0.00073	0.07329	0.99731	-0.00039	0.00076	0.00034	1.00000	
132	0.66000	-6.72992	0.69321	-0.13807	-0.14120	-0.20581	-1.00113	2.07887	0.99984	0.01747	0.00359	-0.01746	0.99984	-0.00246	-0.00363	0.00240	0.99999		-2.48997	2.55029	-0.19615	-0.01865	0.03533	4.20499	0.22932	0.99731	-0.07333	-0.00062	0.07332	0.99731	-0.00033	0.00064	0.00028	1.00000	
133	0.66500	-6.70773	0.71321	-0.12245	-0.14117	-0.20603	-1.00037	2.06925	0.99984	0.01746	0.00360	-0.01745	0.99984	-0.00246	-0.00364	0.00240	0.99999		-2.47942	2.55582	-0.19936	-0.01652	0.03204	4.20754	0.23979	0.99730	-0.07337	-0.00056	0.07337	0.99730	-0.00029	0.00058	0.00025	1.00000	
134	0.67000	-6.73466	0.72385	-0.08458	-0.13976	-0.19822	-1.00155	2.06331	0.99984	0.01748	0.00346	-0.01747	0.99984	-0.00244	-0.00350	0.00238	0.99999		-2.45773	2.58139	-0.19545	-0.01180	0.02546	4.20814	0.23544	0.99730	-0.07338	-0.00044	0.07338	0.99730	-0.00021	0.00046	0.00017	1.00000	
135	0.67500	-6.69266	0.72639	-0.05961	-0.14309	-0.19861	-1.00410	2.08118	0.99984	0.01752	0.00347	-0.01752	0.99984	-0.00250	-0.00351	0.00244	0.99999		-2.43981	2.62177	-0.19677	-0.00596	0.02123	4.20525	0.23905	0.99731	-0.07333	-0.00037	0.07333	0.99731	-0.00010	0.00038	0.00008	1.00000	
136	0.68000	-6.73702	0.74228	-0.03412	-0.14246	-0.19390	-1.00281	2.07086	0.99984	0.01750	0.00338	-0.01749	0.99984	-0.00249	-0.00343	0.00243	0.99999		-2.41974	2.62662	-0.20241	-0.00386	0.01283	4.20716	0.23507	0.99731	-0.07336	-0.00022	0.07336	0.99731	-0.00007	0.00023	0.00005	1.00000	
137	0.68500	-6.71390	0.75238	-0.01657	-0.14262	-0.18930	-0.99700	2.07771	0.99984	0.01740	0.00330	-0.01739	0.99985	-0.00249	-0.00335	0.00243	0.99999		-2.38267	2.65217	-0.19183	0.00158	0.00517	4.20665	0.22661	0.99731	-0.07335	-0.00009	0.07335	0.99731	0.00003	0.00009	-0.00003	1.00000	
138	0.69000	-6.72874	0.76422	0.00879	-0.13903	-0.18039	-0.99771	2.08476	0.99984	0.01741	0.00315	-0.01740	0.99985	-0.00243	-0.00319	0.00237	0.99999		-2.34972	2.68228	-0.18185	0.00513	0.00220	4.21057	0.22457	0.99730	-0.07342	-0.00004	0.07342	0.99730	0.00009	0.00003	-0.00009	1.00000	
139	0.69500	-6.69806	0.77291	0.03598	-0.13713	-0.18006	-1.00203	2.07102	0.99984	0.01749	0.00314	-0.01748	0.99984	-0.00239	-0.00318	0.00234	0.99999		-2.34973	2.70987	-0.18529	0.00955	-0.00774	4.20745	0.21565	0.99730	-0.07337	0.00014	0.07337	0.99730	0.00017	-0.00015	-0.00016	1.00000	
140	0.70000	-6.71857	0.77157	0.07015	-0.13694	-0.17384	-0.99894	2.06728	0.99984	0.01743	0.00303	-0.01743	0.99985	-0.00239	-0.00308	0.00234	0.99999		-2.32114	2.74234	-0.18117	0.01480	-0.00916	4.20320	0.23835	0.99731	-0.07329	0.00016	0.07329	0.99731	0.00026	-0.00018	-0.00025	1.00000	
