NO_OF_FRAMES	12047
NO_OF_CAMERAS	8
NO_OF_BODIES	2
FREQUENCY	200
NO_OF_ANALOG	0
ANALOG_FREQUENCY	0
DESCRIPTION	--
TIME_STAMP	2013-07-05, 11:37:38	183472.41045564
DATA_INCLUDED	6D
BODY_NAMES	Ice 2 V2	Ice 3
Frame	Time	Ice 2 V2 X	Y	Z	Roll	Pitch	Yaw	Residual	Rot[0]	Rot[1]	Rot[2]	Rot[3]	Rot[4]	Rot[5]	Rot[6]	Rot[7]	Rot[8]	Ice 3 X	Y	Z	Roll	Pitch	Yaw	Residual	Rot[0]	Rot[1]	Rot[2]	Rot[3]	Rot[4]	Rot[5]	Rot[6]	Rot[7]	Rot[8]	
1	0.00500	-0.85942	-13.78135	1.37641	0.23201	-0.01151	-0.90839	0.21061	0.99987	0.01585	0.00020	-0.01585	0.99987	0.00405	-0.00014	-0.00405	0.99999		-1.24225	6.87333	1.86940	0.11907	0.02730	4.07427	1.70089	0.99747	-0.07105	-0.00048	0.07105	0.99747	0.00208	0.00033	-0.00211	1.00000	
2	0.01000	-0.91744	-13.78872	1.35899	0.23111	-0.00479	-0.90525	0.22223	0.99988	0.01580	0.00008	-0.01580	0.99987	0.00403	-0.00002	-0.00403	0.99999		-1.20002	6.81596	1.87834	0.11352	0.01813	4.06515	1.68481	0.99748	-0.07089	-0.00032	0.07089	0.99748	0.00198	0.00018	-0.00200	1.00000	
3	0.01500	-0.88815	-13.76534	1.33067	0.23589	-0.00781	-0.90468	0.24827	0.99988	0.01579	0.00014	-0.01579	0.99987	0.00412	-0.00007	-0.00412	0.99999		-1.17979	6.80970	1.86737	0.11338	0.01615	4.06438	1.67050	0.99749	-0.07088	-0.00028	0.07088	0.99748	0.00198	0.00014	-0.00199	1.00000	
4	0.02000	-0.89768	-13.79191	1.32914	0.23129	-0.00495	-0.89691	0.21881	0.99988	0.01565	0.00009	-0.01565	0.99987	0.00404	-0.00002	-0.00404	0.99999		-1.17015	6.82293	1.86368	0.11772	0.01259	4.06176	1.68439	0.99749	-0.07083	-0.00022	0.07083	0.99749	0.00205	0.00007	-0.00207	1.00000	
5	0.02500	-0.90348	-13.77877	1.31104	0.23198	-0.00428	-0.89903	0.21575	0.99988	0.01569	0.00007	-0.01569	0.99987	0.00405	-0.00001	-0.00405	0.99999		-1.19152	6.80616	1.85319	0.11574	0.01432	4.06430	1.67793	0.99749	-0.07088	-0.00025	0.07088	0.99748	0.00202	0.00011	-0.00203	1.00000	
6	0.03000	-0.90982	-13.77835	1.30238	0.23544	-0.00216	-0.90301	0.21489	0.99988	0.01576	0.00004	-0.01576	0.99987	0.00411	0.00003	-0.00411	0.99999		-1.21930	6.80947	1.83265	0.11729	0.01536	4.06201	1.68784	0.99749	-0.07084	-0.00027	0.07084	0.99749	0.00205	0.00012	-0.00206	1.00000	
7	0.03500	-0.90388	-13.78625	1.27959	0.23444	-0.00235	-0.90389	0.21904	0.99988	0.01578	0.00004	-0.01578	0.99987	0.00409	0.00002	-0.00409	0.99999		-1.21618	6.80153	1.82263	0.11815	0.01281	4.06079	1.69977	0.99749	-0.07081	-0.00022	0.07082	0.99749	0.00206	0.00008	-0.00207	1.00000	
8	0.04000	-0.93990	-13.78960	1.27256	0.23270	0.00331	-0.90423	0.23043	0.99988	0.01578	-0.00006	-0.01578	0.99987	0.00406	0.00012	-0.00406	0.99999		-1.23726	6.78988	1.80928	0.11810	0.01400	4.05922	1.68014	0.99749	-0.07079	-0.00024	0.07079	0.99749	0.00206	0.00010	-0.00207	1.00000	
9	0.04500	-0.93313	-13.77673	1.24403	0.23711	0.00144	-0.90147	0.22794	0.99988	0.01573	-0.00003	-0.01573	0.99987	0.00414	0.00009	-0.00414	0.99999		-1.25012	6.79709	1.79810	0.11911	0.01296	4.05841	1.70534	0.99749	-0.07077	-0.00023	0.07077	0.99749	0.00208	0.00008	-0.00209	1.00000	
10	0.05000	-0.93231	-13.78526	1.23619	0.23598	0.00239	-0.90241	0.22347	0.99988	0.01575	-0.00004	-0.01575	0.99987	0.00412	0.00011	-0.00412	0.99999		-1.24879	6.77880	1.77793	0.11919	0.01207	4.05903	1.68762	0.99749	-0.07078	-0.00021	0.07078	0.99749	0.00208	0.00006	-0.00209	1.00000	
11	0.05500	-0.93912	-13.78030	1.21802	0.23636	0.00275	-0.90150	0.22611	0.99988	0.01573	-0.00005	-0.01573	0.99987	0.00413	0.00011	-0.00412	0.99999		-1.23060	6.79269	1.77279	0.12166	0.00926	4.05862	1.70093	0.99749	-0.07078	-0.00016	0.07078	0.99749	0.00212	0.00001	-0.00213	1.00000	
12	0.06000	-0.93328	-13.78336	1.21349	0.23645	0.00252	-0.90247	0.22049	0.99988	0.01575	-0.00004	-0.01575	0.99987	0.00413	0.00011	-0.00413	0.99999		-1.25669	6.79451	1.76434	0.12425	0.01182	4.06089	1.69727	0.99749	-0.07082	-0.00021	0.07082	0.99749	0.00217	0.00005	-0.00218	1.00000	
13	0.06500	-0.91127	-13.77670	1.19307	0.23685	0.00012	-0.90149	0.22989	0.99988	0.01573	-0.00000	-0.01573	0.99987	0.00413	0.00007	-0.00413	0.99999		-1.25454	6.78719	1.74889	0.12335	0.00939	4.05661	1.71109	0.99749	-0.07074	-0.00016	0.07074	0.99749	0.00215	0.00001	-0.00216	1.00000	
14	0.07000	-0.90714	-13.78084	1.18207	0.23579	-0.00167	-0.90415	0.21333	0.99988	0.01578	0.00003	-0.01578	0.99987	0.00412	0.00004	-0.00412	0.99999		-1.25824	6.78126	1.73813	0.12483	0.00796	4.05865	1.68675	0.99749	-0.07078	-0.00014	0.07078	0.99749	0.00218	-0.00002	-0.00218	1.00000	
15	0.07500	-0.89932	-13.77901	1.16920	0.23706	-0.00148	-0.90240	0.22887	0.99988	0.01575	0.00003	-0.01575	0.99987	0.00414	0.00004	-0.00414	0.99999		-1.26776	6.77941	1.72347	0.12697	0.00768	4.06067	1.68314	0.99749	-0.07081	-0.00013	0.07081	0.99749	0.00222	-0.00002	-0.00222	1.00000	
16	0.08000	-0.90132	-13.76246	1.14513	0.24084	-0.00109	-0.90291	0.22740	0.99988	0.01576	0.00002	-0.01576	0.99987	0.00420	0.00005	-0.00420	0.99999		-1.27761	6.79479	1.70084	0.12884	0.00579	4.05501	1.69323	0.99750	-0.07071	-0.00010	0.07071	0.99749	0.00225	-0.00006	-0.00225	1.00000	
17	0.08500	-0.90683	-13.79315	1.12771	0.23495	-0.00027	-0.89595	0.22820	0.99988	0.01564	0.00000	-0.01564	0.99987	0.00410	0.00006	-0.00410	0.99999		-1.25637	6.79231	1.68487	0.13026	0.00546	4.05546	1.70355	0.99750	-0.07072	-0.00010	0.07072	0.99749	0.00227	-0.00007	-0.00227	1.00000	
18	0.09000	-0.90223	-13.77554	1.10841	0.23700	0.00280	-0.89857	0.22941	0.99988	0.01568	-0.00005	-0.01568	0.99987	0.00414	0.00011	-0.00414	0.99999		-1.28202	6.78973	1.68153	0.13055	0.00480	4.05788	1.70190	0.99749	-0.07076	-0.00008	0.07076	0.99749	0.00228	-0.00008	-0.00228	1.00000	
19	0.09500	-0.89768	-13.76774	1.10654	0.23749	0.00429	-0.89657	0.22500	0.99988	0.01565	-0.00007	-0.01565	0.99987	0.00414	0.00014	-0.00414	0.99999		-1.29915	6.78172	1.66136	0.13087	0.00412	4.06046	1.69161	0.99749	-0.07081	-0.00007	0.07081	0.99749	0.00228	-0.00009	-0.00228	1.00000	
20	0.10000	-0.89251	-13.78531	1.09490	0.23552	0.00179	-0.89931	0.22523	0.99988	0.01570	-0.00003	-0.01570	0.99987	0.00411	0.00010	-0.00411	0.99999		-1.31835	6.76104	1.64281	0.12989	0.00658	4.05708	1.71228	0.99749	-0.07075	-0.00011	0.07075	0.99749	0.00227	-0.00005	-0.00227	1.00000	
21	0.10500	-0.87027	-13.78013	1.08179	0.23530	-0.00066	-0.89687	0.22113	0.99988	0.01565	0.00001	-0.01565	0.99987	0.00411	0.00005	-0.00411	0.99999		-1.30996	6.76856	1.62623	0.13333	0.00315	4.05507	1.70558	0.99750	-0.07072	-0.00005	0.07072	0.99749	0.00233	-0.00011	-0.00233	1.00000	
22	0.11000	-0.88579	-13.78390	1.05944	0.23377	0.00169	-0.89588	0.21600	0.99988	0.01564	-0.00003	-0.01564	0.99987	0.00408	0.00009	-0.00408	0.99999		-1.32581	6.76872	1.61156	0.13318	0.00580	4.05523	1.70623	0.99750	-0.07072	-0.00010	0.07072	0.99749	0.00232	-0.00006	-0.00233	1.00000	
23	0.11500	-0.86401	-13.79876	1.05397	0.23406	0.00229	-0.89989	0.22816	0.99988	0.01571	-0.00004	-0.01571	0.99987	0.00409	0.00010	-0.00408	0.99999		-1.30793	6.77336	1.59365	0.13417	0.00287	4.05513	1.70590	0.99750	-0.07072	-0.00005	0.07072	0.99749	0.00234	-0.00012	-0.00234	1.00000	
24	0.12000	-0.90418	-14.00672	0.83368	0.18322	0.00542	-0.88965	0.18761	0.99988	0.01553	-0.00009	-0.01553	0.99987	0.00320	0.00014	-0.00320	0.99999		-1.14999	6.65785	1.62266	0.11687	-0.02715	4.05012	1.71325	0.99750	-0.07063	0.00047	0.07063	0.99750	0.00204	-0.00062	-0.00200	1.00000	
25	0.12500	-0.92207	-13.99720	0.82241	0.18298	0.00595	-0.88653	0.19779	0.99988	0.01547	-0.00010	-0.01547	0.99988	0.00319	0.00015	-0.00319	0.99999		-1.18273	6.64951	1.58550	0.11833	-0.02561	4.05131	1.68707	0.99750	-0.07065	0.00045	0.07065	0.99750	0.00207	-0.00059	-0.00203	1.00000	
26	0.13000	-0.94493	-14.00267	0.80713	0.18081	0.00973	-0.88468	0.18193	0.99988	0.01544	-0.00017	-0.01544	0.99988	0.00316	0.00022	-0.00315	1.00000		-1.18751	6.65971	1.57013	0.11905	-0.02648	4.04965	1.68395	0.99750	-0.07062	0.00046	0.07062	0.99750	0.00208	-0.00061	-0.00204	1.00000	
27	0.13500	-0.88458	-13.99459	0.78250	0.18379	0.00548	-0.88956	0.20148	0.99988	0.01553	-0.00010	-0.01552	0.99987	0.00321	0.00015	-0.00321	0.99999		-1.16495	6.63795	1.54613	0.11782	-0.02908	4.04826	1.70442	0.99750	-0.07060	0.00051	0.07060	0.99750	0.00206	-0.00065	-0.00202	1.00000	
28	0.14000	-0.88846	-14.01384	0.77555	0.17824	0.00585	-0.88332	0.19473	0.99988	0.01542	-0.00010	-0.01542	0.99988	0.00311	0.00015	-0.00311	1.00000		-1.15953	6.64401	1.54389	0.11969	-0.03168	4.04826	1.70021	0.99750	-0.07060	0.00055	0.07060	0.99750	0.00209	-0.00070	-0.00204	1.00000	
29	0.14500	-0.85270	-14.01616	0.75968	0.17710	0.00498	-0.88446	0.18292	0.99988	0.01544	-0.00009	-0.01544	0.99988	0.00309	0.00013	-0.00309	1.00000		-1.16535	6.64362	1.51569	0.11973	-0.03056	4.04997	1.69967	0.99750	-0.07063	0.00053	0.07063	0.99750	0.00209	-0.00068	-0.00205	1.00000	
30	0.15000	-0.85888	-14.00568	0.73108	0.17797	0.00488	-0.87957	0.20419	0.99988	0.01535	-0.00009	-0.01535	0.99988	0.00311	0.00013	-0.00310	1.00000		-1.17638	6.63520	1.49179	0.11944	-0.02916	4.04728	1.71728	0.99751	-0.07058	0.00051	0.07058	0.99750	0.00208	-0.00065	-0.00204	1.00000	
31	0.15500	-0.87640	-14.01938	0.73007	0.17572	0.00603	-0.87994	0.18792	0.99988	0.01536	-0.00011	-0.01536	0.99988	0.00307	0.00015	-0.00306	1.00000		-1.17590	6.63193	1.47317	0.11830	-0.02746	4.04875	1.70589	0.99750	-0.07061	0.00048	0.07060	0.99750	0.00206	-0.00062	-0.00203	1.00000	
32	0.16000	-0.83254	-14.03709	0.69932	0.17170	-0.00003	-0.88186	0.19800	0.99988	0.01539	0.00000	-0.01539	0.99988	0.00300	0.00005	-0.00300	1.00000		-1.19337	6.61269	1.45988	0.11683	-0.02692	4.04554	1.70132	0.99751	-0.07055	0.00047	0.07055	0.99751	0.00204	-0.00061	-0.00200	1.00000	
33	0.16500	-0.83852	-14.01262	0.69054	0.17628	0.00341	-0.88267	0.19668	0.99988	0.01540	-0.00006	-0.01540	0.99988	0.00308	0.00011	-0.00308	1.00000		-1.17943	6.64082	1.42948	0.12132	-0.02921	4.04187	1.70611	0.99751	-0.07049	0.00051	0.07048	0.99751	0.00212	-0.00066	-0.00208	1.00000	
34	0.17000	-0.82617	-14.00666	0.67438	0.17384	0.00351	-0.87814	0.19184	0.99988	0.01533	-0.00006	-0.01533	0.99988	0.00303	0.00011	-0.00303	1.00000		-1.20530	6.63935	1.41315	0.12056	-0.02608	4.04654	1.71536	0.99751	-0.07057	0.00046	0.07057	0.99750	0.00210	-0.00060	-0.00207	1.00000	
35	0.17500	-0.81670	-14.01824	0.65268	0.17191	0.00241	-0.87874	0.18692	0.99988	0.01534	-0.00004	-0.01534	0.99988	0.00300	0.00009	-0.00300	1.00000		-1.20937	6.61647	1.39291	0.11809	-0.02588	4.04587	1.71244	0.99751	-0.07056	0.00045	0.07055	0.99751	0.00206	-0.00060	-0.00202	1.00000	
36	0.18000	-0.83123	-14.01890	0.65201	0.17102	0.00453	-0.87775	0.19012	0.99988	0.01532	-0.00008	-0.01532	0.99988	0.00298	0.00012	-0.00298	1.00000		-1.19637	6.62102	1.37547	0.11885	-0.02814	4.04417	1.71294	0.99751	-0.07053	0.00049	0.07052	0.99751	0.00207	-0.00064	-0.00203	1.00000	
37	0.18500	-0.80608	-14.01958	0.63357	0.17021	0.00500	-0.88156	0.18736	0.99988	0.01539	-0.00009	-0.01539	0.99988	0.00297	0.00013	-0.00297	1.00000		-1.21993	6.63201	1.34824	0.12030	-0.02420	4.04320	1.71556	0.99751	-0.07051	0.00042	0.07051	0.99751	0.00210	-0.00057	-0.00206	1.00000	
38	0.19000	-0.77265	-14.02277	0.62563	0.16753	-0.00046	-0.87735	0.18177	0.99988	0.01531	0.00001	-0.01531	0.99988	0.00292	0.00004	-0.00292	1.00000		-1.20899	6.62340	1.33017	0.12072	-0.02615	4.04481	1.71425	0.99751	-0.07054	0.00046	0.07054	0.99751	0.00211	-0.00060	-0.00207	1.00000	
39	0.19500	-0.78701	-14.01409	0.60191	0.16800	0.00394	-0.87762	0.17550	0.99988	0.01532	-0.00007	-0.01532	0.99988	0.00293	0.00011	-0.00293	1.00000		-1.22454	6.62809	1.29977	0.11912	-0.02487	4.04573	1.70693	0.99751	-0.07055	0.00043	0.07055	0.99751	0.00208	-0.00058	-0.00204	1.00000	
40	0.20000	-0.76597	-14.03068	0.60376	0.16467	0.00033	-0.87678	0.18677	0.99988	0.01530	-0.00001	-0.01530	0.99988	0.00287	0.00005	-0.00287	1.00000		-1.22906	6.64011	1.28849	0.11908	-0.02414	4.04149	1.71012	0.99751	-0.07048	0.00042	0.07048	0.99751	0.00208	-0.00057	-0.00204	1.00000	
41	0.20500	-0.76433	-14.01940	0.58261	0.16710	-0.00025	-0.87689	0.18624	0.99988	0.01530	0.00000	-0.01530	0.99988	0.00292	0.00004	-0.00292	1.00000		-1.21273	6.63282	1.25969	0.11824	-0.02335	4.04314	1.71748	0.99751	-0.07051	0.00041	0.07051	0.99751	0.00206	-0.00055	-0.00203	1.00000	
42	0.21000	-0.72749	-14.02391	0.56380	0.16206	-0.00227	-0.87362	0.18747	0.99988	0.01525	0.00004	-0.01525	0.99988	0.00283	0.00000	-0.00283	1.00000		-1.23537	6.63731	1.23812	0.11861	-0.01961	4.04209	1.72033	0.99751	-0.07049	0.00034	0.07049	0.99751	0.00207	-0.00049	-0.00204	1.00000	
43	0.21500	-0.73563	-14.01690	0.55741	0.16289	-0.00160	-0.87274	0.19061	0.99988	0.01523	0.00003	-0.01523	0.99988	0.00284	0.00002	-0.00284	1.00000		-1.22512	6.63335	1.22043	0.11686	-0.01993	4.03837	1.70673	0.99752	-0.07042	0.00035	0.07042	0.99752	0.00204	-0.00049	-0.00201	1.00000	
44	0.22000	-0.73638	-14.02049	0.53164	0.16332	0.00064	-0.87307	0.19507	0.99988	0.01524	-0.00001	-0.01524	0.99988	0.00285	0.00005	-0.00285	1.00000		-1.27052	6.63132	1.19638	0.11547	-0.01725	4.03998	1.71149	0.99752	-0.07045	0.00030	0.07045	0.99751	0.00202	-0.00044	-0.00199	1.00000	
45	0.22500	-0.68731	-14.02118	0.51987	0.16090	-0.00648	-0.87501	0.19230	0.99988	0.01527	0.00011	-0.01527	0.99988	0.00281	-0.00007	-0.00281	1.00000		-1.25066	6.60728	1.16078	0.11395	-0.01266	4.04020	1.71645	0.99751	-0.07046	0.00022	0.07046	0.99751	0.00199	-0.00036	-0.00197	1.00000	
46	0.23000	-0.68205	-14.04412	0.50863	0.15505	-0.00424	-0.87306	0.18037	0.99988	0.01524	0.00007	-0.01524	0.99988	0.00271	-0.00003	-0.00271	1.00000		-1.21794	6.63487	1.14567	0.11579	-0.01743	4.03949	1.71271	0.99752	-0.07044	0.00030	0.07044	0.99751	0.00202	-0.00045	-0.00199	1.00000	
47	0.23500	-0.67174	-14.03340	0.49963	0.15707	-0.00291	-0.87258	0.18837	0.99988	0.01523	0.00005	-0.01523	0.99988	0.00274	-0.00001	-0.00274	1.00000		-1.25177	6.61408	1.11611	0.11007	-0.01195	4.03635	1.73533	0.99752	-0.07039	0.00021	0.07039	0.99752	0.00192	-0.00034	-0.00190	1.00000	
48	0.24000	-0.65423	-14.02242	0.47122	0.15853	-0.00080	-0.87463	0.17320	0.99988	0.01526	0.00001	-0.01526	0.99988	0.00277	0.00003	-0.00277	1.00000		-1.25426	6.63306	1.08947	0.11219	-0.00981	4.03437	1.72284	0.99752	-0.07035	0.00017	0.07035	0.99752	0.00196	-0.00031	-0.00194	1.00000	
49	0.24500	-0.65609	-14.02874	0.46076	0.15334	-0.00765	-0.87586	0.19351	0.99988	0.01529	0.00013	-0.01529	0.99988	0.00268	-0.00009	-0.00268	1.00000		-1.26629	6.62136	1.06398	0.11028	-0.00795	4.03581	1.70729	0.99752	-0.07038	0.00014	0.07038	0.99752	0.00192	-0.00027	-0.00191	1.00000	
50	0.25000	-0.62504	-14.01813	0.45567	0.15392	-0.00877	-0.87357	0.19395	0.99988	0.01525	0.00015	-0.01525	0.99988	0.00269	-0.00011	-0.00269	1.00000		-1.26534	6.61637	1.05128	0.10866	-0.00637	4.03576	1.71138	0.99752	-0.07038	0.00011	0.07038	0.99752	0.00190	-0.00024	-0.00188	1.00000	
51	0.25500	-0.62595	-14.02990	0.43134	0.15032	-0.00988	-0.87184	0.19499	0.99988	0.01522	0.00017	-0.01522	0.99988	0.00262	-0.00013	-0.00263	1.00000		-1.24642	6.62651	1.02373	0.10809	-0.00412	4.03430	1.72378	0.99752	-0.07035	0.00007	0.07035	0.99752	0.00189	-0.00020	-0.00188	1.00000	
52	0.26000	-0.58455	-14.02761	0.41487	0.15180	-0.01237	-0.86967	0.19347	0.99988	0.01518	0.00022	-0.01518	0.99988	0.00265	-0.00018	-0.00265	1.00000		-1.24363	6.63519	1.00074	0.10819	-0.00434	4.03542	1.70694	0.99752	-0.07037	0.00008	0.07037	0.99752	0.00189	-0.00021	-0.00188	1.00000	
53	0.26500	-0.57288	-14.03728	0.40441	0.14751	-0.01355	-0.86587	0.18809	0.99989	0.01511	0.00024	-0.01511	0.99988	0.00257	-0.00020	-0.00258	1.00000		-1.24296	6.62447	0.98345	0.10456	-0.00114	4.03274	1.71725	0.99752	-0.07033	0.00002	0.07033	0.99752	0.00182	-0.00015	-0.00182	1.00000	
54	0.27000	-0.54499	-14.02649	0.38338	0.14774	-0.01327	-0.87296	0.18752	0.99988	0.01524	0.00023	-0.01524	0.99988	0.00258	-0.00019	-0.00258	1.00000		-1.27149	6.62680	0.96822	0.10226	0.00217	4.03237	1.71280	0.99752	-0.07032	-0.00004	0.07032	0.99752	0.00178	-0.00009	-0.00178	1.00000	
55	0.27500	-0.55880	-14.02872	0.37440	0.14522	-0.01256	-0.86846	0.18367	0.99989	0.01516	0.00022	-0.01516	0.99988	0.00253	-0.00018	-0.00254	1.00000		-1.24254	6.61266	0.95701	0.09931	0.00236	4.03121	1.72623	0.99753	-0.07030	-0.00004	0.07030	0.99752	0.00173	-0.00008	-0.00173	1.00000	
56	0.28000	-0.55137	-14.03163	0.35517	0.14551	-0.01339	-0.87132	0.19086	0.99988	0.01521	0.00023	-0.01521	0.99988	0.00254	-0.00019	-0.00254	1.00000		-1.27131	6.61404	0.93140	0.09828	0.00543	4.02967	1.72311	0.99753	-0.07027	-0.00009	0.07027	0.99753	0.00172	-0.00003	-0.00172	1.00000	
57	0.28500	-0.51574	-14.03568	0.34369	0.14175	-0.01604	-0.86449	0.18803	0.99989	0.01509	0.00028	-0.01509	0.99988	0.00247	-0.00024	-0.00248	1.00000		-1.25730	6.62057	0.89920	0.09631	0.00674	4.02813	1.71648	0.99753	-0.07025	-0.00012	0.07025	0.99753	0.00168	-0.00000	-0.00169	1.00000	
58	0.29000	-0.50828	-14.03274	0.32868	0.14136	-0.01723	-0.87058	0.18305	0.99988	0.01519	0.00030	-0.01519	0.99988	0.00247	-0.00026	-0.00247	1.00000		-1.24425	6.62989	0.87939	0.09600	0.01018	4.03081	1.71163	0.99753	-0.07029	-0.00018	0.07029	0.99752	0.00168	0.00006	-0.00168	1.00000	
59	0.29500	-0.49491	-14.01924	0.32310	0.14236	-0.01916	-0.86846	0.20031	0.99989	0.01516	0.00033	-0.01516	0.99988	0.00248	-0.00030	-0.00249	1.00000		-1.26784	6.64035	0.87108	0.09507	0.01281	4.03014	1.72024	0.99753	-0.07028	-0.00022	0.07028	0.99753	0.00166	0.00011	-0.00167	1.00000	
60	0.30000	-0.50134	-14.01040	0.31507	0.14157	-0.01369	-0.86571	0.20114	0.99989	0.01511	0.00024	-0.01511	0.99988	0.00247	-0.00020	-0.00247	1.00000		-1.24677	6.61567	0.84903	0.09098	0.01568	4.02816	1.72662	0.99753	-0.07025	-0.00027	0.07025	0.99753	0.00159	0.00016	-0.00160	1.00000	
61	0.30500	-0.45617	-14.03670	0.29962	0.13659	-0.02195	-0.86594	0.19048	0.99989	0.01511	0.00038	-0.01511	0.99988	0.00238	-0.00035	-0.00239	1.00000		-1.22483	6.63980	0.83524	0.09152	0.01445	4.02901	1.71153	0.99753	-0.07026	-0.00025	0.07026	0.99753	0.00160	0.00014	-0.00161	1.00000	
62	0.31000	-0.44782	-14.02659	0.29324	0.13784	-0.02210	-0.86831	0.18875	0.99989	0.01515	0.00039	-0.01516	0.99988	0.00241	-0.00035	-0.00241	1.00000		-1.27265	6.61167	0.81774	0.08517	0.02028	4.02615	1.71121	0.99753	-0.07021	-0.00035	0.07021	0.99753	0.00149	0.00025	-0.00151	1.00000	
63	0.31500	-0.45234	-14.02761	0.27206	0.13575	-0.01988	-0.86667	0.17796	0.99989	0.01513	0.00035	-0.01513	0.99988	0.00237	-0.00031	-0.00237	1.00000		-1.23930	6.62558	0.79376	0.08399	0.02026	4.02563	1.70635	0.99753	-0.07020	-0.00035	0.07020	0.99753	0.00147	0.00025	-0.00149	1.00000	
64	0.32000	-0.41117	-14.02031	0.25615	0.13589	-0.02164	-0.86091	0.18948	0.99989	0.01503	0.00038	-0.01503	0.99988	0.00237	-0.00034	-0.00238	1.00000		-1.22779	6.62528	0.76881	0.08222	0.02176	4.02297	1.71712	0.99754	-0.07016	-0.00038	0.07016	0.99753	0.00143	0.00028	-0.00146	1.00000	
65	0.32500	-0.41910	-14.02012	0.24565	0.13560	-0.01856	-0.86817	0.18926	0.99989	0.01515	0.00032	-0.01515	0.99988	0.00237	-0.00029	-0.00237	1.00000		-1.25510	6.60001	0.76178	0.07688	0.02783	4.02293	1.72143	0.99754	-0.07016	-0.00049	0.07016	0.99754	0.00134	0.00039	-0.00137	1.00000	
66	0.33000	-0.41740	-14.02126	0.25688	0.13376	-0.01636	-0.86397	0.17933	0.99989	0.01508	0.00029	-0.01508	0.99988	0.00233	-0.00025	-0.00234	1.00000		-1.23691	6.61075	0.74314	0.07474	0.02569	4.02736	1.69862	0.99753	-0.07023	-0.00045	0.07023	0.99753	0.00130	0.00036	-0.00133	1.00000	
67	0.33500	-0.40800	-14.04626	0.22977	0.12765	-0.02348	-0.86331	0.19644	0.99989	0.01507	0.00041	-0.01507	0.99988	0.00223	-0.00038	-0.00223	1.00000		-1.23862	6.60920	0.72776	0.07179	0.02773	4.02430	1.70333	0.99753	-0.07018	-0.00048	0.07018	0.99753	0.00125	0.00039	-0.00128	1.00000	
68	0.34000	-0.33165	-14.03586	0.22346	0.12831	-0.02975	-0.86047	0.18121	0.99989	0.01502	0.00052	-0.01502	0.99988	0.00224	-0.00049	-0.00225	1.00000		-1.26689	6.61336	0.71747	0.07000	0.03111	4.02484	1.70271	0.99753	-0.07019	-0.00054	0.07019	0.99753	0.00122	0.00046	-0.00126	1.00000	
69	0.34500	-0.34887	-14.03696	0.20813	0.12606	-0.03007	-0.86165	0.19035	0.99989	0.01504	0.00052	-0.01504	0.99988	0.00220	-0.00049	-0.00221	1.00000		-1.25254	6.63317	0.69573	0.06721	0.03289	4.02392	1.69370	0.99753	-0.07017	-0.00057	0.07017	0.99753	0.00117	0.00049	-0.00121	1.00000	
70	0.35000	-0.35741	-14.03663	0.19281	0.12877	-0.02424	-0.86427	0.18922	0.99989	0.01508	0.00042	-0.01508	0.99988	0.00225	-0.00039	-0.00225	1.00000		-1.24096	6.61551	0.68907	0.06348	0.03596	4.02287	1.70715	0.99754	-0.07015	-0.00063	0.07016	0.99754	0.00111	0.00055	-0.00115	1.00000	
71	0.35500	-0.29153	-14.04498	0.18596	0.12306	-0.03211	-0.86087	0.19201	0.99989	0.01502	0.00056	-0.01503	0.99988	0.00215	-0.00053	-0.00216	1.00000		-1.27360	6.61973	0.66218	0.06130	0.03987	4.02096	1.70286	0.99754	-0.07012	-0.00070	0.07012	0.99754	0.00107	0.00062	-0.00112	1.00000	
72	0.36000	-0.28430	-14.03994	0.16009	0.12493	-0.03642	-0.86066	0.18789	0.99989	0.01502	0.00064	-0.01502	0.99988	0.00218	-0.00060	-0.00219	1.00000		-1.26279	6.62601	0.64914	0.05941	0.04186	4.02110	1.69595	0.99754	-0.07012	-0.00073	0.07012	0.99754	0.00104	0.00066	-0.00109	1.00000	
73	0.36500	-0.27658	-14.03254	0.16109	0.12438	-0.03442	-0.86251	0.18256	0.99989	0.01505	0.00060	-0.01505	0.99988	0.00217	-0.00057	-0.00218	1.00000		-1.23983	6.62559	0.63641	0.05809	0.03819	4.02146	1.69210	0.99754	-0.07013	-0.00067	0.07013	0.99754	0.00101	0.00059	-0.00106	1.00000	
74	0.37000	-0.27773	-14.04299	0.14666	0.12139	-0.03475	-0.86050	0.20666	0.99989	0.01502	0.00061	-0.01502	0.99988	0.00212	-0.00057	-0.00213	1.00000		-1.22839	6.61953	0.62702	0.05397	0.04323	4.02027	1.69598	0.99754	-0.07011	-0.00075	0.07011	0.99754	0.00094	0.00069	-0.00099	1.00000	
75	0.37500	-0.24269	-14.04315	0.14587	0.12135	-0.03869	-0.86168	0.19191	0.99989	0.01504	0.00068	-0.01504	0.99988	0.00212	-0.00064	-0.00213	1.00000		-1.22849	6.63578	0.61709	0.05224	0.04399	4.02132	1.69598	0.99754	-0.07013	-0.00077	0.07013	0.99754	0.00091	0.00070	-0.00096	1.00000	
76	0.38000	-0.22309	-14.05419	0.12991	0.11939	-0.04188	-0.86114	0.20206	0.99989	0.01503	0.00073	-0.01503	0.99988	0.00208	-0.00070	-0.00209	1.00000		-1.23201	6.61936	0.59436	0.04635	0.04811	4.02125	1.68928	0.99754	-0.07013	-0.00084	0.07013	0.99754	0.00081	0.00078	-0.00087	1.00000	
77	0.38500	-0.20677	-14.06172	0.13154	0.11787	-0.04196	-0.86476	0.19369	0.99989	0.01509	0.00073	-0.01509	0.99988	0.00206	-0.00070	-0.00207	1.00000		-1.22358	6.60612	0.59062	0.04328	0.04815	4.02004	1.67399	0.99754	-0.07011	-0.00084	0.07011	0.99754	0.00076	0.00079	-0.00081	1.00000	
78	0.39000	-0.20177	-14.03740	0.11415	0.12116	-0.04246	-0.86342	0.20313	0.99989	0.01507	0.00074	-0.01507	0.99988	0.00211	-0.00071	-0.00213	1.00000		-1.23904	6.62167	0.56243	0.04016	0.04981	4.01824	1.68565	0.99754	-0.07007	-0.00087	0.07007	0.99754	0.00070	0.00082	-0.00076	1.00000	
79	0.39500	-0.21221	-14.05042	0.11570	0.11626	-0.03890	-0.86081	0.18129	0.99989	0.01502	0.00068	-0.01502	0.99989	0.00203	-0.00065	-0.00204	1.00000		-1.21089	6.63083	0.56791	0.03957	0.05047	4.01711	1.68471	0.99754	-0.07005	-0.00088	0.07006	0.99754	0.00069	0.00083	-0.00075	1.00000	
80	0.40000	-0.20101	-14.05802	0.10774	0.11708	-0.04057	-0.85974	0.19989	0.99989	0.01500	0.00071	-0.01501	0.99989	0.00204	-0.00068	-0.00205	1.00000		-1.19727	6.62231	0.55168	0.03506	0.05165	4.01536	1.67811	0.99754	-0.07002	-0.00090	0.07002	0.99755	0.00061	0.00086	-0.00067	1.00000	
81	0.40500	-0.16292	-14.05660	0.10152	0.11487	-0.04540	-0.86002	0.19999	0.99989	0.01501	0.00079	-0.01501	0.99989	0.00200	-0.00076	-0.00202	1.00000		-1.19971	6.64836	0.53518	0.03382	0.05124	4.01358	1.68964	0.99755	-0.06999	-0.00089	0.06999	0.99755	0.00059	0.00085	-0.00065	1.00000	
82	0.41000	-0.11377	-14.06609	0.09613	0.11340	-0.05087	-0.86020	0.21880	0.99989	0.01501	0.00089	-0.01501	0.99989	0.00198	-0.00086	-0.00199	1.00000		-1.20587	6.64037	0.52460	0.03038	0.05430	4.01626	1.67735	0.99754	-0.07004	-0.00095	0.07004	0.99754	0.00053	0.00091	-0.00060	1.00000	
83	0.41500	-0.12787	-14.05350	0.06686	0.11478	-0.04719	-0.86364	0.19430	0.99989	0.01507	0.00082	-0.01507	0.99988	0.00200	-0.00079	-0.00202	1.00000		-1.19448	6.63003	0.52069	0.02657	0.05418	4.01704	1.66437	0.99754	-0.07005	-0.00095	0.07005	0.99754	0.00046	0.00091	-0.00053	1.00000	
84	0.42000	-0.07716	-14.06935	0.06347	0.11191	-0.05172	-0.85968	0.21148	0.99989	0.01500	0.00090	-0.01501	0.99989	0.00195	-0.00087	-0.00197	1.00000		-1.16522	6.65166	0.50526	0.02657	0.05174	4.01563	1.68479	0.99754	-0.07003	-0.00090	0.07003	0.99754	0.00046	0.00087	-0.00053	1.00000	
85	0.42500	-0.08941	-14.07856	0.05795	0.11178	-0.05026	-0.86172	0.19384	0.99989	0.01504	0.00088	-0.01504	0.99989	0.00195	-0.00085	-0.00196	1.00000		-1.18772	6.61707	0.49553	0.02044	0.05829	4.01534	1.66229	0.99754	-0.07002	-0.00102	0.07002	0.99755	0.00036	0.00099	-0.00043	1.00000	
86	0.43000	-0.06176	-14.06473	0.04303	0.11141	-0.05840	-0.86132	0.21389	0.99989	0.01503	0.00102	-0.01503	0.99989	0.00194	-0.00099	-0.00196	1.00000		-1.18003	6.62815	0.47395	0.01747	0.05746	4.01275	1.66019	0.99755	-0.06998	-0.00100	0.06998	0.99755	0.00030	0.00098	-0.00037	1.00000	
87	0.43500	-0.05184	-14.05724	0.05319	0.11299	-0.05593	-0.85879	0.20730	0.99989	0.01499	0.00098	-0.01499	0.99989	0.00197	-0.00095	-0.00199	1.00000		-1.14958	6.65035	0.48117	0.01834	0.05302	4.01129	1.67566	0.99755	-0.06995	-0.00093	0.06995	0.99755	0.00032	0.00090	-0.00038	1.00000	
88	0.44000	-0.04549	-14.08398	0.04555	0.10853	-0.05859	-0.85881	0.20423	0.99989	0.01499	0.00102	-0.01499	0.99989	0.00189	-0.00099	-0.00191	1.00000		-1.14425	6.64602	0.48556	0.01564	0.05415	4.01388	1.66313	0.99755	-0.07000	-0.00095	0.07000	0.99755	0.00027	0.00092	-0.00034	1.00000	
89	0.44500	-0.00808	-14.07094	0.03344	0.10902	-0.06308	-0.85957	0.21388	0.99989	0.01500	0.00110	-0.01500	0.99989	0.00190	-0.00107	-0.00192	1.00000		-1.12403	6.66494	0.45791	0.01305	0.05528	4.01524	1.67112	0.99755	-0.07002	-0.00096	0.07002	0.99755	0.00023	0.00095	-0.00029	1.00000	
90	0.45000	-0.00217	-14.06188	0.01155	0.11038	-0.06282	-0.86402	0.21575	0.99989	0.01508	0.00110	-0.01508	0.99988	0.00193	-0.00107	-0.00194	1.00000		-1.13007	6.64290	0.45243	0.00842	0.05434	4.01446	1.66491	0.99755	-0.07001	-0.00095	0.07001	0.99755	0.00015	0.00094	-0.00021	1.00000	
91	0.45500	0.01614	-14.08809	0.01093	0.10640	-0.06771	-0.86471	0.20902	0.99989	0.01509	0.00118	-0.01509	0.99988	0.00186	-0.00115	-0.00187	1.00000		-1.11787	6.64038	0.43975	0.00632	0.05570	4.01178	1.67528	0.99755	-0.06996	-0.00097	0.06996	0.99755	0.00011	0.00096	-0.00018	1.00000	
92	0.46000	0.05313	-14.08630	0.00813	0.10416	-0.07052	-0.85853	0.22126	0.99989	0.01498	0.00123	-0.01499	0.99989	0.00182	-0.00120	-0.00184	1.00000		-1.12826	6.65099	0.42181	0.00416	0.05274	4.01184	1.64321	0.99755	-0.06996	-0.00092	0.06996	0.99755	0.00007	0.00091	-0.00014	1.00000	
93	0.46500	0.05898	-14.08853	0.00696	0.10482	-0.07016	-0.86015	0.21639	0.99989	0.01501	0.00122	-0.01501	0.99989	0.00183	-0.00120	-0.00185	1.00000		-1.10147	6.64283	0.42665	0.00002	0.05196	4.01210	1.64851	0.99755	-0.06997	-0.00091	0.06997	0.99755	0.00000	0.00090	-0.00006	1.00000	
94	0.47000	0.08113	-14.10225	-0.01419	0.10310	-0.07645	-0.85943	0.22441	0.99989	0.01500	0.00133	-0.01500	0.99989	0.00180	-0.00131	-0.00182	1.00000		-1.11205	6.66015	0.41220	-0.00014	0.05439	4.01307	1.65102	0.99755	-0.06998	-0.00095	0.06998	0.99755	-0.00000	0.00095	-0.00006	1.00000	
95	0.47500	0.09161	-14.08105	-0.01621	0.10808	-0.07050	-0.86124	0.21642	0.99989	0.01503	0.00123	-0.01503	0.99989	0.00189	-0.00120	-0.00190	1.00000		-1.05940	6.65018	0.41585	-0.00412	0.04925	4.01452	1.64030	0.99755	-0.07001	-0.00086	0.07001	0.99755	-0.00007	0.00086	0.00001	1.00000	
96	0.48000	0.13539	-14.08976	-0.03173	0.10449	-0.07782	-0.85789	0.20311	0.99989	0.01497	0.00136	-0.01497	0.99989	0.00182	-0.00133	-0.00184	1.00000		-1.06081	6.65510	0.39847	-0.00472	0.04983	4.01580	1.63966	0.99754	-0.07003	-0.00087	0.07003	0.99754	-0.00008	0.00087	0.00002	1.00000	
97	0.48500	0.09948	-14.09467	-0.04731	0.10213	-0.08040	-0.85681	0.23390	0.99989	0.01495	0.00140	-0.01496	0.99989	0.00178	-0.00138	-0.00180	1.00000		-1.04810	6.65490	0.38499	-0.00708	0.04946	4.01414	1.62755	0.99755	-0.07000	-0.00086	0.07000	0.99755	-0.00012	0.00087	0.00006	1.00000	
98	0.49000	0.12260	-14.10935	-0.03111	0.09994	-0.07640	-0.86133	0.20651	0.99989	0.01503	0.00133	-0.01503	0.99989	0.00174	-0.00131	-0.00176	1.00000		-1.02622	6.67447	0.39762	-0.00690	0.04630	4.01135	1.64635	0.99755	-0.06995	-0.00081	0.06995	0.99755	-0.00012	0.00081	0.00006	1.00000	
99	0.49500	0.14888	-14.10321	-0.04635	0.10151	-0.08102	-0.85850	0.22198	0.99989	0.01498	0.00141	-0.01499	0.99989	0.00177	-0.00139	-0.00179	1.00000		-1.02442	6.68145	0.37212	-0.00728	0.04622	4.01096	1.64516	0.99755	-0.06995	-0.00081	0.06995	0.99755	-0.00013	0.00081	0.00007	1.00000	
100	0.50000	0.15742	-14.10394	-0.06247	0.10119	-0.08428	-0.86211	0.22371	0.99989	0.01505	0.00147	-0.01505	0.99989	0.00177	-0.00144	-0.00179	1.00000		-1.00220	6.67945	0.36104	-0.01024	0.04286	4.01291	1.62698	0.99755	-0.06998	-0.00075	0.06998	0.99755	-0.00018	0.00076	0.00013	1.00000	
101	0.50500	0.18491	-14.07309	-0.05384	0.10497	-0.08359	-0.86266	0.21532	0.99989	0.01506	0.00146	-0.01506	0.99988	0.00183	-0.00143	-0.00185	1.00000		-0.96180	6.66555	0.36766	-0.01282	0.03778	4.01338	1.62919	0.99755	-0.06999	-0.00066	0.06999	0.99755	-0.00022	0.00067	0.00018	1.00000	
102	0.51000	0.19490	-14.10243	-0.05532	0.09982	-0.08318	-0.86262	0.21212	0.99989	0.01505	0.00145	-0.01506	0.99989	0.00174	-0.00143	-0.00176	1.00000		-0.95685	6.67224	0.35901	-0.01561	0.03569	4.01183	1.62516	0.99755	-0.06996	-0.00062	0.06996	0.99755	-0.00027	0.00064	0.00023	1.00000	
103	0.51500	0.25589	-14.11393	-0.06432	0.09563	-0.09350	-0.85666	0.22931	0.99989	0.01495	0.00163	-0.01495	0.99989	0.00167	-0.00161	-0.00169	1.00000		-0.94412	6.67580	0.35910	-0.01510	0.03676	4.00998	1.61977	0.99755	-0.06993	-0.00064	0.06993	0.99755	-0.00026	0.00066	0.00022	1.00000	
104	0.52000	0.22173	-14.11007	-0.07792	0.09822	-0.08892	-0.86290	0.21693	0.99989	0.01506	0.00155	-0.01506	0.99989	0.00171	-0.00153	-0.00174	1.00000		-0.93823	6.70714	0.34676	-0.01391	0.03697	4.01418	1.61658	0.99755	-0.07000	-0.00065	0.07000	0.99755	-0.00024	0.00066	0.00020	1.00000	
105	0.52500	0.24299	-14.10394	-0.07803	0.09720	-0.09295	-0.85997	0.23539	0.99989	0.01501	0.00162	-0.01501	0.99989	0.00170	-0.00160	-0.00172	1.00000		-0.90664	6.69026	0.35679	-0.01832	0.03145	4.01051	1.61672	0.99755	-0.06994	-0.00055	0.06994	0.99755	-0.00032	0.00057	0.00028	1.00000	
106	0.53000	0.28921	-14.11488	-0.08526	0.09703	-0.09534	-0.86238	0.21591	0.99989	0.01505	0.00166	-0.01505	0.99989	0.00169	-0.00164	-0.00172	1.00000		-0.89586	6.69215	0.33520	-0.01710	0.02779	4.01038	1.61169	0.99755	-0.06994	-0.00049	0.06994	0.99755	-0.00030	0.00050	0.00026	1.00000	
107	0.53500	0.30746	-14.07676	-0.08576	0.10116	-0.09455	-0.86085	0.23326	0.99989	0.01502	0.00165	-0.01503	0.99989	0.00177	-0.00162	-0.00179	1.00000		-0.87702	6.69579	0.32998	-0.01963	0.02497	4.00767	1.63033	0.99755	-0.06989	-0.00044	0.06989	0.99755	-0.00034	0.00046	0.00031	1.00000	
108	0.54000	0.31696	-14.10718	-0.09366	0.09565	-0.09835	-0.86066	0.22451	0.99989	0.01502	0.00172	-0.01502	0.99989	0.00167	-0.00169	-0.00169	1.00000		-0.89950	6.69245	0.32274	-0.01999	0.02560	4.01158	1.61866	0.99755	-0.06996	-0.00045	0.06996	0.99755	-0.00035	0.00047	0.00032	1.00000	
109	0.54500	0.29836	-14.11601	-0.09027	0.09532	-0.09588	-0.86236	0.20989	0.99989	0.01505	0.00167	-0.01505	0.99989	0.00166	-0.00165	-0.00169	1.00000		-0.85481	6.69524	0.32762	-0.02032	0.02176	4.01376	1.60935	0.99755	-0.07000	-0.00038	0.07000	0.99755	-0.00035	0.00040	0.00033	1.00000	
110	0.55000	0.37229	-14.12524	-0.10231	0.09424	-0.10128	-0.86016	0.22263	0.99989	0.01501	0.00177	-0.01501	0.99989	0.00164	-0.00174	-0.00167	1.00000		-0.82213	6.71903	0.31952	-0.01781	0.01656	4.01072	1.60894	0.99755	-0.06994	-0.00029	0.06994	0.99755	-0.00031	0.00031	0.00029	1.00000	
111	0.55500	0.34764	-14.09825	-0.10889	0.09594	-0.09857	-0.85647	0.20541	0.99989	0.01495	0.00172	-0.01495	0.99989	0.00167	-0.00170	-0.00170	1.00000		-0.84043	6.68674	0.29742	-0.02387	0.01785	4.01346	1.62221	0.99755	-0.06999	-0.00031	0.06999	0.99755	-0.00042	0.00034	0.00039	1.00000	
112	0.56000	0.40174	-14.11842	-0.10400	0.09187	-0.10232	-0.86039	0.20758	0.99989	0.01502	0.00179	-0.01502	0.99989	0.00160	-0.00176	-0.00163	1.00000		-0.80538	6.70487	0.30793	-0.02152	0.01038	4.01026	1.61725	0.99755	-0.06994	-0.00018	0.06994	0.99755	-0.00038	0.00021	0.00036	1.00000	
113	0.56500	0.41422	-14.11231	-0.12821	0.09158	-0.10358	-0.85863	0.22177	0.99989	0.01499	0.00181	-0.01499	0.99989	0.00160	-0.00178	-0.00163	1.00000		-0.80157	6.72072	0.29703	-0.02203	0.01018	4.00924	1.61477	0.99755	-0.06992	-0.00018	0.06992	0.99755	-0.00038	0.00020	0.00037	1.00000	
114	0.57000	0.42779	-14.10777	-0.11715	0.09184	-0.10749	-0.85749	0.22424	0.99989	0.01497	0.00188	-0.01497	0.99989	0.00160	-0.00185	-0.00163	1.00000		-0.77607	6.70319	0.28709	-0.02279	0.00584	4.01218	1.61311	0.99755	-0.06997	-0.00010	0.06997	0.99755	-0.00040	0.00013	0.00039	1.00000	
115	0.57500	0.43732	-14.10767	-0.12393	0.09336	-0.10749	-0.85960	0.21813	0.99989	0.01500	0.00188	-0.01501	0.99989	0.00163	-0.00185	-0.00166	1.00000		-0.75891	6.71148	0.28224	-0.02204	0.00139	4.01161	1.60718	0.99755	-0.06996	-0.00002	0.06996	0.99755	-0.00038	0.00005	0.00038	1.00000	
116	0.58000	0.45924	-14.09176	-0.13255	0.09291	-0.11093	-0.85820	0.22808	0.99989	0.01498	0.00194	-0.01498	0.99989	0.00162	-0.00191	-0.00165	1.00000		-0.74675	6.70588	0.28280	-0.02445	-0.00063	4.01090	1.60614	0.99755	-0.06995	0.00001	0.06995	0.99755	-0.00043	0.00002	0.00043	1.00000	
117	0.58500	0.49011	-14.12181	-0.13354	0.08858	-0.11072	-0.86366	0.22941	0.99988	0.01507	0.00193	-0.01508	0.99989	0.00155	-0.00191	-0.00157	1.00000		-0.71713	6.71418	0.27870	-0.02247	-0.00524	4.01276	1.62335	0.99755	-0.06998	0.00009	0.06998	0.99755	-0.00039	-0.00006	0.00040	1.00000	
118	0.59000	0.46840	-14.09095	-0.13310	0.09120	-0.10868	-0.86036	0.22596	0.99989	0.01502	0.00190	-0.01502	0.99989	0.00159	-0.00187	-0.00162	1.00000		-0.69957	6.71087	0.27316	-0.02366	-0.00992	4.01202	1.61731	0.99755	-0.06997	0.00017	0.06997	0.99755	-0.00041	-0.00014	0.00042	1.00000	
119	0.59500	0.53209	-14.09893	-0.13659	0.08912	-0.11552	-0.86271	0.24189	0.99988	0.01506	0.00202	-0.01506	0.99989	0.00156	-0.00199	-0.00159	1.00000		-0.68199	6.70928	0.26256	-0.02375	-0.01287	4.01181	1.61751	0.99755	-0.06996	0.00022	0.06996	0.99755	-0.00041	-0.00020	0.00043	1.00000	
120	0.60000	0.56528	-14.10128	-0.13892	0.08884	-0.11265	-0.85840	0.22726	0.99989	0.01498	0.00197	-0.01498	0.99989	0.00155	-0.00194	-0.00158	1.00000		-0.65215	6.71502	0.25473	-0.02250	-0.02130	4.01100	1.60670	0.99755	-0.06995	0.00037	0.06995	0.99755	-0.00039	-0.00034	0.00042	1.00000	
121	0.60500	0.53456	-14.09172	-0.14439	0.09058	-0.11125	-0.85940	0.22269	0.99989	0.01500	0.00194	-0.01500	0.99989	0.00158	-0.00192	-0.00161	1.00000		-0.66014	6.72217	0.25358	-0.02285	-0.02303	4.01183	1.59472	0.99755	-0.06996	0.00040	0.06996	0.99755	-0.00040	-0.00037	0.00043	1.00000	
122	0.61000	0.57573	-14.11217	-0.14725	0.08652	-0.11168	-0.86191	0.21401	0.99989	0.01504	0.00195	-0.01505	0.99989	0.00151	-0.00193	-0.00154	1.00000		-0.63524	6.71809	0.22845	-0.02243	-0.02564	4.01200	1.60136	0.99755	-0.06997	0.00045	0.06997	0.99755	-0.00039	-0.00042	0.00042	1.00000	
123	0.61500	0.58046	-14.09217	-0.14908	0.08593	-0.11638	-0.85689	0.24085	0.99989	0.01496	0.00203	-0.01496	0.99989	0.00150	-0.00201	-0.00153	1.00000		-0.63551	6.71577	0.23120	-0.02364	-0.02726	4.01148	1.59504	0.99755	-0.06996	0.00048	0.06996	0.99755	-0.00041	-0.00045	0.00044	1.00000	
124	0.62000	0.57971	-14.09633	-0.14501	0.08734	-0.10766	-0.85621	0.23438	0.99989	0.01494	0.00188	-0.01495	0.99989	0.00152	-0.00186	-0.00155	1.00000		-0.59754	6.73059	0.23066	-0.02034	-0.03325	4.01495	1.59133	0.99755	-0.07002	0.00058	0.07002	0.99755	-0.00035	-0.00055	0.00039	1.00000	
125	0.62500	0.57721	-14.08265	-0.14210	0.08945	-0.10662	-0.86286	0.23786	0.99988	0.01506	0.00186	-0.01506	0.99989	0.00156	-0.00184	-0.00159	1.00000		-0.56623	6.70679	0.21675	-0.02174	-0.04062	4.01386	1.62055	0.99755	-0.07000	0.00071	0.07000	0.99755	-0.00038	-0.00068	0.00043	1.00000	
126	0.63000	0.61815	-14.09894	-0.14965	0.08528	-0.11057	-0.85701	0.21568	0.99989	0.01496	0.00193	-0.01496	0.99989	0.00149	-0.00191	-0.00152	1.00000		-0.53444	6.71118	0.20837	-0.02047	-0.04589	4.01507	1.60434	0.99755	-0.07002	0.00080	0.07002	0.99755	-0.00036	-0.00077	0.00041	1.00000	
127	0.63500	0.61110	-14.09111	-0.14383	0.08745	-0.10482	-0.85924	0.21521	0.99989	0.01500	0.00183	-0.01500	0.99989	0.00153	-0.00181	-0.00155	1.00000		-0.54209	6.70148	0.20517	-0.02263	-0.04826	4.01093	1.61442	0.99755	-0.06995	0.00084	0.06995	0.99755	-0.00039	-0.00081	0.00045	1.00000	
128	0.64000	0.60636	-14.08729	-0.14748	0.08772	-0.10465	-0.85848	0.21762	0.99989	0.01498	0.00183	-0.01499	0.99989	0.00153	-0.00180	-0.00156	1.00000		-0.47700	6.71731	0.19460	-0.01758	-0.05927	4.01199	1.59181	0.99755	-0.06997	0.00103	0.06997	0.99755	-0.00031	-0.00101	0.00038	1.00000	
129	0.64500	0.63091	-14.08568	-0.15395	0.08716	-0.10545	-0.86539	0.22735	0.99988	0.01510	0.00184	-0.01511	0.99988	0.00152	-0.00182	-0.00155	1.00000		-0.47649	6.71915	0.18838	-0.01710	-0.05916	4.01298	1.61189	0.99755	-0.06998	0.00103	0.06998	0.99755	-0.00030	-0.00101	0.00037	1.00000	
130	0.65000	0.66215	-14.11183	-0.15725	0.08136	-0.10632	-0.86006	0.21322	0.99989	0.01501	0.00186	-0.01501	0.99989	0.00142	-0.00183	-0.00145	1.00000		-0.45180	6.72199	0.18805	-0.01394	-0.06517	4.01438	1.60080	0.99755	-0.07001	0.00114	0.07001	0.99755	-0.00024	-0.00112	0.00032	1.00000	
131	0.65500	0.66436	-14.08386	-0.16499	0.08474	-0.10831	-0.86112	0.23688	0.99989	0.01503	0.00189	-0.01503	0.99989	0.00148	-0.00187	-0.00151	1.00000		-0.41933	6.71991	0.17331	-0.01394	-0.07066	4.01399	1.60137	0.99755	-0.07000	0.00123	0.07000	0.99755	-0.00024	-0.00121	0.00033	1.00000	
132	0.66000	0.70541	-14.10324	-0.15784	0.08204	-0.10699	-0.86470	0.21177	0.99988	0.01509	0.00187	-0.01509	0.99989	0.00143	-0.00185	-0.00146	1.00000		-0.41217	6.69863	0.15901	-0.01582	-0.07228	4.01434	1.60230	0.99755	-0.07001	0.00126	0.07001	0.99755	-0.00028	-0.00124	0.00036	1.00000	
133	0.66500	0.71488	-14.08780	-0.15077	0.08302	-0.10795	-0.86006	0.21194	0.99989	0.01501	0.00188	-0.01501	0.99989	0.00145	-0.00186	-0.00148	1.00000		-0.38317	6.72182	0.16525	-0.01256	-0.07846	4.01224	1.61708	0.99755	-0.06997	0.00137	0.06997	0.99755	-0.00022	-0.00135	0.00031	1.00000	
134	0.67000	0.71341	-14.08998	-0.15499	0.08528	-0.10337	-0.86209	0.21934	0.99989	0.01505	0.00180	-0.01505	0.99989	0.00149	-0.00178	-0.00152	1.00000		-0.37543	6.70995	0.14528	-0.01278	-0.08353	4.01350	1.58645	0.99755	-0.06999	0.00146	0.06999	0.99755	-0.00022	-0.00144	0.00032	1.00000	
135	0.67500	0.73123	-14.08947	-0.15145	0.08382	-0.10144	-0.86062	0.20872	0.99989	0.01502	0.00177	-0.01502	0.99989	0.00146	-0.00175	-0.00149	1.00000		-0.36754	6.71771	0.13517	-0.00948	-0.08473	4.01664	1.58739	0.99754	-0.07005	0.00148	0.07005	0.99754	-0.00017	-0.00146	0.00027	1.00000	
136	0.68000	0.73190	-14.07834	-0.15935	0.08526	-0.09510	-0.86042	0.21008	0.99989	0.01502	0.00166	-0.01502	0.99989	0.00149	-0.00164	-0.00151	1.00000		-0.33731	6.74126	0.13299	-0.00574	-0.09097	4.01817	1.59808	0.99754	-0.07007	0.00159	0.07007	0.99754	-0.00010	-0.00158	0.00021	1.00000	
137	0.68500	0.75579	-14.08480	-0.16010	0.08373	-0.10125	-0.86299	0.22418	0.99989	0.01506	0.00177	-0.01506	0.99989	0.00146	-0.00174	-0.00149	1.00000		-0.30474	6.72499	0.14039	-0.00623	-0.09544	4.01443	1.60187	0.99755	-0.07001	0.00167	0.07001	0.99755	-0.00011	-0.00165	0.00023	1.00000	
138	0.69000	0.76957	-14.08683	-0.15687	0.08213	-0.10192	-0.86191	0.23899	0.99989	0.01504	0.00178	-0.01505	0.99989	0.00143	-0.00176	-0.00146	1.00000		-0.28812	6.72100	0.10287	-0.00431	-0.10021	4.01490	1.59798	0.99754	-0.07002	0.00175	0.07002	0.99755	-0.00008	-0.00174	0.00020	1.00000	
139	0.69500	0.80400	-14.08651	-0.15254	0.08303	-0.10274	-0.85847	0.21370	0.99989	0.01498	0.00179	-0.01499	0.99989	0.00145	-0.00177	-0.00148	1.00000		-0.29930	6.72574	0.09554	-0.00302	-0.10138	4.01962	1.58965	0.99754	-0.07010	0.00177	0.07010	0.99754	-0.00005	-0.00176	0.00018	1.00000	
