NO_OF_FRAMES	12044
NO_OF_CAMERAS	8
NO_OF_BODIES	2
FREQUENCY	200
NO_OF_ANALOG	0
ANALOG_FREQUENCY	0
DESCRIPTION	--
TIME_STAMP	2013-07-05, 11:49:45	184199.22052928
DATA_INCLUDED	6D
BODY_NAMES	Ice 2 V2	Ice 3
Frame	Time	Ice 2 V2 X	Y	Z	Roll	Pitch	Yaw	Residual	Rot[0]	Rot[1]	Rot[2]	Rot[3]	Rot[4]	Rot[5]	Rot[6]	Rot[7]	Rot[8]	Ice 3 X	Y	Z	Roll	Pitch	Yaw	Residual	Rot[0]	Rot[1]	Rot[2]	Rot[3]	Rot[4]	Rot[5]	Rot[6]	Rot[7]	Rot[8]	
1	0.00500	0.18977	-13.64087	0.26515	0.11532	-0.05256	-0.88461	0.18563	0.99988	0.01544	0.00092	-0.01544	0.99988	0.00201	-0.00089	-0.00203	1.00000		1.55580	6.68743	-0.00853	-0.06843	-0.06229	4.37056	1.13833	0.99709	-0.07621	0.00109	0.07621	0.99709	-0.00119	-0.00099	0.00127	1.00000	
2	0.01000	0.12267	-13.65642	0.26663	0.12749	-0.04396	-0.88936	0.19171	0.99988	0.01552	0.00077	-0.01552	0.99988	0.00223	-0.00073	-0.00224	1.00000		1.65418	6.66359	0.03471	-0.07521	-0.06932	4.36362	1.11387	0.99710	-0.07609	0.00121	0.07609	0.99710	-0.00131	-0.00111	0.00140	1.00000	
3	0.01500	0.11707	-13.65423	0.27732	0.13761	-0.04213	-0.89074	0.18779	0.99988	0.01555	0.00074	-0.01555	0.99988	0.00240	-0.00070	-0.00241	1.00000		1.63946	6.68326	0.02624	-0.07650	-0.06948	4.36488	1.10613	0.99710	-0.07611	0.00121	0.07611	0.99710	-0.00134	-0.00111	0.00142	1.00000	
4	0.02000	0.10584	-13.65474	0.26022	0.14912	-0.03942	-0.89125	0.19563	0.99988	0.01555	0.00069	-0.01556	0.99988	0.00260	-0.00065	-0.00261	1.00000		1.64801	6.68355	0.02747	-0.07635	-0.07090	4.36480	1.10573	0.99710	-0.07611	0.00124	0.07611	0.99710	-0.00133	-0.00113	0.00142	1.00000	
5	0.02500	0.08764	-13.65723	0.26516	0.16056	-0.03986	-0.89587	0.18271	0.99988	0.01564	0.00070	-0.01564	0.99987	0.00280	-0.00065	-0.00281	1.00000		1.68115	6.70464	0.02694	-0.07562	-0.07583	4.36324	1.12207	0.99710	-0.07608	0.00132	0.07608	0.99710	-0.00132	-0.00122	0.00142	1.00000	
6	0.03000	0.07935	-13.65500	0.26925	0.16980	-0.03748	-0.89192	0.18953	0.99988	0.01557	0.00065	-0.01557	0.99987	0.00296	-0.00061	-0.00297	1.00000		1.64610	6.71908	0.03455	-0.07582	-0.07456	4.36428	1.10588	0.99710	-0.07610	0.00130	0.07610	0.99710	-0.00132	-0.00120	0.00142	1.00000	
7	0.03500	0.10228	-13.68273	0.27919	0.17873	-0.04052	-0.89454	0.19088	0.99988	0.01561	0.00071	-0.01561	0.99987	0.00312	-0.00066	-0.00313	0.99999		1.66231	6.72824	0.02237	-0.07422	-0.07382	4.36313	1.11669	0.99710	-0.07608	0.00129	0.07608	0.99710	-0.00130	-0.00119	0.00139	1.00000	
8	0.04000	0.11942	-13.67242	0.27592	0.19366	-0.04201	-0.89501	0.19146	0.99988	0.01562	0.00073	-0.01562	0.99987	0.00338	-0.00068	-0.00339	0.99999		1.67527	6.76085	0.02397	-0.07004	-0.07880	4.36382	1.10471	0.99710	-0.07609	0.00138	0.07609	0.99710	-0.00122	-0.00128	0.00132	1.00000	
9	0.04500	0.11693	-13.65882	0.26015	0.20375	-0.04535	-0.89505	0.20439	0.99988	0.01562	0.00079	-0.01562	0.99987	0.00356	-0.00074	-0.00357	0.99999		1.68465	6.77286	0.02192	-0.06789	-0.08022	4.36391	1.10486	0.99710	-0.07609	0.00140	0.07609	0.99710	-0.00118	-0.00131	0.00129	1.00000	
10	0.05000	0.07207	-13.69652	0.28550	0.20987	-0.04178	-0.89372	0.19838	0.99988	0.01560	0.00073	-0.01560	0.99987	0.00366	-0.00067	-0.00367	0.99999		1.66934	6.78031	0.01874	-0.06428	-0.07950	4.36628	1.08026	0.99710	-0.07613	0.00139	0.07613	0.99710	-0.00112	-0.00130	0.00122	1.00000	
11	0.05500	0.11442	-13.69779	0.27500	0.22028	-0.04742	-0.89145	0.19662	0.99988	0.01556	0.00083	-0.01556	0.99987	0.00384	-0.00077	-0.00386	0.99999		1.67051	6.77421	0.01501	-0.06645	-0.08141	4.36249	1.11131	0.99710	-0.07607	0.00142	0.07607	0.99710	-0.00116	-0.00133	0.00126	1.00000	
12	0.06000	0.11255	-13.70706	0.27504	0.22900	-0.04896	-0.89448	0.20381	0.99988	0.01561	0.00085	-0.01561	0.99987	0.00400	-0.00079	-0.00401	0.99999		1.67821	6.79074	0.02060	-0.06276	-0.08084	4.36316	1.11715	0.99710	-0.07608	0.00141	0.07608	0.99710	-0.00110	-0.00132	0.00120	1.00000	
13	0.06500	0.11023	-13.70583	0.27565	0.24124	-0.04718	-0.89386	0.19547	0.99988	0.01560	0.00082	-0.01560	0.99987	0.00421	-0.00076	-0.00422	0.99999		1.68067	6.82294	0.02480	-0.05636	-0.08262	4.36495	1.09086	0.99710	-0.07611	0.00144	0.07611	0.99710	-0.00098	-0.00136	0.00109	1.00000	
14	0.07000	0.10150	-13.72031	0.27561	0.25047	-0.04869	-0.89799	0.19467	0.99988	0.01567	0.00085	-0.01568	0.99987	0.00437	-0.00078	-0.00438	0.99999		1.67057	6.81191	0.02453	-0.05530	-0.08130	4.36462	1.10881	0.99710	-0.07610	0.00142	0.07610	0.99710	-0.00097	-0.00134	0.00107	1.00000	
15	0.07500	0.13596	-13.73717	0.26549	0.25979	-0.04809	-0.89568	0.18124	0.99988	0.01563	0.00084	-0.01564	0.99987	0.00453	-0.00077	-0.00455	0.99999		1.68576	6.84731	0.02399	-0.04852	-0.08194	4.36424	1.09499	0.99710	-0.07610	0.00143	0.07610	0.99710	-0.00085	-0.00136	0.00095	1.00000	
16	0.08000	0.10769	-13.75147	0.27388	0.26918	-0.04993	-0.90186	0.19157	0.99988	0.01574	0.00087	-0.01574	0.99987	0.00470	-0.00080	-0.00471	0.99999		1.64187	6.85233	0.01381	-0.04346	-0.08171	4.36443	1.11591	0.99710	-0.07610	0.00143	0.07610	0.99710	-0.00076	-0.00136	0.00086	1.00000	
17	0.08500	0.12008	-13.74025	0.25944	0.28031	-0.05333	-0.90105	0.20407	0.99988	0.01573	0.00093	-0.01573	0.99986	0.00489	-0.00085	-0.00491	0.99999		1.66531	6.85359	0.01867	-0.04086	-0.08096	4.36310	1.11414	0.99710	-0.07608	0.00141	0.07608	0.99710	-0.00071	-0.00135	0.00082	1.00000	
18	0.09000	0.11239	-13.76501	0.26212	0.28601	-0.04937	-0.89248	0.20044	0.99988	0.01558	0.00086	-0.01558	0.99987	0.00499	-0.00078	-0.00500	0.99999		1.66689	6.86713	0.01735	-0.03572	-0.08147	4.36174	1.11268	0.99710	-0.07605	0.00142	0.07605	0.99710	-0.00062	-0.00137	0.00073	1.00000	
19	0.09500	0.11248	-13.77245	0.26100	0.29522	-0.05228	-0.89947	0.19857	0.99988	0.01570	0.00091	-0.01570	0.99986	0.00515	-0.00083	-0.00517	0.99999		1.67739	6.86753	0.02084	-0.03034	-0.08324	4.36686	1.12381	0.99710	-0.07614	0.00145	0.07614	0.99710	-0.00053	-0.00141	0.00064	1.00000	
20	0.10000	0.09017	-13.76582	0.24185	0.30509	-0.04892	-0.89996	0.18390	0.99988	0.01571	0.00085	-0.01571	0.99986	0.00532	-0.00077	-0.00534	0.99999		1.65319	6.89385	0.02225	-0.02379	-0.08082	4.36754	1.12242	0.99710	-0.07615	0.00141	0.07615	0.99710	-0.00042	-0.00137	0.00052	1.00000	
21	0.10500	0.08081	-13.78289	0.24895	0.31282	-0.04660	-0.90007	0.19395	0.99988	0.01571	0.00081	-0.01571	0.99986	0.00546	-0.00073	-0.00547	0.99998		1.64755	6.88891	0.00942	-0.01828	-0.08232	4.36371	1.16158	0.99710	-0.07609	0.00144	0.07609	0.99710	-0.00032	-0.00141	0.00043	1.00000	
22	0.11000	0.11410	-13.81662	0.25099	0.31459	-0.05343	-0.90028	0.19221	0.99988	0.01571	0.00093	-0.01572	0.99986	0.00549	-0.00085	-0.00550	0.99998		1.64431	6.91041	0.01702	-0.00991	-0.08204	4.36549	1.14521	0.99710	-0.07612	0.00143	0.07612	0.99710	-0.00017	-0.00141	0.00028	1.00000	
23	0.11500	0.10208	-13.80222	0.23040	0.32520	-0.04986	-0.90013	0.19781	0.99988	0.01571	0.00087	-0.01571	0.99986	0.00568	-0.00078	-0.00569	0.99998		1.60370	6.90002	0.01133	-0.00673	-0.07761	4.36551	1.16161	0.99710	-0.07612	0.00135	0.07612	0.99710	-0.00012	-0.00134	0.00022	1.00000	
24	0.12000	0.06129	-13.98796	0.10032	0.29074	-0.05161	-0.89382	0.17673	0.99988	0.01560	0.00090	-0.01560	0.99987	0.00507	-0.00082	-0.00509	0.99999		1.74139	6.85272	0.09060	-0.00952	-0.09691	4.36219	1.17354	0.99710	-0.07606	0.00169	0.07606	0.99710	-0.00017	-0.00167	0.00029	1.00000	
25	0.12500	0.08676	-13.99744	0.08644	0.29574	-0.05521	-0.88893	0.18678	0.99988	0.01551	0.00096	-0.01552	0.99987	0.00516	-0.00088	-0.00518	0.99999		1.70048	6.83791	0.09901	-0.00724	-0.09270	4.36117	1.17063	0.99710	-0.07604	0.00162	0.07604	0.99710	-0.00013	-0.00160	0.00025	1.00000	
26	0.13000	0.07396	-13.99321	0.07894	0.30625	-0.05201	-0.89029	0.19124	0.99988	0.01554	0.00091	-0.01554	0.99986	0.00535	-0.00082	-0.00536	0.99999		1.71388	6.83402	0.09756	0.00017	-0.09221	4.36369	1.17908	0.99710	-0.07609	0.00161	0.07609	0.99710	0.00000	-0.00160	0.00012	1.00000	
27	0.13500	0.08067	-14.04401	0.07441	0.30425	-0.05328	-0.89128	0.18026	0.99988	0.01556	0.00093	-0.01556	0.99986	0.00531	-0.00085	-0.00532	0.99999		1.66088	6.83070	0.08656	0.00735	-0.08939	4.36294	1.19811	0.99710	-0.07607	0.00156	0.07607	0.99710	0.00013	-0.00157	-0.00001	1.00000	
28	0.14000	0.05012	-14.02540	0.06066	0.31305	-0.05190	-0.89570	0.17785	0.99988	0.01563	0.00091	-0.01564	0.99986	0.00546	-0.00082	-0.00548	0.99998		1.69416	6.84102	0.09913	0.01552	-0.09210	4.36240	1.20693	0.99710	-0.07606	0.00161	0.07606	0.99710	0.00027	-0.00162	-0.00015	1.00000	
29	0.14500	0.05381	-14.04577	0.04999	0.31557	-0.04832	-0.89608	0.19301	0.99988	0.01564	0.00084	-0.01564	0.99986	0.00551	-0.00076	-0.00552	0.99998		1.69148	6.84226	0.10218	0.02266	-0.09063	4.36261	1.23286	0.99710	-0.07607	0.00158	0.07607	0.99710	0.00040	-0.00161	-0.00027	1.00000	
30	0.15000	0.08356	-14.05445	0.04887	0.31894	-0.05371	-0.89701	0.17865	0.99988	0.01566	0.00094	-0.01566	0.99986	0.00557	-0.00085	-0.00558	0.99998		1.70004	6.84522	0.11367	0.02961	-0.08913	4.36482	1.23975	0.99710	-0.07611	0.00156	0.07611	0.99710	0.00052	-0.00159	-0.00040	1.00000	
31	0.15500	0.06351	-14.08571	0.03999	0.31860	-0.05306	-0.89469	0.18982	0.99988	0.01561	0.00093	-0.01562	0.99986	0.00556	-0.00084	-0.00557	0.99998		1.67848	6.83419	0.09971	0.03450	-0.08464	4.36604	1.24556	0.99710	-0.07613	0.00148	0.07613	0.99710	0.00060	-0.00152	-0.00049	1.00000	
32	0.16000	0.06917	-14.07717	0.03367	0.32510	-0.05423	-0.89435	0.20563	0.99988	0.01561	0.00095	-0.01561	0.99986	0.00567	-0.00086	-0.00569	0.99998		1.70356	6.85620	0.10057	0.04458	-0.08580	4.36576	1.25405	0.99710	-0.07612	0.00150	0.07612	0.99710	0.00078	-0.00155	-0.00066	1.00000	
33	0.16500	0.03833	-14.09166	0.02893	0.32384	-0.04983	-0.90059	0.19425	0.99988	0.01572	0.00087	-0.01572	0.99986	0.00565	-0.00078	-0.00567	0.99998		1.69438	6.83821	0.09540	0.04933	-0.08190	4.36787	1.26474	0.99709	-0.07616	0.00143	0.07616	0.99710	0.00086	-0.00149	-0.00075	1.00000	
34	0.17000	0.06950	-14.11010	0.02046	0.32391	-0.05182	-0.89611	0.20320	0.99988	0.01564	0.00090	-0.01564	0.99986	0.00565	-0.00082	-0.00567	0.99998		1.69706	6.86736	0.10296	0.05939	-0.08099	4.36607	1.27064	0.99710	-0.07613	0.00141	0.07613	0.99710	0.00104	-0.00149	-0.00093	1.00000	
35	0.17500	0.06711	-14.12498	0.02145	0.32576	-0.05006	-0.89606	0.17952	0.99988	0.01564	0.00087	-0.01564	0.99986	0.00569	-0.00078	-0.00570	0.99998		1.68112	6.82905	0.09738	0.06281	-0.07816	4.36637	1.27890	0.99710	-0.07613	0.00136	0.07613	0.99710	0.00110	-0.00144	-0.00099	1.00000	
36	0.18000	0.04872	-14.14035	0.00334	0.32450	-0.05014	-0.89486	0.21520	0.99988	0.01562	0.00088	-0.01562	0.99986	0.00566	-0.00079	-0.00568	0.99998		1.65486	6.84498	0.11623	0.07136	-0.07408	4.36742	1.29456	0.99710	-0.07615	0.00129	0.07615	0.99710	0.00125	-0.00138	-0.00114	1.00000	
37	0.18500	0.08574	-14.13490	0.00019	0.32725	-0.05641	-0.89789	0.22002	0.99988	0.01567	0.00098	-0.01568	0.99986	0.00571	-0.00089	-0.00573	0.99998		1.66597	6.82842	0.10713	0.07873	-0.07546	4.36796	1.31428	0.99709	-0.07616	0.00132	0.07616	0.99709	0.00137	-0.00142	-0.00127	1.00000	
38	0.19000	0.05426	-14.15723	0.00818	0.32206	-0.04941	-0.89639	0.20289	0.99988	0.01564	0.00086	-0.01565	0.99986	0.00562	-0.00077	-0.00563	0.99998		1.64681	6.84506	0.11207	0.08840	-0.07117	4.36971	1.30747	0.99709	-0.07619	0.00124	0.07619	0.99709	0.00154	-0.00136	-0.00144	1.00000	
39	0.19500	0.06172	-14.17969	-0.00634	0.32038	-0.05406	-0.89954	0.20968	0.99988	0.01570	0.00094	-0.01570	0.99986	0.00559	-0.00086	-0.00561	0.99998		1.65761	6.82251	0.10827	0.09228	-0.07067	4.36880	1.33195	0.99709	-0.07618	0.00123	0.07617	0.99709	0.00161	-0.00135	-0.00151	1.00000	
40	0.20000	0.07576	-14.17936	-0.01776	0.31741	-0.05323	-0.89529	0.21848	0.99988	0.01563	0.00093	-0.01563	0.99986	0.00554	-0.00084	-0.00555	0.99998		1.64618	6.83015	0.12462	0.10073	-0.06738	4.37292	1.33461	0.99709	-0.07625	0.00118	0.07625	0.99709	0.00176	-0.00131	-0.00166	1.00000	
41	0.20500	0.05653	-14.19343	-0.01694	0.31453	-0.05246	-0.89484	0.20835	0.99988	0.01562	0.00092	-0.01562	0.99986	0.00549	-0.00083	-0.00550	0.99998		1.60371	6.80025	0.11256	0.10335	-0.06356	4.36992	1.33755	0.99709	-0.07620	0.00111	0.07619	0.99709	0.00180	-0.00124	-0.00171	1.00000	
42	0.21000	0.07636	-14.20806	-0.01393	0.31179	-0.05514	-0.89206	0.21942	0.99988	0.01557	0.00096	-0.01557	0.99986	0.00544	-0.00088	-0.00546	0.99998		1.64801	6.81488	0.12356	0.11278	-0.06104	4.37327	1.34821	0.99709	-0.07625	0.00107	0.07625	0.99709	0.00197	-0.00121	-0.00188	1.00000	
43	0.21500	0.08894	-14.23154	-0.01906	0.30603	-0.05530	-0.89436	0.20880	0.99988	0.01561	0.00097	-0.01561	0.99986	0.00534	-0.00088	-0.00536	0.99999		1.63306	6.80950	0.12885	0.11958	-0.05940	4.37511	1.34805	0.99709	-0.07629	0.00104	0.07628	0.99708	0.00209	-0.00119	-0.00200	1.00000	
44	0.22000	0.07961	-14.21682	-0.02982	0.30629	-0.05244	-0.90075	0.21274	0.99988	0.01572	0.00092	-0.01573	0.99986	0.00535	-0.00083	-0.00536	0.99999		1.61960	6.80316	0.11838	0.12537	-0.05618	4.37632	1.35372	0.99708	-0.07631	0.00098	0.07630	0.99708	0.00219	-0.00114	-0.00211	1.00000	
45	0.22500	0.11831	-14.24240	-0.02879	0.29802	-0.05973	-0.89568	0.20571	0.99988	0.01563	0.00104	-0.01564	0.99986	0.00520	-0.00096	-0.00522	0.99999		1.62583	6.79149	0.13076	0.13184	-0.05312	4.37612	1.38426	0.99708	-0.07630	0.00093	0.07630	0.99708	0.00230	-0.00110	-0.00222	1.00000	
46	0.23000	0.09816	-14.24450	-0.02867	0.29604	-0.05357	-0.89412	0.23425	0.99988	0.01560	0.00093	-0.01561	0.99986	0.00517	-0.00085	-0.00518	0.99999		1.61290	6.79294	0.13331	0.13818	-0.05169	4.37707	1.37175	0.99708	-0.07632	0.00090	0.07632	0.99708	0.00241	-0.00108	-0.00234	1.00000	
47	0.23500	0.09403	-14.26546	-0.03502	0.29056	-0.05384	-0.89336	0.21714	0.99988	0.01559	0.00094	-0.01560	0.99987	0.00507	-0.00086	-0.00509	0.99999		1.61255	6.78110	0.13561	0.14283	-0.05206	4.38166	1.36475	0.99708	-0.07640	0.00091	0.07640	0.99707	0.00249	-0.00110	-0.00242	1.00000	
48	0.24000	0.06607	-14.26608	-0.02587	0.28418	-0.05009	-0.89079	0.23194	0.99988	0.01555	0.00087	-0.01555	0.99987	0.00496	-0.00080	-0.00497	0.99999		1.60628	6.79187	0.14868	0.14995	-0.04979	4.38226	1.36950	0.99708	-0.07641	0.00087	0.07641	0.99707	0.00262	-0.00107	-0.00254	1.00000	
49	0.24500	0.11615	-14.28501	-0.02299	0.27655	-0.05467	-0.89098	0.21070	0.99988	0.01555	0.00095	-0.01555	0.99987	0.00483	-0.00088	-0.00484	0.99999		1.64736	6.77113	0.15249	0.15465	-0.04750	4.38286	1.38472	0.99708	-0.07642	0.00083	0.07642	0.99707	0.00270	-0.00103	-0.00263	1.00000	
50	0.25000	0.10718	-14.29885	-0.03322	0.26888	-0.05796	-0.89404	0.23352	0.99988	0.01560	0.00101	-0.01561	0.99987	0.00469	-0.00094	-0.00471	0.99999		1.61964	6.75695	0.15969	0.15815	-0.04708	4.38383	1.38864	0.99707	-0.07644	0.00082	0.07644	0.99707	0.00276	-0.00103	-0.00269	1.00000	
51	0.25500	0.11807	-14.31905	-0.03071	0.26083	-0.05751	-0.89065	0.22694	0.99988	0.01554	0.00100	-0.01555	0.99987	0.00455	-0.00093	-0.00457	0.99999		1.62856	6.77225	0.16113	0.16422	-0.04501	4.38681	1.39887	0.99707	-0.07649	0.00079	0.07649	0.99707	0.00287	-0.00100	-0.00280	1.00000	
52	0.26000	0.09930	-14.31138	-0.03655	0.25508	-0.06005	-0.89520	0.23011	0.99988	0.01562	0.00105	-0.01563	0.99987	0.00445	-0.00098	-0.00447	0.99999		1.57386	6.74267	0.16694	0.16674	-0.03913	4.38394	1.40119	0.99707	-0.07644	0.00068	0.07644	0.99707	0.00291	-0.00090	-0.00285	1.00000	
53	0.26500	0.10134	-14.32031	-0.03260	0.24784	-0.06065	-0.89204	0.22659	0.99988	0.01557	0.00106	-0.01557	0.99987	0.00433	-0.00099	-0.00434	0.99999		1.57080	6.72732	0.16660	0.17027	-0.03594	4.38448	1.42457	0.99707	-0.07645	0.00063	0.07645	0.99707	0.00297	-0.00085	-0.00292	1.00000	
54	0.27000	0.11042	-14.33603	-0.01476	0.24012	-0.06190	-0.89174	0.22318	0.99988	0.01556	0.00108	-0.01557	0.99987	0.00419	-0.00102	-0.00421	0.99999		1.58715	6.72632	0.16778	0.17556	-0.03417	4.38399	1.43791	0.99707	-0.07644	0.00060	0.07644	0.99707	0.00306	-0.00083	-0.00301	1.00000	
55	0.27500	0.13101	-14.34428	-0.02315	0.23048	-0.06397	-0.89146	0.21714	0.99988	0.01556	0.00112	-0.01556	0.99987	0.00402	-0.00105	-0.00404	0.99999		1.59682	6.71792	0.18536	0.17897	-0.03301	4.38495	1.45117	0.99707	-0.07646	0.00058	0.07645	0.99707	0.00312	-0.00081	-0.00307	0.99999	
56	0.28000	0.13829	-14.35191	-0.01487	0.22495	-0.06395	-0.89058	0.22224	0.99988	0.01554	0.00112	-0.01555	0.99987	0.00393	-0.00105	-0.00394	0.99999		1.55040	6.68437	0.18336	0.17900	-0.02969	4.38566	1.44344	0.99707	-0.07647	0.00052	0.07647	0.99707	0.00312	-0.00076	-0.00308	0.99999	
57	0.28500	0.14218	-14.35548	-0.00926	0.21772	-0.06457	-0.89246	0.21664	0.99988	0.01558	0.00113	-0.01558	0.99987	0.00380	-0.00107	-0.00382	0.99999		1.54062	6.68455	0.19665	0.18371	-0.02512	4.38768	1.43674	0.99707	-0.07650	0.00044	0.07650	0.99706	0.00321	-0.00068	-0.00316	0.99999	
58	0.29000	0.10844	-14.36556	-0.01521	0.20854	-0.06196	-0.89352	0.21278	0.99988	0.01559	0.00108	-0.01560	0.99987	0.00364	-0.00102	-0.00366	0.99999		1.54994	6.66127	0.20529	0.18518	-0.02928	4.38693	1.44368	0.99707	-0.07649	0.00051	0.07649	0.99707	0.00323	-0.00076	-0.00318	0.99999	
59	0.29500	0.11253	-14.35262	-0.02171	0.20319	-0.06467	-0.89108	0.23264	0.99988	0.01555	0.00113	-0.01556	0.99987	0.00355	-0.00107	-0.00356	0.99999		1.55261	6.65929	0.20535	0.18792	-0.02670	4.38667	1.45693	0.99707	-0.07649	0.00047	0.07649	0.99707	0.00328	-0.00072	-0.00323	0.99999	
60	0.30000	0.15114	-14.37103	-0.00991	0.19370	-0.07025	-0.89027	0.21957	0.99988	0.01554	0.00123	-0.01554	0.99987	0.00338	-0.00117	-0.00340	0.99999		1.54111	6.65912	0.21803	0.18987	-0.02346	4.38504	1.46694	0.99707	-0.07646	0.00041	0.07646	0.99707	0.00331	-0.00066	-0.00327	0.99999	
61	0.30500	0.12594	-14.35612	-0.01671	0.18679	-0.06650	-0.88939	0.21563	0.99988	0.01552	0.00116	-0.01553	0.99987	0.00326	-0.00111	-0.00328	0.99999		1.53621	6.62924	0.22683	0.18882	-0.02157	4.38756	1.46743	0.99707	-0.07650	0.00038	0.07650	0.99706	0.00330	-0.00063	-0.00326	0.99999	
62	0.31000	0.11754	-14.37722	-0.00908	0.17718	-0.06987	-0.89078	0.21841	0.99988	0.01555	0.00122	-0.01555	0.99987	0.00309	-0.00117	-0.00311	0.99999		1.51191	6.61394	0.22910	0.19010	-0.01963	4.38976	1.46337	0.99707	-0.07654	0.00034	0.07654	0.99706	0.00332	-0.00060	-0.00328	0.99999	
63	0.31500	0.11722	-14.39264	0.00724	0.16774	-0.06481	-0.89306	0.22385	0.99988	0.01559	0.00113	-0.01559	0.99987	0.00293	-0.00109	-0.00294	1.00000		1.51775	6.61302	0.24046	0.19082	-0.01899	4.39017	1.46973	0.99707	-0.07655	0.00033	0.07655	0.99706	0.00333	-0.00059	-0.00330	0.99999	
64	0.32000	0.13621	-14.37891	-0.00438	0.16178	-0.06875	-0.89288	0.21172	0.99988	0.01558	0.00120	-0.01559	0.99987	0.00282	-0.00116	-0.00284	1.00000		1.49835	6.57131	0.24220	0.18909	-0.01845	4.39154	1.46372	0.99706	-0.07657	0.00032	0.07657	0.99706	0.00330	-0.00057	-0.00327	0.99999	
65	0.32500	0.14271	-14.39871	-0.00645	0.15110	-0.07517	-0.88556	0.21166	0.99988	0.01546	0.00131	-0.01546	0.99988	0.00264	-0.00127	-0.00266	1.00000		1.52617	6.54224	0.25793	0.18671	-0.01871	4.39035	1.47795	0.99707	-0.07655	0.00033	0.07655	0.99706	0.00326	-0.00058	-0.00322	0.99999	
66	0.33000	0.13898	-14.38604	0.01129	0.14564	-0.06937	-0.88761	0.20765	0.99988	0.01549	0.00121	-0.01549	0.99988	0.00254	-0.00117	-0.00256	1.00000		1.51031	6.57652	0.27805	0.19249	-0.01543	4.39271	1.47819	0.99706	-0.07659	0.00027	0.07659	0.99706	0.00336	-0.00053	-0.00333	0.99999	
67	0.33500	0.12604	-14.38733	0.01305	0.13717	-0.07056	-0.89267	0.22830	0.99988	0.01558	0.00123	-0.01558	0.99988	0.00239	-0.00119	-0.00241	1.00000		1.52302	6.55064	0.29145	0.18888	-0.01640	4.39101	1.48409	0.99706	-0.07656	0.00029	0.07656	0.99706	0.00330	-0.00054	-0.00326	0.99999	
68	0.34000	0.11816	-14.40049	0.01991	0.12929	-0.07316	-0.89108	0.21085	0.99988	0.01555	0.00128	-0.01555	0.99988	0.00226	-0.00124	-0.00228	1.00000		1.51173	6.51532	0.29614	0.18521	-0.01337	4.39187	1.49120	0.99706	-0.07658	0.00023	0.07658	0.99706	0.00323	-0.00048	-0.00321	0.99999	
69	0.34500	0.11895	-14.38940	0.02611	0.12275	-0.07250	-0.88881	0.23497	0.99988	0.01551	0.00127	-0.01551	0.99988	0.00214	-0.00123	-0.00216	1.00000		1.47567	6.49656	0.31078	0.18317	-0.01455	4.39140	1.48891	0.99706	-0.07657	0.00025	0.07657	0.99706	0.00320	-0.00050	-0.00317	0.99999	
70	0.35000	0.10842	-14.39499	0.03250	0.11519	-0.07317	-0.88813	0.21513	0.99988	0.01550	0.00128	-0.01550	0.99988	0.00201	-0.00125	-0.00203	1.00000		1.47297	6.49500	0.30638	0.18354	-0.01267	4.39092	1.47495	0.99706	-0.07656	0.00022	0.07656	0.99706	0.00320	-0.00047	-0.00318	0.99999	
71	0.35500	0.11253	-14.37834	0.05299	0.10791	-0.07788	-0.88915	0.22218	0.99988	0.01552	0.00136	-0.01552	0.99988	0.00188	-0.00133	-0.00190	1.00000		1.47779	6.46208	0.33203	0.17864	-0.01241	4.38922	1.48078	0.99707	-0.07653	0.00022	0.07653	0.99706	0.00312	-0.00045	-0.00309	1.00000	
72	0.36000	0.09612	-14.38964	0.06138	0.10129	-0.07329	-0.88930	0.19076	0.99988	0.01552	0.00128	-0.01552	0.99988	0.00177	-0.00125	-0.00179	1.00000		1.49307	6.44938	0.32959	0.17762	-0.01334	4.39075	1.48357	0.99707	-0.07656	0.00023	0.07656	0.99706	0.00310	-0.00047	-0.00307	1.00000	
73	0.36500	0.08393	-14.38504	0.05303	0.09398	-0.07745	-0.88855	0.22972	0.99988	0.01551	0.00135	-0.01551	0.99988	0.00164	-0.00133	-0.00166	1.00000		1.49347	6.44141	0.35039	0.17478	-0.01667	4.39058	1.49145	0.99707	-0.07656	0.00029	0.07655	0.99706	0.00305	-0.00052	-0.00302	1.00000	
74	0.37000	0.11848	-14.40944	0.07732	0.08437	-0.07986	-0.88790	0.20017	0.99988	0.01550	0.00139	-0.01550	0.99988	0.00147	-0.00137	-0.00149	1.00000		1.48168	6.43405	0.35714	0.17136	-0.01275	4.39329	1.47906	0.99706	-0.07660	0.00022	0.07660	0.99706	0.00299	-0.00045	-0.00297	1.00000	
75	0.37500	0.09491	-14.38725	0.08251	0.08109	-0.08423	-0.88310	0.23556	0.99988	0.01541	0.00147	-0.01541	0.99988	0.00142	-0.00145	-0.00144	1.00000		1.48070	6.40779	0.37711	0.16774	-0.01463	4.39320	1.47400	0.99706	-0.07660	0.00026	0.07660	0.99706	0.00293	-0.00048	-0.00290	1.00000	
76	0.38000	0.08459	-14.40017	0.09578	0.07184	-0.08066	-0.88186	0.20786	0.99988	0.01539	0.00141	-0.01539	0.99988	0.00125	-0.00139	-0.00128	1.00000		1.46060	6.40182	0.39679	0.16442	-0.01270	4.39551	1.45072	0.99706	-0.07664	0.00022	0.07664	0.99705	0.00287	-0.00044	-0.00284	1.00000	
77	0.38500	0.05059	-14.38769	0.09905	0.06736	-0.07971	-0.88693	0.21257	0.99988	0.01548	0.00139	-0.01548	0.99988	0.00118	-0.00137	-0.00120	1.00000		1.47753	6.38287	0.40155	0.16058	-0.01401	4.39435	1.47522	0.99706	-0.07662	0.00024	0.07662	0.99706	0.00280	-0.00046	-0.00278	1.00000	
78	0.39000	0.04726	-14.39506	0.12228	0.06079	-0.08302	-0.88464	0.21665	0.99988	0.01544	0.00145	-0.01544	0.99988	0.00106	-0.00143	-0.00108	1.00000		1.47665	6.36784	0.41495	0.15585	-0.01217	4.39592	1.44280	0.99706	-0.07665	0.00021	0.07665	0.99705	0.00272	-0.00042	-0.00270	1.00000	
79	0.39500	0.07463	-14.38937	0.13463	0.05418	-0.08668	-0.88451	0.20468	0.99988	0.01544	0.00151	-0.01544	0.99988	0.00095	-0.00150	-0.00097	1.00000		1.45399	6.37545	0.43312	0.15523	-0.01499	4.39431	1.44326	0.99706	-0.07662	0.00026	0.07662	0.99706	0.00271	-0.00047	-0.00268	1.00000	
80	0.40000	0.07265	-14.39561	0.14566	0.04982	-0.09188	-0.88537	0.21283	0.99988	0.01545	0.00160	-0.01545	0.99988	0.00087	-0.00159	-0.00089	1.00000		1.45079	6.34168	0.42196	0.15082	-0.01501	4.39264	1.47382	0.99706	-0.07659	0.00026	0.07659	0.99706	0.00263	-0.00046	-0.00260	1.00000	
81	0.40500	0.05950	-14.38896	0.14653	0.04260	-0.09472	-0.87833	0.22247	0.99988	0.01533	0.00165	-0.01533	0.99988	0.00074	-0.00164	-0.00077	1.00000		1.47329	6.35035	0.45343	0.14736	-0.01624	4.39420	1.46346	0.99706	-0.07662	0.00028	0.07662	0.99706	0.00257	-0.00048	-0.00254	1.00000	
82	0.41000	0.03509	-14.38654	0.15191	0.04063	-0.09104	-0.88265	0.23555	0.99988	0.01540	0.00159	-0.01541	0.99988	0.00071	-0.00158	-0.00073	1.00000		1.44056	6.32035	0.45756	0.14066	-0.01439	4.39614	1.43693	0.99706	-0.07665	0.00025	0.07665	0.99705	0.00245	-0.00044	-0.00243	1.00000	
83	0.41500	0.05309	-14.40040	0.18843	0.03394	-0.09239	-0.88009	0.20365	0.99988	0.01536	0.00161	-0.01536	0.99988	0.00059	-0.00160	-0.00062	1.00000		1.43681	6.31061	0.46028	0.13692	-0.01411	4.39157	1.44026	0.99706	-0.07657	0.00025	0.07657	0.99706	0.00239	-0.00043	-0.00236	1.00000	
84	0.42000	0.02003	-14.37114	0.17245	0.03423	-0.09323	-0.88254	0.23667	0.99988	0.01540	0.00163	-0.01540	0.99988	0.00060	-0.00162	-0.00062	1.00000		1.43260	6.30780	0.48493	0.13413	-0.01825	4.39174	1.42237	0.99706	-0.07658	0.00032	0.07657	0.99706	0.00234	-0.00050	-0.00231	1.00000	
85	0.42500	0.01858	-14.36865	0.20048	0.03029	-0.09240	-0.88157	0.20502	0.99988	0.01539	0.00161	-0.01539	0.99988	0.00053	-0.00160	-0.00055	1.00000		1.44628	6.28178	0.49925	0.12777	-0.01870	4.39307	1.44236	0.99706	-0.07660	0.00033	0.07660	0.99706	0.00223	-0.00050	-0.00220	1.00000	
86	0.43000	0.02705	-14.35833	0.20868	0.02816	-0.09812	-0.88128	0.22461	0.99988	0.01538	0.00171	-0.01538	0.99988	0.00049	-0.00170	-0.00052	1.00000		1.44600	6.27920	0.51390	0.12248	-0.01846	4.39083	1.42705	0.99706	-0.07656	0.00032	0.07656	0.99706	0.00214	-0.00048	-0.00211	1.00000	
87	0.43500	0.01191	-14.35843	0.22437	0.02240	-0.10087	-0.88044	0.22687	0.99988	0.01537	0.00176	-0.01537	0.99988	0.00039	-0.00175	-0.00042	1.00000		1.44630	6.25758	0.52106	0.11797	-0.02046	4.38998	1.42108	0.99707	-0.07654	0.00036	0.07654	0.99706	0.00206	-0.00051	-0.00203	1.00000	
88	0.44000	0.01157	-14.35308	0.23513	0.02134	-0.10090	-0.88096	0.22593	0.99988	0.01537	0.00176	-0.01538	0.99988	0.00037	-0.00176	-0.00040	1.00000		1.42241	6.26616	0.54613	0.11528	-0.02104	4.38965	1.42515	0.99707	-0.07654	0.00037	0.07654	0.99706	0.00201	-0.00052	-0.00198	1.00000	
89	0.44500	0.00453	-14.34503	0.24668	0.01886	-0.10215	-0.87780	0.22474	0.99988	0.01532	0.00178	-0.01532	0.99988	0.00033	-0.00178	-0.00036	1.00000		1.42745	6.25647	0.54850	0.10897	-0.02161	4.38789	1.42611	0.99707	-0.07651	0.00038	0.07651	0.99707	0.00190	-0.00052	-0.00187	1.00000	
90	0.45000	-0.01154	-14.36069	0.24316	0.01456	-0.09983	-0.87705	0.22575	0.99988	0.01531	0.00174	-0.01531	0.99988	0.00025	-0.00174	-0.00028	1.00000		1.42769	6.25851	0.57097	0.10786	-0.02477	4.38859	1.41427	0.99707	-0.07652	0.00043	0.07652	0.99707	0.00188	-0.00058	-0.00184	1.00000	
91	0.45500	-0.00841	-14.34500	0.25895	0.01524	-0.10595	-0.87799	0.23522	0.99988	0.01532	0.00185	-0.01532	0.99988	0.00027	-0.00184	-0.00029	1.00000		1.43765	6.22569	0.58173	0.09950	-0.02636	4.38938	1.42820	0.99707	-0.07653	0.00046	0.07653	0.99707	0.00174	-0.00059	-0.00170	1.00000	
92	0.46000	-0.00828	-14.34306	0.26573	0.01163	-0.10751	-0.87253	0.22459	0.99988	0.01523	0.00188	-0.01523	0.99988	0.00020	-0.00187	-0.00023	1.00000		1.42495	6.22470	0.58361	0.09571	-0.02757	4.38571	1.41956	0.99707	-0.07647	0.00048	0.07647	0.99707	0.00167	-0.00061	-0.00163	1.00000	
93	0.46500	0.02053	-14.36636	0.29838	0.00479	-0.10892	-0.87439	0.21751	0.99988	0.01526	0.00190	-0.01526	0.99988	0.00008	-0.00190	-0.00011	1.00000		1.48245	6.21393	0.60393	0.09059	-0.03198	4.38455	1.41502	0.99707	-0.07645	0.00056	0.07645	0.99707	0.00158	-0.00068	-0.00153	1.00000	
94	0.47000	-0.03671	-14.31456	0.29187	0.01345	-0.10293	-0.87800	0.21589	0.99988	0.01532	0.00180	-0.01532	0.99988	0.00023	-0.00179	-0.00026	1.00000		1.45277	6.19854	0.61192	0.08399	-0.03179	4.38572	1.40239	0.99707	-0.07647	0.00055	0.07647	0.99707	0.00147	-0.00067	-0.00142	1.00000	
95	0.47500	-0.02246	-14.34632	0.32175	0.00613	-0.10603	-0.87680	0.20825	0.99988	0.01530	0.00185	-0.01530	0.99988	0.00011	-0.00185	-0.00014	1.00000		1.43710	6.22513	0.63239	0.08379	-0.03160	4.38666	1.40795	0.99707	-0.07649	0.00055	0.07649	0.99707	0.00146	-0.00066	-0.00142	1.00000	
96	0.48000	-0.05843	-14.31258	0.32172	0.01351	-0.10306	-0.87800	0.22992	0.99988	0.01532	0.00180	-0.01532	0.99988	0.00024	-0.00179	-0.00026	1.00000		1.42804	6.19418	0.64191	0.07829	-0.03407	4.38467	1.40039	0.99707	-0.07645	0.00059	0.07645	0.99707	0.00137	-0.00070	-0.00132	1.00000	
97	0.48500	-0.05237	-14.29598	0.30998	0.01650	-0.10548	-0.87722	0.23156	0.99988	0.01531	0.00184	-0.01531	0.99988	0.00029	-0.00184	-0.00032	1.00000		1.45561	6.19273	0.64274	0.07151	-0.03618	4.38512	1.40195	0.99707	-0.07646	0.00063	0.07646	0.99707	0.00125	-0.00073	-0.00120	1.00000	
98	0.49000	-0.04277	-14.32909	0.34859	0.00650	-0.11207	-0.87719	0.19875	0.99988	0.01531	0.00196	-0.01531	0.99988	0.00011	-0.00195	-0.00014	1.00000		1.43391	6.19754	0.65145	0.06712	-0.03551	4.38211	1.41189	0.99708	-0.07641	0.00062	0.07641	0.99708	0.00117	-0.00071	-0.00112	1.00000	
99	0.49500	-0.00861	-14.30840	0.35689	0.01008	-0.11344	-0.87779	0.20733	0.99988	0.01532	0.00198	-0.01532	0.99988	0.00018	-0.00198	-0.00021	1.00000		1.45191	6.19574	0.69242	0.06424	-0.03816	4.38477	1.39301	0.99707	-0.07645	0.00067	0.07645	0.99707	0.00112	-0.00075	-0.00107	1.00000	
100	0.50000	-0.03454	-14.29265	0.35809	0.01384	-0.11024	-0.87406	0.20368	0.99988	0.01525	0.00192	-0.01526	0.99988	0.00024	-0.00192	-0.00027	1.00000		1.44309	6.19070	0.68142	0.05918	-0.03819	4.38240	1.38540	0.99708	-0.07641	0.00067	0.07641	0.99708	0.00103	-0.00074	-0.00098	1.00000	
101	0.50500	-0.01608	-14.28646	0.38393	0.01337	-0.11416	-0.87598	0.21635	0.99988	0.01529	0.00199	-0.01529	0.99988	0.00023	-0.00199	-0.00026	1.00000		1.46828	6.19972	0.71387	0.05783	-0.04201	4.38120	1.38786	0.99708	-0.07639	0.00073	0.07639	0.99708	0.00101	-0.00081	-0.00095	1.00000	
102	0.51000	-0.04204	-14.27890	0.38724	0.01814	-0.10780	-0.87889	0.20988	0.99988	0.01534	0.00188	-0.01534	0.99988	0.00032	-0.00188	-0.00035	1.00000		1.42783	6.18052	0.71617	0.05191	-0.04018	4.38140	1.39274	0.99708	-0.07640	0.00070	0.07639	0.99708	0.00091	-0.00077	-0.00085	1.00000	
103	0.51500	-0.05176	-14.26958	0.38922	0.01822	-0.10686	-0.87007	0.21649	0.99988	0.01519	0.00187	-0.01519	0.99988	0.00032	-0.00186	-0.00035	1.00000		1.49298	6.20899	0.73815	0.04981	-0.04665	4.38217	1.36386	0.99708	-0.07641	0.00081	0.07641	0.99708	0.00087	-0.00088	-0.00080	1.00000	
104	0.52000	-0.03240	-14.25375	0.41356	0.02242	-0.11199	-0.87756	0.20188	0.99988	0.01532	0.00195	-0.01532	0.99988	0.00039	-0.00195	-0.00042	1.00000		1.43592	6.18907	0.74592	0.04173	-0.04202	4.38022	1.38395	0.99708	-0.07637	0.00073	0.07637	0.99708	0.00073	-0.00079	-0.00067	1.00000	
105	0.52500	-0.04771	-14.23868	0.41866	0.02597	-0.10779	-0.87575	0.19380	0.99988	0.01528	0.00188	-0.01529	0.99988	0.00045	-0.00187	-0.00048	1.00000		1.46637	6.18149	0.74943	0.03878	-0.04533	4.38236	1.35536	0.99708	-0.07641	0.00079	0.07641	0.99708	0.00068	-0.00084	-0.00061	1.00000	
106	0.53000	-0.04462	-14.23138	0.42399	0.03009	-0.10889	-0.87847	0.20217	0.99988	0.01533	0.00190	-0.01533	0.99988	0.00053	-0.00189	-0.00055	1.00000		1.47417	6.18080	0.75725	0.03544	-0.04640	4.38042	1.35427	0.99708	-0.07638	0.00081	0.07638	0.99708	0.00062	-0.00085	-0.00055	1.00000	
107	0.53500	-0.04941	-14.21148	0.43296	0.03390	-0.10790	-0.87486	0.18607	0.99988	0.01527	0.00188	-0.01527	0.99988	0.00059	-0.00187	-0.00062	1.00000		1.45056	6.19185	0.76700	0.03177	-0.04679	4.38114	1.34071	0.99708	-0.07639	0.00082	0.07639	0.99708	0.00055	-0.00086	-0.00049	1.00000	
108	0.54000	-0.10872	-14.18225	0.42553	0.04402	-0.09779	-0.87859	0.19642	0.99988	0.01533	0.00171	-0.01533	0.99988	0.00077	-0.00169	-0.00079	1.00000		1.45688	6.18994	0.78165	0.02817	-0.04763	4.37844	1.35906	0.99708	-0.07634	0.00083	0.07634	0.99708	0.00049	-0.00087	-0.00043	1.00000	
109	0.54500	-0.06811	-14.18975	0.46256	0.04302	-0.10122	-0.87837	0.20050	0.99988	0.01533	0.00177	-0.01533	0.99988	0.00075	-0.00175	-0.00078	1.00000		1.43887	6.19790	0.78482	0.02632	-0.04421	4.37965	1.34473	0.99708	-0.07636	0.00077	0.07636	0.99708	0.00046	-0.00080	-0.00040	1.00000	
110	0.55000	-0.10135	-14.14612	0.45938	0.05200	-0.09453	-0.87534	0.19279	0.99988	0.01528	0.00165	-0.01528	0.99988	0.00091	-0.00164	-0.00093	1.00000		1.44458	6.21198	0.80505	0.02233	-0.04783	4.37707	1.35001	0.99708	-0.07632	0.00083	0.07632	0.99708	0.00039	-0.00086	-0.00032	1.00000	
111	0.55500	-0.11365	-14.13935	0.45781	0.05674	-0.09131	-0.87935	0.20010	0.99988	0.01535	0.00159	-0.01535	0.99988	0.00099	-0.00158	-0.00101	1.00000		1.48519	6.22528	0.82636	0.02217	-0.05066	4.37904	1.33925	0.99708	-0.07635	0.00088	0.07635	0.99708	0.00039	-0.00091	-0.00032	1.00000	
112	0.56000	-0.08050	-14.12609	0.46224	0.06061	-0.09323	-0.88052	0.22046	0.99988	0.01537	0.00163	-0.01537	0.99988	0.00106	-0.00161	-0.00108	1.00000		1.47688	6.22437	0.83044	0.01816	-0.05051	4.37991	1.31575	0.99708	-0.07637	0.00088	0.07637	0.99708	0.00032	-0.00090	-0.00025	1.00000	
113	0.56500	-0.11648	-14.11852	0.48173	0.06626	-0.08626	-0.88033	0.18629	0.99988	0.01536	0.00151	-0.01537	0.99988	0.00116	-0.00149	-0.00118	1.00000		1.48072	6.21869	0.84545	0.01214	-0.05441	4.37481	1.32583	0.99709	-0.07628	0.00095	0.07628	0.99709	0.00021	-0.00096	-0.00014	1.00000	
114	0.57000	-0.11772	-14.09841	0.49460	0.06945	-0.08792	-0.87888	0.19323	0.99988	0.01534	0.00153	-0.01534	0.99988	0.00121	-0.00152	-0.00124	1.00000		1.46584	6.22162	0.85160	0.00898	-0.05297	4.37840	1.30149	0.99708	-0.07634	0.00092	0.07634	0.99708	0.00016	-0.00093	-0.00009	1.00000	
115	0.57500	-0.13273	-14.07037	0.49065	0.07822	-0.07674	-0.88178	0.18731	0.99988	0.01539	0.00134	-0.01539	0.99988	0.00137	-0.00132	-0.00139	1.00000		1.47240	6.24877	0.86258	0.00866	-0.05335	4.37538	1.31856	0.99709	-0.07629	0.00093	0.07629	0.99709	0.00015	-0.00094	-0.00008	1.00000	
116	0.58000	-0.09272	-14.05188	0.48814	0.08416	-0.07759	-0.87974	0.18970	0.99988	0.01535	0.00135	-0.01536	0.99988	0.00147	-0.00133	-0.00149	1.00000		1.46098	6.25581	0.86880	0.00399	-0.05602	4.37182	1.32287	0.99709	-0.07623	0.00098	0.07623	0.99709	0.00007	-0.00098	0.00001	1.00000	
117	0.58500	-0.09171	-14.04414	0.51385	0.08746	-0.07676	-0.88628	0.18766	0.99988	0.01547	0.00134	-0.01547	0.99988	0.00153	-0.00132	-0.00155	1.00000		1.48495	6.26207	0.87299	0.00321	-0.05802	4.37378	1.30720	0.99709	-0.07626	0.00101	0.07626	0.99709	0.00006	-0.00101	0.00002	1.00000	
118	0.59000	-0.14559	-14.05331	0.52219	0.09003	-0.06906	-0.88629	0.17956	0.99988	0.01547	0.00121	-0.01547	0.99988	0.00157	-0.00118	-0.00159	1.00000		1.46965	6.27317	0.88684	0.00174	-0.05845	4.37293	1.29754	0.99709	-0.07625	0.00102	0.07625	0.99709	0.00003	-0.00102	0.00005	1.00000	
119	0.59500	-0.16652	-14.03894	0.52638	0.09497	-0.06843	-0.88197	0.19879	0.99988	0.01539	0.00119	-0.01539	0.99988	0.00166	-0.00117	-0.00168	1.00000		1.46702	6.28184	0.89924	-0.00062	-0.05909	4.37317	1.29322	0.99709	-0.07625	0.00103	0.07625	0.99709	-0.00001	-0.00103	0.00009	1.00000	
120	0.60000	-0.13101	-14.01678	0.52992	0.10042	-0.06820	-0.88586	0.20219	0.99988	0.01546	0.00119	-0.01546	0.99988	0.00175	-0.00116	-0.00177	1.00000		1.47062	6.30499	0.90960	-0.00160	-0.05905	4.37086	1.29141	0.99709	-0.07621	0.00103	0.07621	0.99709	-0.00003	-0.00103	0.00011	1.00000	
121	0.60500	-0.13638	-14.01602	0.53114	0.10410	-0.06470	-0.88590	0.18485	0.99988	0.01546	0.00113	-0.01546	0.99988	0.00182	-0.00110	-0.00183	1.00000		1.49071	6.31312	0.90603	-0.00527	-0.05987	4.37197	1.29436	0.99709	-0.07623	0.00105	0.07623	0.99709	-0.00009	-0.00103	0.00017	1.00000	
122	0.61000	-0.15175	-14.01503	0.55153	0.10767	-0.05905	-0.88491	0.16945	0.99988	0.01544	0.00103	-0.01545	0.99988	0.00188	-0.00100	-0.00189	1.00000		1.50564	6.34947	0.92253	-0.00241	-0.06526	4.36859	1.28548	0.99709	-0.07617	0.00114	0.07617	0.99709	-0.00004	-0.00113	0.00013	1.00000	
123	0.61500	-0.15641	-13.99315	0.55085	0.11421	-0.05664	-0.89056	0.18652	0.99988	0.01554	0.00099	-0.01554	0.99988	0.00199	-0.00096	-0.00201	1.00000		1.46657	6.34713	0.91002	-0.00600	-0.06170	4.37119	1.27850	0.99709	-0.07622	0.00108	0.07622	0.99709	-0.00010	-0.00107	0.00019	1.00000	
124	0.62000	-0.17480	-14.01029	0.55752	0.11382	-0.05472	-0.89038	0.17381	0.99988	0.01554	0.00096	-0.01554	0.99988	0.00199	-0.00092	-0.00200	1.00000		1.50716	6.35750	0.93371	-0.00864	-0.06115	4.36961	1.27940	0.99709	-0.07619	0.00107	0.07619	0.99709	-0.00015	-0.00105	0.00023	1.00000	
125	0.62500	-0.17858	-13.98283	0.56504	0.12046	-0.04929	-0.89175	0.17919	0.99988	0.01556	0.00086	-0.01557	0.99988	0.00210	-0.00083	-0.00212	1.00000		1.47315	6.37539	0.91789	-0.00907	-0.06168	4.36948	1.27899	0.99709	-0.07619	0.00108	0.07619	0.99709	-0.00016	-0.00106	0.00024	1.00000	
126	0.63000	-0.16665	-13.98913	0.57198	0.12209	-0.05013	-0.89064	0.15858	0.99988	0.01554	0.00087	-0.01555	0.99988	0.00213	-0.00084	-0.00214	1.00000		1.48952	6.37720	0.92072	-0.01248	-0.06235	4.36899	1.26634	0.99709	-0.07618	0.00109	0.07618	0.99709	-0.00022	-0.00107	0.00030	1.00000	
127	0.63500	-0.15578	-13.96416	0.57169	0.12800	-0.04677	-0.88694	0.17635	0.99988	0.01548	0.00082	-0.01548	0.99988	0.00223	-0.00078	-0.00225	1.00000		1.51254	6.38979	0.94561	-0.01377	-0.06264	4.36399	1.27536	0.99710	-0.07609	0.00109	0.07609	0.99710	-0.00024	-0.00107	0.00032	1.00000	
128	0.64000	-0.17493	-13.96003	0.56669	0.13158	-0.04329	-0.89147	0.17883	0.99988	0.01556	0.00076	-0.01556	0.99988	0.00230	-0.00072	-0.00231	1.00000		1.47918	6.39875	0.93472	-0.01571	-0.06340	4.36371	1.27537	0.99710	-0.07609	0.00111	0.07609	0.99710	-0.00027	-0.00108	0.00036	1.00000	
129	0.64500	-0.17677	-13.93721	0.57273	0.13936	-0.03775	-0.89060	0.17856	0.99988	0.01554	0.00066	-0.01554	0.99988	0.00243	-0.00062	-0.00244	1.00000		1.51178	6.44461	0.94466	-0.01429	-0.06246	4.36608	1.23915	0.99710	-0.07613	0.00109	0.07613	0.99710	-0.00025	-0.00107	0.00033	1.00000	
130	0.65000	-0.19897	-13.95827	0.59221	0.13785	-0.03439	-0.88769	0.16420	0.99988	0.01549	0.00060	-0.01549	0.99988	0.00241	-0.00056	-0.00242	1.00000		1.49930	6.44093	0.94561	-0.01531	-0.06363	4.36394	1.27788	0.99710	-0.07609	0.00111	0.07609	0.99710	-0.00027	-0.00109	0.00035	1.00000	
131	0.65500	-0.20821	-13.92524	0.58021	0.14451	-0.02806	-0.89648	0.16427	0.99988	0.01565	0.00049	-0.01565	0.99987	0.00252	-0.00045	-0.00253	1.00000		1.49300	6.47468	0.93870	-0.01747	-0.06169	4.36306	1.23210	0.99710	-0.07608	0.00108	0.07608	0.99710	-0.00030	-0.00105	0.00039	1.00000	
132	0.66000	-0.16759	-13.93006	0.57593	0.14464	-0.03777	-0.89258	0.18661	0.99988	0.01558	0.00066	-0.01558	0.99988	0.00252	-0.00062	-0.00253	1.00000		1.50472	6.47592	0.94390	-0.01927	-0.06147	4.36453	1.25183	0.99710	-0.07610	0.00107	0.07610	0.99710	-0.00034	-0.00104	0.00042	1.00000	
133	0.66500	-0.22731	-13.91063	0.58623	0.15098	-0.02485	-0.89135	0.16552	0.99988	0.01556	0.00043	-0.01556	0.99988	0.00264	-0.00039	-0.00264	1.00000		1.52390	6.49405	0.95366	-0.01827	-0.06249	4.36477	1.24071	0.99710	-0.07611	0.00109	0.07611	0.99710	-0.00032	-0.00106	0.00040	1.00000	
134	0.67000	-0.24159	-13.90947	0.58733	0.15316	-0.02342	-0.89468	0.17332	0.99988	0.01561	0.00041	-0.01562	0.99987	0.00267	-0.00037	-0.00268	1.00000		1.51850	6.51792	0.94423	-0.01927	-0.06443	4.36196	1.22781	0.99710	-0.07606	0.00112	0.07606	0.99710	-0.00034	-0.00110	0.00042	1.00000	
135	0.67500	-0.17786	-13.90954	0.59161	0.15331	-0.02425	-0.89359	0.17614	0.99988	0.01560	0.00042	-0.01560	0.99987	0.00268	-0.00038	-0.00268	1.00000		1.52570	6.53299	0.94536	-0.02095	-0.05820	4.36498	1.20085	0.99710	-0.07611	0.00102	0.07611	0.99710	-0.00037	-0.00099	0.00044	1.00000	
136	0.68000	-0.23572	-13.90893	0.60247	0.15637	-0.02257	-0.89245	0.16474	0.99988	0.01558	0.00039	-0.01558	0.99987	0.00273	-0.00035	-0.00273	1.00000		1.52533	6.54848	0.95491	-0.02152	-0.06092	4.36377	1.20849	0.99710	-0.07609	0.00106	0.07609	0.99710	-0.00038	-0.00103	0.00046	1.00000	
137	0.68500	-0.21078	-13.89952	0.60067	0.15719	-0.02135	-0.89000	0.17126	0.99988	0.01553	0.00037	-0.01553	0.99988	0.00274	-0.00033	-0.00275	1.00000		1.54050	6.55177	0.95585	-0.02287	-0.05796	4.36632	1.20340	0.99710	-0.07613	0.00101	0.07613	0.99710	-0.00040	-0.00098	0.00047	1.00000	
138	0.69000	-0.19933	-13.90616	0.59754	0.16136	-0.01911	-0.89456	0.17601	0.99988	0.01561	0.00033	-0.01561	0.99987	0.00282	-0.00029	-0.00282	1.00000		1.55052	6.58355	0.95902	-0.02153	-0.06068	4.36401	1.19664	0.99710	-0.07609	0.00106	0.07609	0.99710	-0.00038	-0.00103	0.00046	1.00000	
139	0.69500	-0.24895	-13.89248	0.59196	0.16410	-0.01245	-0.89278	0.17832	0.99988	0.01558	0.00022	-0.01558	0.99987	0.00286	-0.00017	-0.00287	1.00000		1.53431	6.59896	0.94859	-0.02398	-0.05741	4.36154	1.20112	0.99710	-0.07605	0.00100	0.07605	0.99710	-0.00042	-0.00097	0.00049	1.00000	
140	0.70000	-0.18894	-13.87595	0.60330	0.16760	-0.01502	-0.89804	0.17488	0.99988	0.01567	0.00026	-0.01567	0.99987	0.00293	-0.00022	-0.00293	1.00000		1.52492	6.61454	0.94866	-0.02128	-0.05551	4.36354	1.20151	0.99710	-0.07608	0.00097	0.07608	0.99710	-0.00037	-0.00094	0.00044	1.00000	
