NO_OF_FRAMES	12034
NO_OF_CAMERAS	8
NO_OF_BODIES	2
FREQUENCY	200
NO_OF_ANALOG	0
ANALOG_FREQUENCY	0
DESCRIPTION	--
TIME_STAMP	2013-07-05, 10:46:46	180420.70601058
DATA_INCLUDED	6D
BODY_NAMES	Ice 2 V2	Ice 3
Frame	Time	Ice 2 V2 X	Y	Z	Roll	Pitch	Yaw	Residual	Rot[0]	Rot[1]	Rot[2]	Rot[3]	Rot[4]	Rot[5]	Rot[6]	Rot[7]	Rot[8]	Ice 3 X	Y	Z	Roll	Pitch	Yaw	Residual	Rot[0]	Rot[1]	Rot[2]	Rot[3]	Rot[4]	Rot[5]	Rot[6]	Rot[7]	Rot[8]	
1	0.00500	0.26172	-13.75831	0.14008	0.18955	-0.02897	-0.89214	0.22793	0.99988	0.01557	0.00051	-0.01557	0.99987	0.00331	-0.00045	-0.00332	0.99999		-0.87466	6.92001	-0.05401	0.09297	0.04486	4.11511	2.15574	0.99742	-0.07176	-0.00078	0.07176	0.99742	0.00162	0.00066	-0.00167	1.00000	
2	0.01000	0.19948	-13.78031	0.12561	0.18865	-0.02413	-0.89086	0.22776	0.99988	0.01555	0.00042	-0.01555	0.99987	0.00329	-0.00037	-0.00330	0.99999		-0.75046	6.91296	-0.03836	0.09797	0.03370	4.11350	2.11439	0.99742	-0.07173	-0.00059	0.07173	0.99742	0.00171	0.00046	-0.00175	1.00000	
3	0.01500	0.22477	-13.77625	0.11647	0.19140	-0.03234	-0.89709	0.24274	0.99988	0.01566	0.00056	-0.01566	0.99987	0.00334	-0.00051	-0.00335	0.99999		-0.76273	6.90658	-0.03112	0.10130	0.03307	4.11382	2.13249	0.99742	-0.07174	-0.00058	0.07174	0.99742	0.00177	0.00045	-0.00180	1.00000	
4	0.02000	0.21221	-13.77484	0.11140	0.19350	-0.02154	-0.89485	0.22422	0.99988	0.01562	0.00038	-0.01562	0.99987	0.00338	-0.00032	-0.00338	0.99999		-0.71541	6.90106	-0.03290	0.10563	0.02522	4.11144	2.13581	0.99743	-0.07170	-0.00044	0.07170	0.99742	0.00184	0.00031	-0.00187	1.00000	
5	0.02500	0.21637	-13.77139	0.09487	0.19553	-0.02870	-0.89561	0.22731	0.99988	0.01563	0.00050	-0.01563	0.99987	0.00341	-0.00045	-0.00342	0.99999		-0.69976	6.90363	-0.03788	0.11019	0.02331	4.11427	2.14035	0.99742	-0.07175	-0.00041	0.07175	0.99742	0.00192	0.00027	-0.00195	1.00000	
6	0.03000	0.19577	-13.76481	0.08921	0.19816	-0.02465	-0.89000	0.23003	0.99988	0.01553	0.00043	-0.01553	0.99987	0.00346	-0.00038	-0.00346	0.99999		-0.70308	6.91791	-0.02151	0.11439	0.02145	4.11276	2.15697	0.99742	-0.07172	-0.00037	0.07172	0.99742	0.00200	0.00023	-0.00202	1.00000	
7	0.03500	0.19480	-13.79042	0.07993	0.19740	-0.02786	-0.88977	0.25418	0.99988	0.01553	0.00049	-0.01553	0.99987	0.00345	-0.00043	-0.00345	0.99999		-0.67308	6.91376	-0.02599	0.11895	0.01919	4.11551	2.14235	0.99742	-0.07177	-0.00034	0.07177	0.99742	0.00208	0.00019	-0.00209	1.00000	
8	0.04000	0.19014	-13.79417	0.07766	0.20144	-0.02277	-0.89234	0.22730	0.99988	0.01557	0.00040	-0.01557	0.99987	0.00352	-0.00034	-0.00352	0.99999		-0.66897	6.90884	-0.02496	0.12293	0.01285	4.11705	2.14568	0.99742	-0.07179	-0.00022	0.07179	0.99742	0.00215	0.00007	-0.00216	1.00000	
9	0.04500	0.20887	-13.78333	0.05395	0.20568	-0.02373	-0.89285	0.24339	0.99988	0.01558	0.00041	-0.01558	0.99987	0.00359	-0.00036	-0.00360	0.99999		-0.67955	6.92833	-0.02152	0.12837	0.01351	4.11423	2.17111	0.99742	-0.07175	-0.00024	0.07175	0.99742	0.00224	0.00007	-0.00225	1.00000	
10	0.05000	0.21346	-13.79472	0.05861	0.20620	-0.02292	-0.89178	0.23556	0.99988	0.01556	0.00040	-0.01557	0.99987	0.00360	-0.00034	-0.00360	0.99999		-0.66633	6.90285	-0.03039	0.13016	0.01086	4.11465	2.17125	0.99742	-0.07175	-0.00019	0.07175	0.99742	0.00227	0.00003	-0.00228	1.00000	
11	0.05500	0.19831	-13.79648	0.05812	0.20790	-0.02372	-0.89014	0.24051	0.99988	0.01554	0.00041	-0.01554	0.99987	0.00363	-0.00036	-0.00363	0.99999		-0.67144	6.90738	-0.01556	0.13304	0.00832	4.11744	2.15630	0.99742	-0.07180	-0.00015	0.07180	0.99742	0.00232	-0.00002	-0.00233	1.00000	
12	0.06000	0.23568	-13.79407	0.04897	0.21262	-0.02806	-0.88933	0.22774	0.99988	0.01552	0.00049	-0.01552	0.99987	0.00371	-0.00043	-0.00372	0.99999		-0.67566	6.89767	-0.02413	0.13567	0.00997	4.11656	2.16301	0.99742	-0.07179	-0.00017	0.07179	0.99742	0.00237	0.00000	-0.00237	1.00000	
13	0.06500	0.22411	-13.81386	0.03183	0.21343	-0.02614	-0.89550	0.22792	0.99988	0.01563	0.00046	-0.01563	0.99987	0.00373	-0.00040	-0.00373	0.99999		-0.67986	6.86448	-0.01112	0.13647	0.00622	4.11806	2.17460	0.99742	-0.07181	-0.00011	0.07181	0.99742	0.00238	-0.00006	-0.00238	1.00000	
14	0.07000	0.24772	-13.77710	0.02790	0.22265	-0.02463	-0.89295	0.24007	0.99988	0.01558	0.00043	-0.01559	0.99987	0.00389	-0.00037	-0.00389	0.99999		-0.66510	6.87633	-0.01774	0.14018	0.00434	4.11897	2.17745	0.99742	-0.07183	-0.00008	0.07183	0.99741	0.00245	-0.00010	-0.00245	1.00000	
15	0.07500	0.27235	-13.80944	0.02830	0.21778	-0.03415	-0.89355	0.25219	0.99988	0.01559	0.00060	-0.01560	0.99987	0.00380	-0.00054	-0.00381	0.99999		-0.65427	6.89000	-0.00031	0.14595	-0.00002	4.11630	2.19836	0.99742	-0.07178	0.00000	0.07178	0.99742	0.00255	-0.00018	-0.00254	1.00000	
16	0.08000	0.25006	-13.79835	0.02913	0.22449	-0.02898	-0.89046	0.24190	0.99988	0.01554	0.00051	-0.01554	0.99987	0.00392	-0.00044	-0.00393	0.99999		-0.65750	6.85195	-0.00782	0.14389	0.00244	4.12001	2.18030	0.99742	-0.07185	-0.00004	0.07185	0.99741	0.00251	-0.00014	-0.00251	1.00000	
17	0.08500	0.25532	-13.79704	0.02999	0.22767	-0.02945	-0.89199	0.23556	0.99988	0.01557	0.00051	-0.01557	0.99987	0.00397	-0.00045	-0.00398	0.99999		-0.69324	6.87105	-0.00307	0.14881	0.00173	4.12015	2.17783	0.99742	-0.07185	-0.00003	0.07185	0.99741	0.00260	-0.00016	-0.00259	1.00000	
18	0.09000	0.27282	-13.81334	0.02402	0.23199	-0.03130	-0.89237	0.24630	0.99988	0.01557	0.00055	-0.01558	0.99987	0.00405	-0.00048	-0.00406	0.99999		-0.67819	6.86235	0.01122	0.15189	-0.00004	4.12388	2.15337	0.99741	-0.07191	0.00000	0.07191	0.99741	0.00265	-0.00019	-0.00264	1.00000	
19	0.09500	0.26996	-13.82312	0.03230	0.23226	-0.02984	-0.89114	0.22761	0.99988	0.01555	0.00052	-0.01555	0.99987	0.00405	-0.00046	-0.00406	0.99999		-0.66014	6.88882	0.00511	0.15460	-0.00354	4.11803	2.20545	0.99742	-0.07181	0.00006	0.07181	0.99741	0.00270	-0.00026	-0.00269	1.00000	
20	0.10000	0.28722	-13.84038	0.02206	0.23246	-0.03829	-0.88953	0.24647	0.99988	0.01552	0.00067	-0.01553	0.99987	0.00406	-0.00061	-0.00407	0.99999		-0.63047	6.87949	0.03700	0.15925	-0.00786	4.12059	2.18519	0.99742	-0.07186	0.00014	0.07186	0.99741	0.00278	-0.00034	-0.00276	1.00000	
21	0.10500	0.27840	-13.81985	0.02779	0.24153	-0.03343	-0.89308	0.24649	0.99988	0.01559	0.00058	-0.01559	0.99987	0.00422	-0.00052	-0.00422	0.99999		-0.62050	6.87489	0.03652	0.16019	-0.00967	4.11955	2.20929	0.99742	-0.07184	0.00017	0.07184	0.99741	0.00280	-0.00037	-0.00278	1.00000	
22	0.11000	0.29159	-13.81818	0.01998	0.24780	-0.03386	-0.89347	0.24060	0.99988	0.01559	0.00059	-0.01560	0.99987	0.00432	-0.00052	-0.00433	0.99999		-0.64756	6.88036	0.04082	0.16292	-0.00924	4.12199	2.19319	0.99741	-0.07188	0.00016	0.07188	0.99741	0.00284	-0.00037	-0.00282	1.00000	
23	0.11500	0.29529	-13.83717	0.03763	0.24790	-0.03917	-0.89327	0.24140	0.99988	0.01559	0.00068	-0.01559	0.99987	0.00433	-0.00062	-0.00434	0.99999		-0.63635	6.88000	0.05457	0.16303	-0.01078	4.12216	2.19378	0.99741	-0.07188	0.00019	0.07188	0.99741	0.00285	-0.00039	-0.00282	1.00000	
24	0.12000	0.27842	-13.99543	-0.08988	0.21206	-0.03679	-0.87906	0.23999	0.99988	0.01534	0.00064	-0.01534	0.99988	0.00370	-0.00059	-0.00371	0.99999		-0.43280	6.86198	0.18328	0.16924	-0.04121	4.12544	2.19770	0.99741	-0.07194	0.00072	0.07194	0.99740	0.00295	-0.00093	-0.00289	1.00000	
25	0.12500	0.29336	-13.98706	-0.09608	0.21560	-0.04259	-0.88423	0.23496	0.99988	0.01543	0.00074	-0.01543	0.99987	0.00376	-0.00069	-0.00377	0.99999		-0.42556	6.84913	0.16637	0.16847	-0.04038	4.12563	2.23667	0.99741	-0.07194	0.00070	0.07194	0.99740	0.00294	-0.00091	-0.00288	1.00000	
26	0.13000	0.29519	-14.01250	-0.08333	0.21708	-0.04224	-0.88393	0.23424	0.99988	0.01543	0.00074	-0.01543	0.99987	0.00379	-0.00068	-0.00380	0.99999		-0.44899	6.82234	0.17038	0.16708	-0.03955	4.12600	2.22347	0.99741	-0.07195	0.00069	0.07195	0.99740	0.00292	-0.00090	-0.00286	1.00000	
27	0.13500	0.30055	-14.01500	-0.07052	0.22268	-0.04128	-0.88652	0.22732	0.99988	0.01547	0.00072	-0.01547	0.99987	0.00389	-0.00066	-0.00390	0.99999		-0.42557	6.82503	0.20289	0.16961	-0.04267	4.12705	2.22728	0.99741	-0.07197	0.00074	0.07197	0.99740	0.00296	-0.00096	-0.00290	1.00000	
28	0.14000	0.29055	-14.01312	-0.07137	0.22636	-0.04135	-0.88625	0.23182	0.99988	0.01547	0.00072	-0.01547	0.99987	0.00395	-0.00066	-0.00396	0.99999		-0.42795	6.83466	0.22109	0.17176	-0.04431	4.12680	2.22008	0.99741	-0.07196	0.00077	0.07196	0.99740	0.00300	-0.00099	-0.00293	1.00000	
29	0.14500	0.33604	-14.02198	-0.07988	0.22855	-0.04904	-0.89004	0.24080	0.99988	0.01553	0.00086	-0.01554	0.99987	0.00399	-0.00079	-0.00400	0.99999		-0.44179	6.81077	0.19577	0.16918	-0.03999	4.12321	2.23082	0.99741	-0.07190	0.00070	0.07190	0.99741	0.00295	-0.00091	-0.00289	1.00000	
30	0.15000	0.33053	-14.02563	-0.07555	0.23139	-0.04796	-0.88502	0.23753	0.99988	0.01545	0.00084	-0.01545	0.99987	0.00404	-0.00077	-0.00405	0.99999		-0.46092	6.80454	0.22106	0.17067	-0.04028	4.12703	2.24440	0.99741	-0.07197	0.00070	0.07197	0.99740	0.00298	-0.00092	-0.00292	1.00000	
31	0.15500	0.31623	-14.02779	-0.06189	0.23393	-0.04761	-0.88515	0.22830	0.99988	0.01545	0.00083	-0.01545	0.99987	0.00408	-0.00077	-0.00410	0.99999		-0.43341	6.82698	0.24200	0.17415	-0.04381	4.12740	2.24541	0.99741	-0.07197	0.00076	0.07197	0.99740	0.00304	-0.00098	-0.00298	1.00000	
32	0.16000	0.34333	-14.02890	-0.06238	0.23790	-0.04993	-0.88523	0.24046	0.99988	0.01545	0.00087	-0.01545	0.99987	0.00415	-0.00081	-0.00417	0.99999		-0.44446	6.82254	0.25651	0.17597	-0.04375	4.12339	2.24243	0.99741	-0.07190	0.00076	0.07190	0.99741	0.00307	-0.00098	-0.00301	0.99999	
33	0.16500	0.33274	-14.02142	-0.05577	0.24222	-0.04969	-0.88040	0.23799	0.99988	0.01537	0.00087	-0.01537	0.99987	0.00423	-0.00080	-0.00424	0.99999		-0.44330	6.81447	0.25564	0.17528	-0.04343	4.12554	2.24271	0.99741	-0.07194	0.00076	0.07194	0.99740	0.00306	-0.00098	-0.00300	1.00000	
34	0.17000	0.38602	-14.06139	-0.03921	0.23977	-0.05507	-0.88565	0.21743	0.99988	0.01546	0.00096	-0.01546	0.99987	0.00418	-0.00090	-0.00420	0.99999		-0.40734	6.82960	0.30064	0.17846	-0.04666	4.12487	2.25349	0.99741	-0.07193	0.00081	0.07193	0.99741	0.00311	-0.00104	-0.00305	0.99999	
35	0.17500	0.37176	-14.05718	-0.03578	0.24452	-0.05722	-0.88454	0.24808	0.99988	0.01544	0.00100	-0.01544	0.99987	0.00427	-0.00093	-0.00428	0.99999		-0.44710	6.83554	0.30719	0.17740	-0.04432	4.12575	2.26179	0.99741	-0.07195	0.00077	0.07194	0.99740	0.00310	-0.00099	-0.00303	0.99999	
36	0.18000	0.40263	-14.06017	-0.02547	0.24625	-0.05925	-0.88378	0.23342	0.99988	0.01542	0.00103	-0.01543	0.99987	0.00430	-0.00097	-0.00431	0.99999		-0.43740	6.82813	0.31103	0.17712	-0.04424	4.12473	2.27179	0.99741	-0.07193	0.00077	0.07193	0.99741	0.00309	-0.00099	-0.00303	0.99999	
37	0.18500	0.40532	-14.05896	-0.02315	0.24940	-0.06385	-0.88697	0.23375	0.99988	0.01548	0.00111	-0.01548	0.99987	0.00435	-0.00105	-0.00437	0.99999		-0.43478	6.82151	0.31664	0.17696	-0.04303	4.12446	2.25211	0.99741	-0.07192	0.00075	0.07192	0.99741	0.00309	-0.00097	-0.00303	0.99999	
38	0.19000	0.40129	-14.05789	-0.00734	0.25084	-0.05970	-0.88348	0.23372	0.99988	0.01542	0.00104	-0.01542	0.99987	0.00438	-0.00097	-0.00439	0.99999		-0.43626	6.85188	0.34092	0.18053	-0.04402	4.12553	2.24188	0.99741	-0.07194	0.00077	0.07194	0.99740	0.00315	-0.00099	-0.00309	0.99999	
39	0.19500	0.41717	-14.08118	0.00011	0.25263	-0.06323	-0.88523	0.22852	0.99988	0.01545	0.00110	-0.01545	0.99987	0.00441	-0.00104	-0.00443	0.99999		-0.46689	6.83750	0.33439	0.17800	-0.04014	4.12424	2.26969	0.99741	-0.07192	0.00070	0.07192	0.99741	0.00311	-0.00092	-0.00305	0.99999	
40	0.20000	0.40291	-14.05232	0.00617	0.25689	-0.06264	-0.87975	0.25930	0.99988	0.01535	0.00109	-0.01536	0.99987	0.00448	-0.00102	-0.00450	0.99999		-0.47307	6.83553	0.37826	0.17701	-0.04077	4.12533	2.26045	0.99741	-0.07194	0.00071	0.07194	0.99740	0.00309	-0.00093	-0.00303	0.99999	
41	0.20500	0.39836	-14.08496	0.03293	0.25600	-0.06400	-0.88539	0.23654	0.99988	0.01545	0.00112	-0.01546	0.99987	0.00447	-0.00105	-0.00448	0.99999		-0.47271	6.85089	0.38738	0.17914	-0.04070	4.12530	2.25981	0.99741	-0.07194	0.00071	0.07194	0.99740	0.00313	-0.00093	-0.00307	0.99999	
42	0.21000	0.45052	-14.07667	0.03552	0.25808	-0.06546	-0.88169	0.23537	0.99988	0.01539	0.00114	-0.01539	0.99987	0.00450	-0.00107	-0.00452	0.99999		-0.41358	6.85927	0.41023	0.17909	-0.04127	4.12509	2.24247	0.99741	-0.07193	0.00072	0.07193	0.99740	0.00313	-0.00094	-0.00307	0.99999	
43	0.21500	0.45648	-14.08113	0.04741	0.25993	-0.07073	-0.88468	0.23609	0.99988	0.01544	0.00123	-0.01545	0.99987	0.00454	-0.00116	-0.00456	0.99999		-0.43954	6.85117	0.41898	0.17687	-0.03947	4.12503	2.26156	0.99741	-0.07193	0.00069	0.07193	0.99740	0.00309	-0.00091	-0.00303	0.99999	
44	0.22000	0.46876	-14.09037	0.05886	0.26089	-0.07176	-0.88370	0.23744	0.99988	0.01542	0.00125	-0.01543	0.99987	0.00455	-0.00118	-0.00457	0.99999		-0.43636	6.85683	0.45225	0.17665	-0.04185	4.12416	2.25232	0.99741	-0.07192	0.00073	0.07192	0.99741	0.00308	-0.00095	-0.00302	0.99999	
45	0.22500	0.46746	-14.08227	0.08678	0.26257	-0.07290	-0.88772	0.23689	0.99988	0.01549	0.00127	-0.01550	0.99987	0.00458	-0.00120	-0.00460	0.99999		-0.46577	6.83930	0.42613	0.17301	-0.03600	4.12396	2.25783	0.99741	-0.07191	0.00063	0.07191	0.99741	0.00302	-0.00084	-0.00297	1.00000	
46	0.23000	0.46718	-14.08947	0.08670	0.26183	-0.07344	-0.88117	0.24156	0.99988	0.01538	0.00128	-0.01538	0.99987	0.00457	-0.00121	-0.00459	0.99999		-0.46342	6.86340	0.45906	0.17425	-0.03634	4.12203	2.25605	0.99741	-0.07188	0.00063	0.07188	0.99741	0.00304	-0.00085	-0.00299	1.00000	
47	0.23500	0.46158	-14.08521	0.10361	0.26288	-0.07585	-0.88012	0.23887	0.99988	0.01536	0.00132	-0.01537	0.99987	0.00459	-0.00125	-0.00461	0.99999		-0.42845	6.87392	0.48928	0.17711	-0.03544	4.12312	2.23203	0.99741	-0.07190	0.00062	0.07190	0.99741	0.00309	-0.00084	-0.00304	1.00000	
48	0.24000	0.48344	-14.08401	0.11522	0.26449	-0.07868	-0.88192	0.23013	0.99988	0.01539	0.00137	-0.01540	0.99987	0.00462	-0.00130	-0.00464	0.99999		-0.44675	6.84709	0.49361	0.17155	-0.03278	4.12346	2.25827	0.99741	-0.07191	0.00057	0.07190	0.99741	0.00299	-0.00079	-0.00295	1.00000	
49	0.24500	0.48865	-14.09312	0.13729	0.26328	-0.07813	-0.88154	0.23275	0.99988	0.01539	0.00136	-0.01539	0.99987	0.00460	-0.00129	-0.00462	0.99999		-0.48304	6.82726	0.48932	0.16584	-0.02952	4.12342	2.24554	0.99741	-0.07191	0.00052	0.07190	0.99741	0.00289	-0.00072	-0.00285	1.00000	
50	0.25000	0.48907	-14.07997	0.14703	0.26450	-0.08109	-0.88066	0.23212	0.99988	0.01537	0.00142	-0.01538	0.99987	0.00462	-0.00134	-0.00464	0.99999		-0.44239	6.84617	0.51210	0.16771	-0.02967	4.12185	2.24933	0.99741	-0.07188	0.00052	0.07188	0.99741	0.00293	-0.00073	-0.00288	1.00000	
51	0.25500	0.48998	-14.09514	0.15986	0.26065	-0.08174	-0.87964	0.23601	0.99988	0.01535	0.00143	-0.01536	0.99987	0.00455	-0.00136	-0.00457	0.99999		-0.45027	6.84072	0.52936	0.16435	-0.03013	4.12224	2.23736	0.99741	-0.07188	0.00053	0.07188	0.99741	0.00287	-0.00073	-0.00282	1.00000	
52	0.26000	0.53909	-14.08751	0.18540	0.26332	-0.08787	-0.88444	0.21754	0.99988	0.01544	0.00153	-0.01544	0.99987	0.00460	-0.00146	-0.00462	0.99999		-0.51323	6.81535	0.53461	0.15839	-0.02141	4.12185	2.26138	0.99741	-0.07188	0.00037	0.07188	0.99741	0.00276	-0.00057	-0.00273	1.00000	
53	0.26500	0.54444	-14.09111	0.19625	0.26213	-0.08924	-0.88296	0.23525	0.99988	0.01541	0.00156	-0.01542	0.99987	0.00458	-0.00149	-0.00460	0.99999		-0.44810	6.87225	0.56969	0.16526	-0.02599	4.12172	2.25599	0.99741	-0.07188	0.00045	0.07187	0.99741	0.00288	-0.00066	-0.00284	1.00000	
54	0.27000	0.52869	-14.09230	0.21395	0.25957	-0.08675	-0.88583	0.22726	0.99988	0.01546	0.00151	-0.01547	0.99987	0.00453	-0.00144	-0.00455	0.99999		-0.46254	6.86604	0.55721	0.15939	-0.02230	4.11912	2.25832	0.99742	-0.07183	0.00039	0.07183	0.99741	0.00278	-0.00059	-0.00275	1.00000	
55	0.27500	0.57137	-14.09986	0.22358	0.25887	-0.09347	-0.88285	0.25549	0.99988	0.01541	0.00163	-0.01542	0.99987	0.00452	-0.00156	-0.00454	0.99999		-0.46066	6.86039	0.57436	0.15821	-0.02019	4.12126	2.24381	0.99741	-0.07187	0.00035	0.07187	0.99741	0.00276	-0.00055	-0.00273	1.00000	
56	0.28000	0.59437	-14.09100	0.24704	0.25708	-0.09691	-0.88289	0.22260	0.99988	0.01541	0.00169	-0.01542	0.99987	0.00449	-0.00162	-0.00451	0.99999		-0.46316	6.85695	0.60169	0.15431	-0.01857	4.11747	2.24913	0.99742	-0.07180	0.00032	0.07180	0.99742	0.00269	-0.00052	-0.00266	1.00000	
57	0.28500	0.59728	-14.09321	0.24874	0.25488	-0.09982	-0.88029	0.22321	0.99988	0.01536	0.00174	-0.01537	0.99987	0.00445	-0.00167	-0.00447	0.99999		-0.48655	6.86264	0.59874	0.15218	-0.01397	4.12092	2.25013	0.99741	-0.07186	0.00024	0.07186	0.99741	0.00266	-0.00043	-0.00263	1.00000	
58	0.29000	0.61452	-14.08874	0.28001	0.25390	-0.09938	-0.88237	0.22588	0.99988	0.01540	0.00173	-0.01541	0.99987	0.00443	-0.00167	-0.00446	0.99999		-0.46809	6.85306	0.61407	0.14847	-0.01369	4.11713	2.23697	0.99742	-0.07180	0.00024	0.07179	0.99742	0.00259	-0.00042	-0.00257	1.00000	
59	0.29500	0.57923	-14.08983	0.29337	0.25126	-0.10068	-0.88399	0.21417	0.99988	0.01543	0.00176	-0.01544	0.99987	0.00439	-0.00169	-0.00441	0.99999		-0.47618	6.88469	0.65152	0.15098	-0.01299	4.12052	2.23137	0.99742	-0.07185	0.00023	0.07185	0.99741	0.00264	-0.00042	-0.00261	1.00000	
60	0.30000	0.62164	-14.07827	0.32264	0.24983	-0.10354	-0.87962	0.22336	0.99988	0.01535	0.00181	-0.01536	0.99987	0.00436	-0.00174	-0.00439	0.99999		-0.43636	6.85630	0.63926	0.14358	-0.01141	4.11859	2.24090	0.99742	-0.07182	0.00020	0.07182	0.99741	0.00251	-0.00038	-0.00249	1.00000	
61	0.30500	0.59859	-14.07416	0.33174	0.24785	-0.10419	-0.88107	0.23195	0.99988	0.01538	0.00182	-0.01538	0.99987	0.00433	-0.00175	-0.00435	0.99999		-0.45242	6.89462	0.65481	0.14573	-0.00703	4.11652	2.24386	0.99742	-0.07179	0.00012	0.07178	0.99742	0.00254	-0.00030	-0.00253	1.00000	
62	0.31000	0.62503	-14.08556	0.34850	0.24391	-0.10485	-0.88353	0.22728	0.99988	0.01542	0.00183	-0.01543	0.99987	0.00426	-0.00176	-0.00428	0.99999		-0.44952	6.86078	0.65103	0.13881	-0.00532	4.11809	2.22788	0.99742	-0.07181	0.00009	0.07181	0.99742	0.00242	-0.00027	-0.00241	1.00000	
63	0.31500	0.64260	-14.06099	0.35131	0.24285	-0.11129	-0.87995	0.24252	0.99988	0.01536	0.00194	-0.01537	0.99987	0.00424	-0.00188	-0.00427	0.99999		-0.43931	6.85932	0.67369	0.13639	-0.00341	4.11537	2.24300	0.99742	-0.07177	0.00006	0.07176	0.99742	0.00238	-0.00023	-0.00237	1.00000	
64	0.32000	0.63368	-14.06247	0.37127	0.23981	-0.11370	-0.87824	0.23088	0.99988	0.01533	0.00198	-0.01534	0.99987	0.00419	-0.00192	-0.00422	0.99999		-0.45202	6.88810	0.68232	0.13508	-0.00079	4.11494	2.24253	0.99742	-0.07176	0.00001	0.07176	0.99742	0.00236	-0.00018	-0.00235	1.00000	
65	0.32500	0.65431	-14.06335	0.38903	0.23702	-0.11183	-0.88292	0.22113	0.99988	0.01541	0.00195	-0.01542	0.99987	0.00414	-0.00189	-0.00417	0.99999		-0.40738	6.88780	0.71113	0.13493	-0.00487	4.11652	2.20137	0.99742	-0.07178	0.00008	0.07178	0.99742	0.00235	-0.00025	-0.00234	1.00000	
66	0.33000	0.66257	-14.04550	0.41135	0.23382	-0.11614	-0.87519	0.22129	0.99988	0.01527	0.00203	-0.01528	0.99987	0.00408	-0.00196	-0.00411	0.99999		-0.43754	6.90076	0.70934	0.13139	0.00403	4.11696	2.21597	0.99742	-0.07179	-0.00007	0.07179	0.99742	0.00229	-0.00009	-0.00229	1.00000	
67	0.33500	0.64885	-14.05430	0.43794	0.22801	-0.11627	-0.87618	0.22993	0.99988	0.01529	0.00203	-0.01530	0.99988	0.00398	-0.00197	-0.00401	0.99999		-0.43996	6.90478	0.72161	0.12780	0.00407	4.11346	2.24108	0.99742	-0.07173	-0.00007	0.07173	0.99742	0.00223	-0.00009	-0.00223	1.00000	
68	0.34000	0.64655	-14.05020	0.46249	0.22790	-0.11570	-0.88391	0.22686	0.99988	0.01543	0.00202	-0.01543	0.99987	0.00398	-0.00196	-0.00401	0.99999		-0.41743	6.88723	0.73980	0.12441	0.00534	4.11618	2.23467	0.99742	-0.07178	-0.00009	0.07178	0.99742	0.00217	-0.00006	-0.00217	1.00000	
69	0.34500	0.68942	-14.04555	0.47239	0.22072	-0.12198	-0.87905	0.21758	0.99988	0.01534	0.00213	-0.01535	0.99987	0.00385	-0.00207	-0.00388	0.99999		-0.42218	6.93316	0.74933	0.12525	0.00746	4.11028	2.23700	0.99743	-0.07168	-0.00013	0.07168	0.99743	0.00219	-0.00003	-0.00219	1.00000	
70	0.35000	0.63543	-14.02681	0.49868	0.22079	-0.11784	-0.87997	0.22653	0.99988	0.01536	0.00206	-0.01537	0.99987	0.00385	-0.00200	-0.00388	0.99999		-0.42190	6.90874	0.75295	0.12062	0.01166	4.11267	2.22959	0.99742	-0.07172	-0.00020	0.07172	0.99742	0.00211	0.00005	-0.00211	1.00000	
71	0.35500	0.66224	-14.03747	0.51080	0.21748	-0.12174	-0.88177	0.21544	0.99988	0.01539	0.00212	-0.01540	0.99987	0.00380	-0.00207	-0.00383	0.99999		-0.41694	6.92052	0.76543	0.11942	0.01206	4.11532	2.20298	0.99742	-0.07176	-0.00021	0.07176	0.99742	0.00208	0.00006	-0.00209	1.00000	
72	0.36000	0.68850	-14.03362	0.52851	0.21008	-0.12499	-0.87802	0.22990	0.99988	0.01532	0.00218	-0.01533	0.99988	0.00367	-0.00212	-0.00370	0.99999		-0.43167	6.90857	0.75373	0.11112	0.01690	4.10879	2.24241	0.99743	-0.07165	-0.00029	0.07165	0.99743	0.00194	0.00016	-0.00196	1.00000	
73	0.36500	0.68245	-14.02225	0.53568	0.20881	-0.12626	-0.87779	0.22903	0.99988	0.01532	0.00220	-0.01533	0.99988	0.00364	-0.00215	-0.00368	0.99999		-0.46115	6.88963	0.76880	0.10664	0.02131	4.10979	2.23904	0.99743	-0.07167	-0.00037	0.07167	0.99743	0.00186	0.00024	-0.00188	1.00000	
74	0.37000	0.66818	-14.01885	0.56499	0.20255	-0.12674	-0.87485	0.22603	0.99988	0.01527	0.00221	-0.01528	0.99988	0.00354	-0.00216	-0.00357	0.99999		-0.44455	6.91878	0.77204	0.10639	0.02140	4.10862	2.24932	0.99743	-0.07165	-0.00037	0.07165	0.99743	0.00186	0.00024	-0.00188	1.00000	
75	0.37500	0.63336	-14.00004	0.57963	0.20243	-0.12346	-0.87678	0.22902	0.99988	0.01530	0.00215	-0.01531	0.99988	0.00353	-0.00210	-0.00357	0.99999		-0.43156	6.93010	0.80491	0.10525	0.02073	4.11140	2.22310	0.99743	-0.07170	-0.00036	0.07170	0.99742	0.00184	0.00023	-0.00186	1.00000	
76	0.38000	0.65515	-13.98775	0.59742	0.19768	-0.12893	-0.87524	0.23762	0.99988	0.01528	0.00225	-0.01528	0.99988	0.00345	-0.00220	-0.00348	0.99999		-0.47167	6.92007	0.79722	0.09932	0.02586	4.10820	2.21764	0.99743	-0.07164	-0.00045	0.07164	0.99743	0.00173	0.00033	-0.00176	1.00000	
77	0.38500	0.66253	-13.97415	0.61400	0.19539	-0.13281	-0.87821	0.24256	0.99988	0.01533	0.00232	-0.01533	0.99988	0.00341	-0.00227	-0.00345	0.99999		-0.46989	6.92739	0.79027	0.09661	0.02937	4.10652	2.20783	0.99743	-0.07161	-0.00051	0.07161	0.99743	0.00169	0.00039	-0.00172	1.00000	
78	0.39000	0.65592	-13.97951	0.62021	0.19120	-0.12804	-0.87676	0.22715	0.99988	0.01530	0.00223	-0.01531	0.99988	0.00334	-0.00218	-0.00337	0.99999		-0.44198	6.93789	0.79820	0.09321	0.02994	4.10667	2.19705	0.99743	-0.07161	-0.00052	0.07161	0.99743	0.00163	0.00040	-0.00166	1.00000	
79	0.39500	0.66292	-13.96897	0.63666	0.18856	-0.13098	-0.87875	0.23324	0.99988	0.01534	0.00229	-0.01534	0.99988	0.00329	-0.00224	-0.00333	0.99999		-0.48952	6.91765	0.79878	0.08715	0.03461	4.10560	2.21260	0.99743	-0.07159	-0.00060	0.07160	0.99743	0.00152	0.00049	-0.00156	1.00000	
80	0.40000	0.63883	-13.95267	0.65672	0.18705	-0.13057	-0.87768	0.22495	0.99988	0.01532	0.00228	-0.01533	0.99988	0.00326	-0.00223	-0.00330	0.99999		-0.44812	6.90787	0.81993	0.08522	0.03352	4.10947	2.17824	0.99743	-0.07166	-0.00059	0.07166	0.99743	0.00149	0.00048	-0.00153	1.00000	
81	0.40500	0.65415	-13.96565	0.68861	0.17918	-0.13464	-0.87729	0.24265	0.99988	0.01531	0.00235	-0.01532	0.99988	0.00313	-0.00230	-0.00316	0.99999		-0.42971	6.92089	0.82724	0.08276	0.03324	4.10837	2.18919	0.99743	-0.07164	-0.00058	0.07164	0.99743	0.00144	0.00048	-0.00148	1.00000	
82	0.41000	0.65083	-13.97040	0.69220	0.17359	-0.13747	-0.87556	0.24215	0.99988	0.01528	0.00240	-0.01529	0.99988	0.00303	-0.00235	-0.00307	0.99999		-0.44738	6.90981	0.82494	0.07702	0.03533	4.10555	2.18480	0.99743	-0.07159	-0.00062	0.07159	0.99743	0.00134	0.00052	-0.00138	1.00000	
83	0.41500	0.67075	-13.96579	0.71290	0.16497	-0.13826	-0.87423	0.24653	0.99988	0.01526	0.00241	-0.01526	0.99988	0.00288	-0.00237	-0.00292	0.99999		-0.42455	6.95441	0.83340	0.07901	0.03473	4.10442	2.19483	0.99744	-0.07157	-0.00061	0.07158	0.99743	0.00138	0.00051	-0.00142	1.00000	
84	0.42000	0.63924	-13.96862	0.72968	0.16159	-0.13871	-0.86808	0.26305	0.99988	0.01515	0.00242	-0.01516	0.99988	0.00282	-0.00238	-0.00286	0.99999		-0.40779	6.94607	0.84531	0.07471	0.03663	4.10515	2.18650	0.99743	-0.07159	-0.00064	0.07159	0.99743	0.00130	0.00054	-0.00135	1.00000	
85	0.42500	0.64328	-13.94036	0.74629	0.16254	-0.13907	-0.87567	0.24983	0.99988	0.01528	0.00243	-0.01529	0.99988	0.00284	-0.00238	-0.00287	0.99999		-0.42272	6.94193	0.84498	0.07207	0.03863	4.10423	2.18355	0.99744	-0.07157	-0.00067	0.07157	0.99743	0.00126	0.00058	-0.00130	1.00000	
86	0.43000	0.66033	-13.94803	0.75342	0.15765	-0.14328	-0.87129	0.25886	0.99988	0.01521	0.00250	-0.01521	0.99988	0.00275	-0.00246	-0.00279	0.99999		-0.40346	6.93908	0.84476	0.06742	0.03806	4.10321	2.19498	0.99744	-0.07155	-0.00066	0.07155	0.99744	0.00118	0.00058	-0.00122	1.00000	
87	0.43500	0.63916	-13.93395	0.77286	0.15479	-0.14210	-0.87419	0.25679	0.99988	0.01526	0.00248	-0.01526	0.99988	0.00270	-0.00244	-0.00274	0.99999		-0.41229	6.96260	0.84075	0.06661	0.04227	4.10460	2.17510	0.99743	-0.07158	-0.00074	0.07158	0.99743	0.00116	0.00065	-0.00121	1.00000	
88	0.44000	0.64890	-13.94000	0.78377	0.14860	-0.14692	-0.86788	0.25734	0.99988	0.01515	0.00256	-0.01515	0.99988	0.00259	-0.00252	-0.00263	0.99999		-0.45444	6.94161	0.82718	0.06167	0.04536	4.10120	2.18614	0.99744	-0.07152	-0.00079	0.07152	0.99744	0.00108	0.00071	-0.00113	1.00000	
89	0.44500	0.61616	-13.94335	0.81403	0.14523	-0.14534	-0.87047	0.24910	0.99988	0.01519	0.00254	-0.01520	0.99988	0.00253	-0.00250	-0.00257	0.99999		-0.42183	6.96205	0.85087	0.06043	0.04323	4.10031	2.19761	0.99744	-0.07150	-0.00075	0.07150	0.99744	0.00105	0.00068	-0.00111	1.00000	
90	0.45000	0.68064	-13.98973	0.83344	0.13000	-0.15368	-0.86332	0.24984	0.99988	0.01507	0.00268	-0.01507	0.99988	0.00227	-0.00265	-0.00231	0.99999		-0.40636	6.94203	0.84714	0.05497	0.04195	4.10322	2.17275	0.99744	-0.07155	-0.00073	0.07155	0.99744	0.00096	0.00066	-0.00101	1.00000	
91	0.45500	0.68152	-13.98429	0.85000	0.12714	-0.15429	-0.86781	0.25604	0.99988	0.01515	0.00269	-0.01515	0.99988	0.00222	-0.00266	-0.00226	0.99999		-0.47262	6.89746	0.81970	0.04520	0.05254	4.10182	2.17492	0.99744	-0.07153	-0.00092	0.07153	0.99744	0.00079	0.00086	-0.00085	1.00000	
92	0.46000	0.64738	-13.97464	0.86455	0.12621	-0.15193	-0.86602	0.24810	0.99988	0.01511	0.00265	-0.01512	0.99988	0.00220	-0.00262	-0.00224	0.99999		-0.40565	6.93681	0.82565	0.04863	0.04549	4.10090	2.16076	0.99744	-0.07151	-0.00079	0.07151	0.99744	0.00085	0.00073	-0.00090	1.00000	
93	0.46500	0.65407	-13.97959	0.87613	0.12093	-0.15270	-0.86608	0.24839	0.99988	0.01512	0.00267	-0.01512	0.99988	0.00211	-0.00263	-0.00215	0.99999		-0.43371	6.90873	0.81775	0.04218	0.04799	4.10227	2.17814	0.99744	-0.07154	-0.00084	0.07154	0.99744	0.00074	0.00078	-0.00079	1.00000	
94	0.47000	0.64033	-13.96928	0.88092	0.11926	-0.15290	-0.86613	0.25732	0.99988	0.01512	0.00267	-0.01512	0.99988	0.00208	-0.00264	-0.00212	0.99999		-0.44729	6.91463	0.78875	0.03946	0.05115	4.09827	2.18228	0.99744	-0.07147	-0.00089	0.07147	0.99744	0.00069	0.00084	-0.00075	1.00000	
95	0.47500	0.63865	-13.96298	0.89949	0.11749	-0.15424	-0.86666	0.25566	0.99988	0.01513	0.00269	-0.01513	0.99988	0.00205	-0.00266	-0.00209	0.99999		-0.40297	6.93472	0.81899	0.03846	0.04754	4.09843	2.16562	0.99744	-0.07147	-0.00083	0.07147	0.99744	0.00067	0.00078	-0.00073	1.00000	
96	0.48000	0.64509	-13.96851	0.90241	0.11279	-0.15278	-0.86380	0.25196	0.99988	0.01508	0.00267	-0.01508	0.99988	0.00197	-0.00264	-0.00201	0.99999		-0.43838	6.93331	0.81626	0.03613	0.04883	4.09815	2.14555	0.99744	-0.07147	-0.00085	0.07147	0.99744	0.00063	0.00080	-0.00069	1.00000	
97	0.48500	0.61729	-13.96282	0.92293	0.11217	-0.15093	-0.86622	0.24472	0.99988	0.01512	0.00263	-0.01512	0.99988	0.00196	-0.00260	-0.00200	0.99999		-0.41371	6.93240	0.80164	0.03286	0.04960	4.09813	2.16622	0.99744	-0.07146	-0.00087	0.07147	0.99744	0.00057	0.00082	-0.00063	1.00000	
98	0.49000	0.61456	-13.97210	0.93078	0.10838	-0.15303	-0.86487	0.24808	0.99988	0.01509	0.00267	-0.01510	0.99988	0.00189	-0.00264	-0.00193	0.99999		-0.44221	6.93766	0.78520	0.02924	0.05325	4.09508	2.16087	0.99745	-0.07141	-0.00093	0.07141	0.99745	0.00051	0.00089	-0.00058	1.00000	
99	0.49500	0.64160	-13.95810	0.94064	0.10532	-0.15393	-0.86604	0.24098	0.99988	0.01511	0.00269	-0.01512	0.99988	0.00184	-0.00266	-0.00188	0.99999		-0.45104	6.93431	0.79238	0.02911	0.05114	4.09713	2.14340	0.99744	-0.07145	-0.00089	0.07145	0.99744	0.00051	0.00085	-0.00057	1.00000	
100	0.50000	0.64158	-13.98728	0.94380	0.10101	-0.15320	-0.86272	0.26244	0.99988	0.01506	0.00267	-0.01506	0.99989	0.00176	-0.00265	-0.00180	0.99999		-0.41337	6.94000	0.77468	0.02665	0.04977	4.09603	2.13561	0.99745	-0.07143	-0.00087	0.07143	0.99745	0.00047	0.00083	-0.00053	1.00000	
101	0.50500	0.61519	-13.96664	0.94111	0.10000	-0.15334	-0.86244	0.25106	0.99988	0.01505	0.00268	-0.01506	0.99989	0.00175	-0.00265	-0.00179	0.99999		-0.44075	6.90388	0.76128	0.01879	0.05172	4.09622	2.12414	0.99745	-0.07143	-0.00090	0.07143	0.99745	0.00033	0.00088	-0.00039	1.00000	
102	0.51000	0.61417	-13.97633	0.95841	0.09903	-0.15139	-0.86402	0.24831	0.99988	0.01508	0.00264	-0.01508	0.99988	0.00173	-0.00262	-0.00177	1.00000		-0.42615	6.95807	0.76804	0.02366	0.04839	4.09470	2.14203	0.99745	-0.07141	-0.00084	0.07141	0.99745	0.00041	0.00081	-0.00047	1.00000	
103	0.51500	0.62188	-13.99700	0.95964	0.09501	-0.15185	-0.86357	0.26219	0.99988	0.01507	0.00265	-0.01508	0.99989	0.00166	-0.00262	-0.00170	1.00000		-0.41164	6.93929	0.75533	0.01899	0.04868	4.09643	2.12581	0.99744	-0.07144	-0.00085	0.07144	0.99745	0.00033	0.00082	-0.00039	1.00000	
104	0.52000	0.59682	-13.98042	0.96774	0.09306	-0.14827	-0.86307	0.24688	0.99988	0.01506	0.00259	-0.01507	0.99989	0.00162	-0.00256	-0.00166	1.00000		-0.41829	6.93142	0.74799	0.01782	0.04951	4.09635	2.12565	0.99744	-0.07143	-0.00086	0.07143	0.99745	0.00031	0.00084	-0.00037	1.00000	
105	0.52500	0.57761	-13.96408	0.96199	0.09425	-0.14791	-0.86078	0.24433	0.99988	0.01502	0.00258	-0.01503	0.99989	0.00164	-0.00256	-0.00168	1.00000		-0.43665	6.95284	0.73274	0.01638	0.04792	4.09228	2.10407	0.99745	-0.07136	-0.00084	0.07136	0.99745	0.00029	0.00081	-0.00034	1.00000	
106	0.53000	0.60998	-13.98394	0.98336	0.08994	-0.15044	-0.86011	0.26311	0.99988	0.01501	0.00263	-0.01502	0.99989	0.00157	-0.00260	-0.00161	1.00000		-0.42936	6.94875	0.73402	0.01434	0.04730	4.09298	2.13160	0.99745	-0.07138	-0.00083	0.07138	0.99745	0.00025	0.00081	-0.00031	1.00000	
107	0.53500	0.59910	-13.98689	0.96467	0.08863	-0.15023	-0.86317	0.27163	0.99988	0.01506	0.00262	-0.01507	0.99989	0.00155	-0.00260	-0.00159	1.00000		-0.42851	6.93094	0.71648	0.01098	0.04513	4.09299	2.09430	0.99745	-0.07138	-0.00079	0.07138	0.99745	0.00019	0.00077	-0.00025	1.00000	
108	0.54000	0.53909	-13.97652	0.98295	0.09160	-0.13938	-0.86113	0.25115	0.99988	0.01503	0.00243	-0.01503	0.99989	0.00160	-0.00241	-0.00164	1.00000		-0.42428	6.93922	0.70838	0.00995	0.04428	4.09029	2.12184	0.99745	-0.07133	-0.00077	0.07133	0.99745	0.00017	0.00076	-0.00023	1.00000	
109	0.54500	0.57755	-13.97621	0.98130	0.08915	-0.14414	-0.86146	0.25521	0.99988	0.01503	0.00252	-0.01504	0.99989	0.00156	-0.00249	-0.00159	1.00000		-0.43225	6.94773	0.69721	0.01103	0.04545	4.09014	2.12102	0.99745	-0.07133	-0.00079	0.07133	0.99745	0.00019	0.00078	-0.00025	1.00000	
110	0.55000	0.54844	-13.98853	0.98267	0.08505	-0.14146	-0.86547	0.24966	0.99988	0.01510	0.00247	-0.01511	0.99988	0.00148	-0.00245	-0.00152	1.00000		-0.40423	6.96971	0.69606	0.01241	0.04077	4.09291	2.08856	0.99745	-0.07137	-0.00071	0.07137	0.99745	0.00022	0.00069	-0.00027	1.00000	
111	0.55500	0.54370	-13.98375	0.98476	0.08572	-0.14052	-0.86298	0.26873	0.99988	0.01506	0.00245	-0.01506	0.99989	0.00150	-0.00243	-0.00153	1.00000		-0.43057	6.91017	0.66438	0.00337	0.04342	4.09079	2.11137	0.99745	-0.07134	-0.00076	0.07134	0.99745	0.00006	0.00075	-0.00011	1.00000	
112	0.56000	0.49407	-13.97143	0.98345	0.08622	-0.13382	-0.86332	0.25151	0.99988	0.01507	0.00234	-0.01507	0.99989	0.00150	-0.00231	-0.00154	1.00000		-0.38723	6.92470	0.66366	0.00453	0.03803	4.09263	2.08892	0.99745	-0.07137	-0.00066	0.07137	0.99745	0.00008	0.00066	-0.00013	1.00000	
113	0.56500	0.54095	-13.97199	0.97222	0.08778	-0.13396	-0.86757	0.26553	0.99988	0.01514	0.00234	-0.01514	0.99988	0.00153	-0.00231	-0.00157	1.00000		-0.42988	6.93094	0.64598	0.00451	0.03987	4.09017	2.12116	0.99745	-0.07133	-0.00070	0.07133	0.99745	0.00008	0.00069	-0.00013	1.00000	
114	0.57000	0.54547	-13.97153	0.97539	0.08666	-0.13242	-0.86538	0.25468	0.99988	0.01510	0.00231	-0.01511	0.99988	0.00151	-0.00229	-0.00155	1.00000		-0.37373	6.93072	0.64373	0.00230	0.03389	4.08919	2.10790	0.99745	-0.07131	-0.00059	0.07131	0.99745	0.00004	0.00059	-0.00008	1.00000	
115	0.57500	0.52635	-13.98654	0.96241	0.08441	-0.13287	-0.85982	0.24054	0.99988	0.01501	0.00232	-0.01501	0.99989	0.00147	-0.00230	-0.00151	1.00000		-0.35241	6.93849	0.63565	0.00365	0.03108	4.08950	2.10875	0.99745	-0.07131	-0.00054	0.07131	0.99745	0.00006	0.00054	-0.00010	1.00000	
116	0.58000	0.51156	-13.96472	0.95545	0.08596	-0.13207	-0.86107	0.25002	0.99988	0.01503	0.00231	-0.01503	0.99989	0.00150	-0.00228	-0.00153	1.00000		-0.36052	6.95993	0.62664	0.00519	0.02930	4.09084	2.11865	0.99745	-0.07134	-0.00051	0.07134	0.99745	0.00009	0.00050	-0.00013	1.00000	
117	0.58500	0.51906	-13.97940	0.95492	0.08445	-0.12971	-0.85847	0.25564	0.99989	0.01498	0.00226	-0.01499	0.99989	0.00147	-0.00224	-0.00151	1.00000		-0.33472	6.91957	0.61441	0.00026	0.02645	4.08895	2.10140	0.99745	-0.07131	-0.00046	0.07131	0.99745	0.00000	0.00046	-0.00004	1.00000	
118	0.59000	0.50134	-13.95862	0.92885	0.08588	-0.12886	-0.86290	0.24824	0.99988	0.01506	0.00225	-0.01506	0.99989	0.00150	-0.00223	-0.00153	1.00000		-0.35773	6.93957	0.59848	0.00150	0.02383	4.08671	2.09621	0.99746	-0.07127	-0.00042	0.07127	0.99746	0.00003	0.00041	-0.00006	1.00000	
119	0.59500	0.46512	-13.97665	0.93363	0.08424	-0.12464	-0.86194	0.23868	0.99988	0.01504	0.00218	-0.01505	0.99989	0.00147	-0.00215	-0.00150	1.00000		-0.37022	6.93032	0.56854	-0.00067	0.02384	4.08688	2.11575	0.99746	-0.07127	-0.00042	0.07127	0.99746	-0.00001	0.00042	-0.00002	1.00000	
120	0.60000	0.51110	-13.98502	0.92604	0.08180	-0.12805	-0.86408	0.25900	0.99988	0.01508	0.00223	-0.01508	0.99989	0.00143	-0.00221	-0.00146	1.00000		-0.31869	6.96319	0.58636	0.00541	0.01512	4.08738	2.11074	0.99746	-0.07128	-0.00026	0.07128	0.99746	0.00009	0.00026	-0.00011	1.00000	
121	0.60500	0.45070	-13.95342	0.90329	0.08879	-0.11881	-0.86241	0.26021	0.99988	0.01505	0.00207	-0.01505	0.99989	0.00155	-0.00205	-0.00158	1.00000		-0.32619	6.94008	0.57142	0.00223	0.01601	4.08819	2.08268	0.99746	-0.07129	-0.00028	0.07129	0.99746	0.00004	0.00028	-0.00006	1.00000	
122	0.61000	0.45055	-13.98636	0.89490	0.08327	-0.11984	-0.86367	0.23897	0.99988	0.01507	0.00209	-0.01508	0.99989	0.00145	-0.00207	-0.00148	1.00000		-0.32648	6.96280	0.56340	0.00464	0.01465	4.08846	2.10155	0.99746	-0.07130	-0.00026	0.07130	0.99746	0.00008	0.00025	-0.00010	1.00000	
123	0.61500	0.45204	-13.98037	0.89089	0.08148	-0.11718	-0.86260	0.23426	0.99988	0.01505	0.00205	-0.01506	0.99989	0.00142	-0.00202	-0.00145	1.00000		-0.31433	6.95477	0.55913	0.00350	0.00887	4.08757	2.08654	0.99746	-0.07128	-0.00015	0.07128	0.99746	0.00006	0.00015	-0.00007	1.00000	
124	0.62000	0.43731	-13.97233	0.87785	0.08462	-0.11649	-0.86521	0.24275	0.99988	0.01510	0.00203	-0.01510	0.99988	0.00148	-0.00201	-0.00151	1.00000		-0.33763	6.96951	0.54691	0.00565	0.00974	4.08504	2.09954	0.99746	-0.07124	-0.00017	0.07124	0.99746	0.00010	0.00016	-0.00011	1.00000	
125	0.62500	0.44998	-13.97712	0.86453	0.08377	-0.11465	-0.86463	0.25792	0.99988	0.01509	0.00200	-0.01509	0.99989	0.00146	-0.00198	-0.00149	1.00000		-0.32943	6.95240	0.51272	0.00278	0.00700	4.08642	2.09209	0.99746	-0.07126	-0.00012	0.07126	0.99746	0.00005	0.00012	-0.00006	1.00000	
126	0.63000	0.41549	-13.96568	0.84832	0.08499	-0.11423	-0.86650	0.25819	0.99988	0.01512	0.00199	-0.01513	0.99988	0.00148	-0.00197	-0.00151	1.00000		-0.28970	6.94233	0.49737	0.00151	0.00098	4.08500	2.09438	0.99746	-0.07124	-0.00002	0.07124	0.99746	0.00003	0.00002	-0.00003	1.00000	
127	0.63500	0.39143	-13.94339	0.81738	0.08971	-0.10364	-0.86016	0.25762	0.99989	0.01501	0.00181	-0.01501	0.99989	0.00157	-0.00179	-0.00159	1.00000		-0.29093	6.94294	0.50683	0.00391	-0.00216	4.08785	2.07961	0.99746	-0.07129	0.00004	0.07129	0.99746	0.00007	-0.00004	-0.00007	1.00000	
128	0.64000	0.38266	-13.93879	0.80415	0.08922	-0.10123	-0.86323	0.25473	0.99988	0.01507	0.00177	-0.01507	0.99989	0.00156	-0.00174	-0.00158	1.00000		-0.32575	6.95143	0.49258	0.00525	-0.00334	4.08614	2.07693	0.99746	-0.07126	0.00006	0.07126	0.99746	0.00009	-0.00006	-0.00009	1.00000	
129	0.64500	0.34930	-13.94656	0.80028	0.08781	-0.09649	-0.85961	0.25165	0.99989	0.01500	0.00168	-0.01501	0.99989	0.00153	-0.00166	-0.00156	1.00000		-0.27526	6.94467	0.48604	0.00636	-0.00717	4.08545	2.06861	0.99746	-0.07124	0.00013	0.07124	0.99746	0.00011	-0.00013	-0.00010	1.00000	
130	0.65000	0.37304	-13.93450	0.77004	0.09024	-0.09916	-0.86350	0.25603	0.99988	0.01507	0.00173	-0.01507	0.99989	0.00157	-0.00171	-0.00160	1.00000		-0.24473	6.94359	0.46734	0.00662	-0.01127	4.08593	2.07066	0.99746	-0.07125	0.00020	0.07125	0.99746	0.00012	-0.00020	-0.00010	1.00000	
131	0.65500	0.37618	-13.94217	0.75531	0.09095	-0.09604	-0.86553	0.25305	0.99988	0.01511	0.00168	-0.01511	0.99988	0.00159	-0.00165	-0.00161	1.00000		-0.22852	6.95239	0.45316	0.00829	-0.01692	4.08715	2.05585	0.99746	-0.07127	0.00030	0.07127	0.99746	0.00014	-0.00030	-0.00012	1.00000	
132	0.66000	0.35139	-13.94392	0.72582	0.08950	-0.09225	-0.86412	0.25808	0.99989	0.01508	0.00161	-0.01508	0.99989	0.00156	-0.00159	-0.00159	1.00000		-0.22485	6.95405	0.45914	0.01041	-0.02041	4.08369	2.07316	0.99746	-0.07121	0.00036	0.07121	0.99746	0.00018	-0.00037	-0.00016	1.00000	
133	0.66500	0.37031	-13.94451	0.73015	0.08899	-0.09308	-0.86474	0.25753	0.99988	0.01509	0.00162	-0.01509	0.99988	0.00155	-0.00160	-0.00158	1.00000		-0.22003	6.94416	0.44064	0.01063	-0.02240	4.08690	2.06568	0.99746	-0.07127	0.00039	0.07127	0.99746	0.00019	-0.00040	-0.00016	1.00000	
134	0.67000	0.31709	-13.94297	0.70531	0.08729	-0.08429	-0.86146	0.24205	0.99989	0.01503	0.00147	-0.01504	0.99989	0.00152	-0.00145	-0.00155	1.00000		-0.22588	6.94639	0.44808	0.01283	-0.02447	4.08415	2.05370	0.99746	-0.07122	0.00043	0.07122	0.99746	0.00022	-0.00044	-0.00019	1.00000	
135	0.67500	0.34583	-13.95749	0.69728	0.08363	-0.08720	-0.86153	0.23958	0.99989	0.01504	0.00152	-0.01504	0.99989	0.00146	-0.00150	-0.00148	1.00000		-0.13920	6.97378	0.42584	0.01927	-0.03357	4.08823	2.04537	0.99746	-0.07129	0.00059	0.07129	0.99746	0.00034	-0.00061	-0.00029	1.00000	
136	0.68000	0.34085	-13.95311	0.66519	0.08659	-0.08327	-0.86379	0.25143	0.99989	0.01508	0.00145	-0.01508	0.99989	0.00151	-0.00143	-0.00153	1.00000		-0.20867	6.95510	0.40802	0.01582	-0.03075	4.08332	2.09207	0.99746	-0.07121	0.00054	0.07121	0.99746	0.00028	-0.00056	-0.00024	1.00000	
137	0.68500	0.30113	-13.93799	0.65076	0.08764	-0.07833	-0.86192	0.24795	0.99989	0.01504	0.00137	-0.01504	0.99989	0.00153	-0.00134	-0.00155	1.00000		-0.17406	6.94797	0.41208	0.01836	-0.03723	4.08643	2.05979	0.99746	-0.07126	0.00065	0.07126	0.99746	0.00032	-0.00067	-0.00027	1.00000	
138	0.69000	0.27493	-13.92820	0.64304	0.09072	-0.07232	-0.86671	0.23446	0.99988	0.01513	0.00126	-0.01513	0.99988	0.00158	-0.00124	-0.00160	1.00000		-0.18801	6.97335	0.41308	0.02294	-0.03958	4.08383	2.06616	0.99746	-0.07122	0.00069	0.07122	0.99746	0.00040	-0.00072	-0.00035	1.00000	
139	0.69500	0.27235	-13.93299	0.61440	0.08967	-0.07175	-0.86664	0.23388	0.99988	0.01513	0.00125	-0.01513	0.99988	0.00157	-0.00123	-0.00158	1.00000		-0.14274	6.98409	0.40443	0.02692	-0.04563	4.08520	2.07131	0.99746	-0.07124	0.00080	0.07124	0.99746	0.00047	-0.00083	-0.00041	1.00000	
140	0.70000	0.28249	-13.93067	0.59683	0.08872	-0.07212	-0.86514	0.25103	0.99989	0.01510	0.00126	-0.01510	0.99988	0.00155	-0.00124	-0.00157	1.00000		-0.07614	6.97768	0.40383	0.02947	-0.05410	4.09007	2.05462	0.99745	-0.07132	0.00094	0.07132	0.99745	0.00051	-0.00098	-0.00045	1.00000	
