NO_OF_FRAMES	12041
NO_OF_CAMERAS	8
NO_OF_BODIES	2
FREQUENCY	200
NO_OF_ANALOG	0
ANALOG_FREQUENCY	0
DESCRIPTION	--
TIME_STAMP	2013-07-04, 16:41:01	115276.95454909
DATA_INCLUDED	6D
BODY_NAMES	Ice 2 V2	Ice 3
Frame	Time	Ice 2 V2 X	Y	Z	Roll	Pitch	Yaw	Residual	Rot[0]	Rot[1]	Rot[2]	Rot[3]	Rot[4]	Rot[5]	Rot[6]	Rot[7]	Rot[8]	Ice 3 X	Y	Z	Roll	Pitch	Yaw	Residual	Rot[0]	Rot[1]	Rot[2]	Rot[3]	Rot[4]	Rot[5]	Rot[6]	Rot[7]	Rot[8]	
1	0.00500	-3.45423	0.58051	1.09215	-0.00448	-0.08162	-0.07820	1.69673	1.00000	0.00136	0.00142	-0.00136	1.00000	-0.00008	-0.00142	0.00008	1.00000		0.31799	1.04290	0.63490	0.09056	-0.11436	4.45610	0.15123	0.99698	-0.07770	0.00200	0.07769	0.99698	0.00158	-0.00211	-0.00142	1.00000	
2	0.01000	-3.45192	0.60327	1.11437	-0.00564	-0.08281	-0.08482	1.66570	1.00000	0.00148	0.00145	-0.00148	1.00000	-0.00010	-0.00145	0.00010	1.00000		0.30429	1.06877	0.63413	0.08114	-0.11491	4.44725	0.11497	0.99699	-0.07754	0.00201	0.07754	0.99699	0.00142	-0.00211	-0.00126	1.00000	
3	0.01500	-3.47691	0.61124	1.09987	-0.00858	-0.07766	-0.08476	1.67797	1.00000	0.00148	0.00136	-0.00148	1.00000	-0.00015	-0.00136	0.00015	1.00000		0.29267	1.02356	0.64515	0.06768	-0.11320	4.44637	0.10624	0.99699	-0.07753	0.00198	0.07752	0.99699	0.00118	-0.00206	-0.00102	1.00000	
4	0.02000	-3.50419	0.59918	1.09336	-0.01639	-0.07567	-0.08010	1.67098	1.00000	0.00140	0.00132	-0.00140	1.00000	-0.00029	-0.00132	0.00028	1.00000		0.27080	1.00763	0.64754	0.05556	-0.11141	4.44484	0.12654	0.99699	-0.07750	0.00194	0.07750	0.99699	0.00097	-0.00201	-0.00082	1.00000	
5	0.02500	-3.48190	0.61530	1.09518	-0.01790	-0.07088	-0.08659	1.67008	1.00000	0.00151	0.00124	-0.00151	1.00000	-0.00031	-0.00124	0.00031	1.00000		0.24840	0.98669	0.65321	0.04358	-0.11164	4.44313	0.12577	0.99699	-0.07747	0.00195	0.07747	0.99699	0.00076	-0.00200	-0.00061	1.00000	
6	0.03000	-3.50885	0.62043	1.09537	-0.02288	-0.06748	-0.08520	1.67182	1.00000	0.00149	0.00118	-0.00149	1.00000	-0.00040	-0.00118	0.00040	1.00000		0.23408	0.96497	0.64163	0.03336	-0.10935	4.44211	0.12182	0.99699	-0.07745	0.00191	0.07745	0.99700	0.00058	-0.00195	-0.00043	1.00000	
7	0.03500	-3.51563	0.63221	1.08527	-0.02810	-0.06810	-0.08564	1.65267	1.00000	0.00149	0.00119	-0.00149	1.00000	-0.00049	-0.00119	0.00049	1.00000		0.26668	0.98661	0.67967	0.02622	-0.11360	4.44469	0.14167	0.99699	-0.07750	0.00198	0.07750	0.99699	0.00046	-0.00201	-0.00030	1.00000	
8	0.04000	-3.53240	0.64818	1.07775	-0.02981	-0.06097	-0.08411	1.64652	1.00000	0.00147	0.00106	-0.00147	1.00000	-0.00052	-0.00106	0.00052	1.00000		0.26365	0.97588	0.68795	0.01593	-0.11336	4.44750	0.13492	0.99699	-0.07755	0.00198	0.07755	0.99699	0.00028	-0.00199	-0.00012	1.00000	
9	0.04500	-3.50611	0.63173	1.06495	-0.03635	-0.06515	-0.08808	1.65942	1.00000	0.00154	0.00114	-0.00154	1.00000	-0.00063	-0.00114	0.00063	1.00000		0.25129	0.92548	0.66820	-0.00245	-0.10834	4.44302	0.14648	0.99699	-0.07747	0.00189	0.07747	0.99699	-0.00004	-0.00188	0.00019	1.00000	
10	0.05000	-3.53334	0.65482	1.06348	-0.03717	-0.06150	-0.08733	1.65163	1.00000	0.00152	0.00107	-0.00152	1.00000	-0.00065	-0.00107	0.00065	1.00000		0.24956	0.98732	0.71041	-0.00241	-0.11403	4.44236	0.14444	0.99699	-0.07746	0.00199	0.07746	0.99700	-0.00004	-0.00198	0.00020	1.00000	
11	0.05500	-3.54199	0.65893	1.04970	-0.03946	-0.05296	-0.08769	1.64894	1.00000	0.00153	0.00092	-0.00153	1.00000	-0.00069	-0.00093	0.00069	1.00000		0.22733	0.92346	0.68208	-0.01984	-0.10960	4.43945	0.14266	0.99700	-0.07741	0.00191	0.07741	0.99700	-0.00035	-0.00188	0.00049	1.00000	
12	0.06000	-3.54939	0.66876	1.03630	-0.04519	-0.05248	-0.08419	1.65900	1.00000	0.00147	0.00092	-0.00147	1.00000	-0.00079	-0.00092	0.00079	1.00000		0.22624	0.93958	0.68406	-0.02949	-0.11164	4.43939	0.11887	0.99700	-0.07740	0.00195	0.07741	0.99700	-0.00051	-0.00190	0.00066	1.00000	
13	0.06500	-3.60349	0.68920	1.02268	-0.04442	-0.04804	-0.08586	1.65654	1.00000	0.00150	0.00084	-0.00150	1.00000	-0.00078	-0.00084	0.00077	1.00000		0.23373	0.93337	0.71012	-0.03809	-0.11009	4.43890	0.14579	0.99700	-0.07740	0.00192	0.07740	0.99700	-0.00066	-0.00186	0.00081	1.00000	
14	0.07000	-3.56530	0.68619	1.02926	-0.04615	-0.04659	-0.08872	1.64303	1.00000	0.00155	0.00081	-0.00155	1.00000	-0.00081	-0.00081	0.00080	1.00000		0.22393	0.92883	0.70302	-0.04861	-0.11090	4.44067	0.13117	0.99700	-0.07743	0.00194	0.07743	0.99700	-0.00085	-0.00186	0.00100	1.00000	
15	0.07500	-3.58371	0.68954	0.99772	-0.04865	-0.04528	-0.09180	1.64493	1.00000	0.00160	0.00079	-0.00160	1.00000	-0.00085	-0.00079	0.00085	1.00000		0.17872	0.88983	0.66982	-0.06250	-0.10258	4.43943	0.13853	0.99700	-0.07741	0.00179	0.07741	0.99700	-0.00109	-0.00170	0.00123	1.00000	
16	0.08000	-3.55142	0.70305	1.00160	-0.04836	-0.04116	-0.09328	1.64214	1.00000	0.00163	0.00072	-0.00163	1.00000	-0.00084	-0.00072	0.00084	1.00000		0.19440	0.90087	0.70440	-0.06992	-0.10519	4.44036	0.13038	0.99700	-0.07742	0.00184	0.07742	0.99700	-0.00122	-0.00174	0.00136	1.00000	
17	0.08500	-3.62944	0.72591	0.99159	-0.04753	-0.03607	-0.09378	1.64231	1.00000	0.00164	0.00063	-0.00164	1.00000	-0.00083	-0.00063	0.00083	1.00000		0.14368	0.90440	0.67285	-0.08031	-0.10080	4.43954	0.14935	0.99700	-0.07741	0.00176	0.07741	0.99700	-0.00140	-0.00165	0.00153	1.00000	
18	0.09000	-3.57000	0.72325	0.96589	-0.05034	-0.03580	-0.09138	1.62880	1.00000	0.00159	0.00062	-0.00159	1.00000	-0.00088	-0.00063	0.00088	1.00000		0.12491	0.91003	0.68663	-0.08965	-0.09944	4.43681	0.14730	0.99700	-0.07736	0.00174	0.07736	0.99700	-0.00156	-0.00161	0.00169	1.00000	
19	0.09500	-3.61401	0.73588	0.97703	-0.04770	-0.02796	-0.09679	1.60872	1.00000	0.00169	0.00049	-0.00169	1.00000	-0.00083	-0.00049	0.00083	1.00000		0.17584	0.90042	0.70456	-0.09707	-0.10195	4.43773	0.13934	0.99700	-0.07738	0.00178	0.07738	0.99700	-0.00169	-0.00164	0.00183	1.00000	
20	0.10000	-3.61110	0.75683	0.94669	-0.04776	-0.03271	-0.09524	1.61668	1.00000	0.00166	0.00057	-0.00166	1.00000	-0.00083	-0.00057	0.00083	1.00000		0.13629	0.89870	0.69023	-0.10719	-0.10116	4.43689	0.13732	0.99700	-0.07736	0.00177	0.07736	0.99700	-0.00187	-0.00162	0.00200	1.00000	
21	0.10500	-3.59151	0.74335	0.92999	-0.04962	-0.03219	-0.10015	1.59513	1.00000	0.00175	0.00056	-0.00175	1.00000	-0.00087	-0.00056	0.00087	1.00000		0.17553	0.95180	0.71215	-0.10923	-0.10369	4.43461	0.12045	0.99700	-0.07732	0.00181	0.07732	0.99700	-0.00191	-0.00166	0.00204	1.00000	
22	0.11000	-3.61585	0.75926	0.91374	-0.04621	-0.02676	-0.09920	1.61033	1.00000	0.00173	0.00047	-0.00173	1.00000	-0.00081	-0.00047	0.00081	1.00000		0.14227	0.94392	0.69677	-0.11911	-0.10181	4.43480	0.12512	0.99700	-0.07732	0.00178	0.07733	0.99700	-0.00208	-0.00161	0.00221	1.00000	
23	0.11500	-3.62265	0.76633	0.88556	-0.04660	-0.02859	-0.09785	1.60708	1.00000	0.00171	0.00050	-0.00171	1.00000	-0.00081	-0.00050	0.00081	1.00000		0.10168	0.93452	0.68413	-0.12942	-0.09522	4.43478	0.14318	0.99700	-0.07732	0.00166	0.07733	0.99700	-0.00226	-0.00148	0.00238	1.00000	
24	0.12000	-3.69259	0.50785	0.48782	-0.10010	-0.00550	-0.09412	1.55609	1.00000	0.00164	0.00010	-0.00164	1.00000	-0.00175	-0.00010	0.00175	1.00000		0.37850	0.88656	0.98605	-0.13826	-0.13558	4.44187	0.23766	0.99699	-0.07745	0.00237	0.07745	0.99699	-0.00241	-0.00217	0.00259	0.99999	
25	0.12500	-3.69028	0.50522	0.46230	-0.10173	-0.00560	-0.10016	1.54963	1.00000	0.00175	0.00010	-0.00175	1.00000	-0.00178	-0.00010	0.00178	1.00000		0.47354	0.89976	1.01915	-0.14184	-0.14298	4.43978	0.19396	0.99700	-0.07741	0.00250	0.07742	0.99700	-0.00248	-0.00230	0.00266	0.99999	
26	0.13000	-3.69902	0.51598	0.42857	-0.09987	-0.00454	-0.09968	1.55313	1.00000	0.00174	0.00008	-0.00174	1.00000	-0.00174	-0.00008	0.00174	1.00000		0.41104	0.95693	1.01092	-0.14443	-0.13955	4.44082	0.22326	0.99699	-0.07743	0.00244	0.07744	0.99699	-0.00252	-0.00223	0.00270	0.99999	
27	0.13500	-3.69062	0.51026	0.40487	-0.09793	0.00297	-0.10276	1.53229	1.00000	0.00179	-0.00005	-0.00179	1.00000	-0.00171	0.00005	0.00171	1.00000		0.45181	0.92911	1.01978	-0.15411	-0.14329	4.43950	0.22632	0.99700	-0.07741	0.00250	0.07741	0.99700	-0.00269	-0.00229	0.00288	0.99999	
28	0.14000	-3.70227	0.52574	0.38935	-0.09386	0.00196	-0.10432	1.53628	1.00000	0.00182	-0.00003	-0.00182	1.00000	-0.00164	0.00003	0.00164	1.00000		0.43336	0.94148	1.01618	-0.15807	-0.14049	4.43781	0.19607	0.99700	-0.07738	0.00245	0.07738	0.99700	-0.00276	-0.00223	0.00294	0.99999	
29	0.14500	-3.71889	0.52014	0.36852	-0.09567	0.00480	-0.10357	1.53894	1.00000	0.00181	-0.00008	-0.00181	1.00000	-0.00167	0.00008	0.00167	1.00000		0.39883	0.92738	1.00714	-0.16669	-0.13825	4.43990	0.21448	0.99700	-0.07741	0.00241	0.07742	0.99699	-0.00291	-0.00218	0.00309	0.99999	
30	0.15000	-3.73373	0.53076	0.35128	-0.09100	0.01259	-0.10299	1.52385	1.00000	0.00180	-0.00022	-0.00180	1.00000	-0.00159	0.00022	0.00159	1.00000		0.42408	0.94046	1.01610	-0.17200	-0.13768	4.43722	0.22079	0.99700	-0.07737	0.00240	0.07737	0.99700	-0.00300	-0.00216	0.00318	0.99999	
31	0.15500	-3.71003	0.53488	0.31760	-0.08663	0.01306	-0.10553	1.50411	1.00000	0.00184	-0.00023	-0.00184	1.00000	-0.00151	0.00023	0.00151	1.00000		0.43654	0.97135	1.02178	-0.17267	-0.13847	4.43718	0.22122	0.99700	-0.07737	0.00242	0.07737	0.99700	-0.00301	-0.00218	0.00319	0.99999	
32	0.16000	-3.73628	0.53395	0.30246	-0.08681	0.01415	-0.10769	1.51935	1.00000	0.00188	-0.00025	-0.00188	1.00000	-0.00152	0.00024	0.00152	1.00000		0.38010	0.96658	1.01926	-0.17894	-0.13746	4.43743	0.23093	0.99700	-0.07737	0.00240	0.07738	0.99700	-0.00312	-0.00215	0.00330	0.99999	
33	0.16500	-3.72596	0.52189	0.27734	-0.08465	0.01590	-0.11005	1.51476	1.00000	0.00192	-0.00028	-0.00192	1.00000	-0.00148	0.00027	0.00148	1.00000		0.39540	0.98779	1.03457	-0.18132	-0.13632	4.43959	0.21162	0.99700	-0.07741	0.00238	0.07742	0.99699	-0.00316	-0.00213	0.00334	0.99999	
34	0.17000	-3.75946	0.53675	0.25815	-0.07945	0.02211	-0.11169	1.50261	1.00000	0.00195	-0.00039	-0.00195	1.00000	-0.00139	0.00038	0.00139	1.00000		0.35806	1.01561	1.01009	-0.18270	-0.13284	4.43664	0.21689	0.99700	-0.07736	0.00232	0.07736	0.99700	-0.00319	-0.00206	0.00336	0.99999	
35	0.17500	-3.72834	0.53495	0.23697	-0.07660	0.02080	-0.11374	1.48320	1.00000	0.00199	-0.00036	-0.00199	1.00000	-0.00134	0.00036	0.00134	1.00000		0.36739	1.02260	1.01567	-0.18673	-0.13343	4.43662	0.21316	0.99700	-0.07736	0.00233	0.07736	0.99700	-0.00326	-0.00207	0.00343	0.99999	
36	0.18000	-3.73591	0.53490	0.22110	-0.07309	0.02345	-0.11792	1.48439	1.00000	0.00206	-0.00041	-0.00206	1.00000	-0.00128	0.00041	0.00128	1.00000		0.37413	1.00563	0.97872	-0.19208	-0.13010	4.43842	0.22761	0.99700	-0.07739	0.00227	0.07739	0.99699	-0.00335	-0.00200	0.00352	0.99999	
37	0.18500	-3.76427	0.52486	0.19379	-0.06826	0.02611	-0.11764	1.47944	1.00000	0.00205	-0.00046	-0.00205	1.00000	-0.00119	0.00045	0.00119	1.00000		0.40219	1.06652	1.00589	-0.18652	-0.13566	4.43497	0.22554	0.99700	-0.07733	0.00237	0.07733	0.99700	-0.00326	-0.00211	0.00343	0.99999	
38	0.19000	-3.76064	0.54539	0.18017	-0.06097	0.02973	-0.11991	1.49650	1.00000	0.00209	-0.00052	-0.00209	1.00000	-0.00106	0.00052	0.00107	1.00000		0.35617	1.04801	0.98426	-0.19230	-0.12825	4.43819	0.22971	0.99700	-0.07738	0.00224	0.07739	0.99700	-0.00336	-0.00197	0.00352	0.99999	
39	0.19500	-3.78093	0.53885	0.15171	-0.05878	0.03240	-0.12040	1.47976	1.00000	0.00210	-0.00057	-0.00210	1.00000	-0.00103	0.00056	0.00103	1.00000		0.36614	1.10624	1.01183	-0.18695	-0.13087	4.43657	0.24232	0.99700	-0.07736	0.00228	0.07736	0.99700	-0.00326	-0.00202	0.00343	0.99999	
40	0.20000	-3.76154	0.53476	0.13974	-0.05563	0.02747	-0.11956	1.47225	1.00000	0.00209	-0.00048	-0.00209	1.00000	-0.00097	0.00048	0.00097	1.00000		0.35274	1.07757	0.99449	-0.19235	-0.12488	4.43880	0.23712	0.99700	-0.07739	0.00218	0.07740	0.99699	-0.00336	-0.00191	0.00352	0.99999	
41	0.20500	-3.77925	0.53233	0.12282	-0.04949	0.03321	-0.12705	1.47624	1.00000	0.00222	-0.00058	-0.00222	1.00000	-0.00086	0.00058	0.00086	1.00000		0.35036	1.14436	0.99807	-0.18628	-0.12616	4.43572	0.22647	0.99700	-0.07734	0.00220	0.07735	0.99700	-0.00325	-0.00194	0.00341	0.99999	
42	0.21000	-3.77314	0.53321	0.10189	-0.04508	0.03691	-0.12269	1.46058	1.00000	0.00214	-0.00064	-0.00214	1.00000	-0.00079	0.00064	0.00079	1.00000		0.30353	1.11997	0.99767	-0.18851	-0.12088	4.43940	0.24751	0.99700	-0.07740	0.00211	0.07741	0.99699	-0.00329	-0.00185	0.00344	0.99999	
43	0.21500	-3.77720	0.52763	0.09644	-0.03982	0.03564	-0.12821	1.46136	1.00000	0.00224	-0.00062	-0.00224	1.00000	-0.00070	0.00062	0.00070	1.00000		0.33268	1.18822	0.98872	-0.18104	-0.12483	4.43652	0.23739	0.99700	-0.07735	0.00218	0.07736	0.99700	-0.00316	-0.00193	0.00332	0.99999	
44	0.22000	-3.77670	0.52866	0.07502	-0.03476	0.03967	-0.13036	1.45401	1.00000	0.00228	-0.00069	-0.00228	1.00000	-0.00061	0.00069	0.00061	1.00000		0.29691	1.17243	0.97791	-0.18387	-0.12027	4.43510	0.22547	0.99700	-0.07733	0.00210	0.07734	0.99700	-0.00321	-0.00184	0.00336	0.99999	
45	0.22500	-3.80614	0.52535	0.04053	-0.03038	0.04029	-0.12572	1.44993	1.00000	0.00219	-0.00070	-0.00219	1.00000	-0.00053	0.00070	0.00053	1.00000		0.28645	1.17642	0.97845	-0.18304	-0.11824	4.43705	0.24280	0.99700	-0.07736	0.00206	0.07737	0.99700	-0.00319	-0.00181	0.00334	0.99999	
46	0.23000	-3.78003	0.52267	0.03912	-0.02560	0.03860	-0.13142	1.45708	1.00000	0.00229	-0.00067	-0.00229	1.00000	-0.00045	0.00067	0.00045	1.00000		0.27013	1.24064	0.98078	-0.17352	-0.11743	4.43636	0.22447	0.99700	-0.07735	0.00205	0.07736	0.99700	-0.00303	-0.00181	0.00318	0.99999	
47	0.23500	-3.79243	0.53268	0.01662	-0.01843	0.04173	-0.13267	1.44981	1.00000	0.00232	-0.00073	-0.00232	1.00000	-0.00032	0.00073	0.00032	1.00000		0.25775	1.21746	0.96328	-0.17589	-0.11396	4.43714	0.22954	0.99700	-0.07737	0.00199	0.07737	0.99700	-0.00307	-0.00175	0.00321	0.99999	
48	0.24000	-3.79434	0.51587	0.00663	-0.01302	0.04184	-0.13422	1.44760	1.00000	0.00234	-0.00073	-0.00234	1.00000	-0.00023	0.00073	0.00023	1.00000		0.30205	1.29079	0.98212	-0.16249	-0.11763	4.43796	0.23156	0.99700	-0.07738	0.00205	0.07739	0.99700	-0.00284	-0.00183	0.00299	0.99999	
49	0.24500	-3.81046	0.51343	-0.01218	-0.00580	0.04593	-0.13878	1.42719	1.00000	0.00242	-0.00080	-0.00242	1.00000	-0.00010	0.00080	0.00010	1.00000		0.29405	1.32457	0.96538	-0.15605	-0.11626	4.43844	0.22279	0.99700	-0.07739	0.00203	0.07739	0.99700	-0.00272	-0.00181	0.00287	0.99999	
50	0.25000	-3.81580	0.52054	-0.01216	-0.00196	0.04385	-0.13585	1.42948	1.00000	0.00237	-0.00077	-0.00237	1.00000	-0.00003	0.00077	0.00004	1.00000		0.24188	1.30196	0.95118	-0.15637	-0.10958	4.43837	0.24440	0.99700	-0.07739	0.00191	0.07739	0.99700	-0.00273	-0.00170	0.00287	0.99999	
51	0.25500	-3.81384	0.49725	-0.02565	0.00296	0.04078	-0.13729	1.41935	1.00000	0.00240	-0.00071	-0.00240	1.00000	0.00005	0.00071	-0.00005	1.00000		0.25660	1.34126	0.95614	-0.14884	-0.11118	4.43915	0.24297	0.99700	-0.07740	0.00194	0.07741	0.99700	-0.00260	-0.00173	0.00274	0.99999	
52	0.26000	-3.84780	0.51615	-0.04904	0.01215	0.04751	-0.14286	1.43485	1.00000	0.00249	-0.00083	-0.00249	1.00000	0.00021	0.00083	-0.00021	1.00000		0.28000	1.39490	0.95680	-0.13847	-0.11220	4.43971	0.23627	0.99700	-0.07741	0.00196	0.07741	0.99700	-0.00242	-0.00177	0.00256	1.00000	
53	0.26500	-3.84148	0.51004	-0.05674	0.01655	0.04597	-0.13709	1.43035	1.00000	0.00239	-0.00080	-0.00239	1.00000	0.00029	0.00080	-0.00029	1.00000		0.25719	1.41072	0.95350	-0.13174	-0.10977	4.43824	0.22039	0.99700	-0.07738	0.00192	0.07739	0.99700	-0.00230	-0.00173	0.00244	1.00000	
54	0.27000	-3.79053	0.49434	-0.07461	0.02091	0.03852	-0.14439	1.42239	1.00000	0.00252	-0.00067	-0.00252	1.00000	0.00036	0.00067	-0.00036	1.00000		0.28859	1.43143	0.97036	-0.12341	-0.11158	4.44216	0.24032	0.99699	-0.07745	0.00195	0.07746	0.99699	-0.00215	-0.00177	0.00230	1.00000	
55	0.27500	-3.81005	0.49617	-0.08571	0.02636	0.03964	-0.14440	1.41029	1.00000	0.00252	-0.00069	-0.00252	1.00000	0.00046	0.00069	-0.00046	1.00000		0.23700	1.44608	0.93296	-0.11757	-0.10652	4.44266	0.24401	0.99699	-0.07746	0.00186	0.07747	0.99699	-0.00205	-0.00169	0.00219	1.00000	
56	0.28000	-3.83565	0.50413	-0.09186	0.03505	0.04522	-0.14570	1.41041	1.00000	0.00254	-0.00079	-0.00254	1.00000	0.00061	0.00079	-0.00061	1.00000		0.24414	1.48529	0.95635	-0.10403	-0.10565	4.44438	0.25904	0.99699	-0.07749	0.00184	0.07749	0.99699	-0.00182	-0.00170	0.00195	1.00000	
57	0.28500	-3.84173	0.48323	-0.11706	0.04052	0.04003	-0.14603	1.41822	1.00000	0.00255	-0.00070	-0.00255	1.00000	0.00071	0.00070	-0.00071	1.00000		0.27623	1.52654	0.94901	-0.09380	-0.10857	4.44373	0.22190	0.99699	-0.07748	0.00189	0.07748	0.99699	-0.00164	-0.00176	0.00178	1.00000	
58	0.29000	-3.82923	0.49269	-0.11813	0.04834	0.04354	-0.14614	1.42131	1.00000	0.00255	-0.00076	-0.00255	1.00000	0.00084	0.00076	-0.00084	1.00000		0.22202	1.52601	0.95431	-0.08909	-0.10121	4.44512	0.23447	0.99699	-0.07750	0.00177	0.07751	0.99699	-0.00155	-0.00164	0.00169	1.00000	
59	0.29500	-3.82008	0.46682	-0.13767	0.04781	0.03903	-0.14524	1.42057	1.00000	0.00253	-0.00068	-0.00253	1.00000	0.00083	0.00068	-0.00083	1.00000		0.17618	1.52754	0.91885	-0.08111	-0.09601	4.44401	0.24947	0.99699	-0.07748	0.00168	0.07749	0.99699	-0.00142	-0.00156	0.00154	1.00000	
60	0.30000	-3.82820	0.47870	-0.13532	0.05954	0.03588	-0.14774	1.41214	1.00000	0.00258	-0.00063	-0.00258	1.00000	0.00104	0.00063	-0.00104	1.00000		0.20578	1.56404	0.92169	-0.06905	-0.09784	4.44732	0.23897	0.99699	-0.07754	0.00171	0.07754	0.99699	-0.00121	-0.00161	0.00133	1.00000	
61	0.30500	-3.81744	0.48207	-0.13671	0.06549	0.03883	-0.14857	1.41389	1.00000	0.00259	-0.00068	-0.00259	1.00000	0.00114	0.00068	-0.00114	1.00000		0.16989	1.59062	0.90069	-0.05887	-0.09330	4.44751	0.22824	0.99699	-0.07755	0.00163	0.07755	0.99699	-0.00103	-0.00154	0.00115	1.00000	
62	0.31000	-3.85461	0.46992	-0.13992	0.07231	0.04045	-0.14558	1.42060	1.00000	0.00254	-0.00071	-0.00254	1.00000	0.00126	0.00071	-0.00126	1.00000		0.19141	1.62304	0.89393	-0.04545	-0.09299	4.44829	0.23783	0.99699	-0.07756	0.00162	0.07756	0.99699	-0.00079	-0.00156	0.00092	1.00000	
63	0.31500	-3.81972	0.46458	-0.16563	0.07801	0.03165	-0.14956	1.40863	1.00000	0.00261	-0.00055	-0.00261	1.00000	0.00136	0.00056	-0.00136	1.00000		0.14273	1.64357	0.90965	-0.03566	-0.09270	4.44715	0.22906	0.99699	-0.07754	0.00162	0.07754	0.99699	-0.00062	-0.00156	0.00075	1.00000	
64	0.32000	-3.81507	0.46663	-0.16496	0.08354	0.03293	-0.14531	1.41858	1.00000	0.00254	-0.00057	-0.00254	1.00000	0.00146	0.00058	-0.00146	1.00000		0.18594	1.70156	0.90961	-0.01977	-0.09369	4.44598	0.23085	0.99699	-0.07752	0.00164	0.07752	0.99699	-0.00035	-0.00160	0.00047	1.00000	
65	0.32500	-3.82308	0.45211	-0.15456	0.08804	0.03128	-0.14879	1.41591	1.00000	0.00260	-0.00055	-0.00260	1.00000	0.00154	0.00055	-0.00154	1.00000		0.19673	1.73661	0.91560	-0.00551	-0.09501	4.44966	0.24332	0.99698	-0.07758	0.00166	0.07758	0.99699	-0.00010	-0.00165	0.00022	1.00000	
66	0.33000	-3.83095	0.43984	-0.16363	0.09417	0.02809	-0.15006	1.40297	1.00000	0.00262	-0.00049	-0.00262	1.00000	0.00164	0.00049	-0.00164	1.00000		0.12461	1.68944	0.86935	-0.00352	-0.08551	4.45352	0.24094	0.99698	-0.07765	0.00149	0.07765	0.99698	-0.00006	-0.00148	0.00018	1.00000	
67	0.33500	-3.83582	0.46857	-0.16880	0.10546	0.02927	-0.15180	1.42720	1.00000	0.00265	-0.00051	-0.00265	0.99999	0.00184	0.00052	-0.00184	1.00000		0.21551	1.76284	0.90822	0.01662	-0.09335	4.45163	0.22565	0.99698	-0.07762	0.00163	0.07762	0.99698	0.00029	-0.00165	-0.00016	1.00000	
68	0.34000	-3.84251	0.44775	-0.17569	0.10783	0.03177	-0.14996	1.42985	1.00000	0.00262	-0.00055	-0.00262	0.99999	0.00188	0.00056	-0.00188	1.00000		0.17124	1.78091	0.90380	0.02990	-0.08997	4.45218	0.22839	0.99698	-0.07763	0.00157	0.07763	0.99698	0.00052	-0.00161	-0.00040	1.00000	
69	0.34500	-3.84086	0.43452	-0.16407	0.11100	0.02677	-0.14715	1.42502	1.00000	0.00257	-0.00047	-0.00257	0.99999	0.00194	0.00047	-0.00194	1.00000		0.14258	1.76860	0.89111	0.03889	-0.08640	4.45608	0.21115	0.99698	-0.07769	0.00151	0.07769	0.99698	0.00068	-0.00156	-0.00056	1.00000	
70	0.35000	-3.85288	0.42274	-0.16508	0.11584	0.02673	-0.14640	1.43227	1.00000	0.00256	-0.00047	-0.00255	0.99999	0.00202	0.00047	-0.00202	1.00000		0.14692	1.79223	0.90329	0.05168	-0.08571	4.45660	0.25407	0.99698	-0.07770	0.00150	0.07770	0.99698	0.00090	-0.00156	-0.00078	1.00000	
71	0.35500	-3.86680	0.42213	-0.18492	0.12079	0.02305	-0.14456	1.42353	1.00000	0.00252	-0.00040	-0.00252	0.99999	0.00211	0.00041	-0.00211	1.00000		0.15437	1.83443	0.88695	0.06610	-0.08744	4.45601	0.22684	0.99698	-0.07769	0.00153	0.07769	0.99698	0.00115	-0.00161	-0.00103	1.00000	
72	0.36000	-3.83834	0.40050	-0.18284	0.12293	0.01747	-0.14304	1.43023	1.00000	0.00250	-0.00030	-0.00250	0.99999	0.00215	0.00031	-0.00214	1.00000		0.16775	1.82942	0.89526	0.07662	-0.08863	4.45622	0.23731	0.99698	-0.07770	0.00155	0.07770	0.99698	0.00134	-0.00165	-0.00121	1.00000	
73	0.36500	-3.83315	0.38794	-0.15229	0.12771	0.01391	-0.14222	1.43735	1.00000	0.00248	-0.00024	-0.00248	0.99999	0.00223	0.00025	-0.00223	1.00000		0.13930	1.84321	0.89348	0.09025	-0.08582	4.45672	0.23409	0.99698	-0.07771	0.00150	0.07770	0.99698	0.00158	-0.00162	-0.00145	1.00000	
74	0.37000	-3.82461	0.38743	-0.15736	0.13540	0.01231	-0.14750	1.41978	1.00000	0.00257	-0.00021	-0.00257	0.99999	0.00236	0.00022	-0.00236	1.00000		0.16080	1.90394	0.89787	0.10757	-0.08914	4.45719	0.21225	0.99697	-0.07771	0.00156	0.07771	0.99697	0.00188	-0.00170	-0.00175	1.00000	
75	0.37500	-3.86285	0.37964	-0.14463	0.13776	0.02106	-0.14426	1.42471	1.00000	0.00252	-0.00037	-0.00252	0.99999	0.00240	0.00037	-0.00240	1.00000		0.15879	1.86892	0.89940	0.11346	-0.08505	4.45625	0.22800	0.99698	-0.07770	0.00148	0.07769	0.99698	0.00198	-0.00163	-0.00186	1.00000	
76	0.38000	-3.84041	0.37635	-0.14256	0.14447	0.01357	-0.14249	1.42935	1.00000	0.00249	-0.00024	-0.00249	0.99999	0.00252	0.00024	-0.00252	1.00000		0.13079	1.90736	0.90351	0.13013	-0.08802	4.46235	0.20924	0.99697	-0.07780	0.00154	0.07780	0.99697	0.00227	-0.00171	-0.00214	1.00000	
77	0.38500	-3.82338	0.36382	-0.14021	0.14831	0.00484	-0.14400	1.44139	1.00000	0.00251	-0.00008	-0.00251	0.99999	0.00259	0.00009	-0.00259	1.00000		0.12428	1.91634	0.89400	0.14207	-0.08291	4.46121	0.22937	0.99697	-0.07778	0.00145	0.07778	0.99697	0.00248	-0.00164	-0.00236	1.00000	
78	0.39000	-3.85799	0.34984	-0.14556	0.15225	0.00892	-0.14378	1.43543	1.00000	0.00251	-0.00016	-0.00251	0.99999	0.00266	0.00016	-0.00266	1.00000		0.14161	1.94741	0.91653	0.15912	-0.08485	4.45998	0.21515	0.99697	-0.07776	0.00148	0.07776	0.99697	0.00278	-0.00169	-0.00265	1.00000	
79	0.39500	-3.84141	0.34598	-0.15021	0.15361	0.00225	-0.13926	1.44128	1.00000	0.00243	-0.00004	-0.00243	0.99999	0.00268	0.00005	-0.00268	1.00000		0.15563	1.95866	0.90484	0.17048	-0.08560	4.46139	0.19532	0.99697	-0.07779	0.00149	0.07778	0.99697	0.00298	-0.00172	-0.00285	0.99999	
80	0.40000	-3.83939	0.35898	-0.13003	0.15921	-0.00199	-0.14077	1.42541	1.00000	0.00246	0.00003	-0.00246	0.99999	0.00278	-0.00003	-0.00278	1.00000		0.13902	1.92647	0.89025	0.17707	-0.08280	4.46243	0.21210	0.99697	-0.07781	0.00145	0.07780	0.99696	0.00309	-0.00168	-0.00297	0.99999	
81	0.40500	-3.82790	0.33782	-0.13320	0.16446	-0.00381	-0.14406	1.44298	1.00000	0.00251	0.00007	-0.00251	0.99999	0.00287	-0.00006	-0.00287	1.00000		0.12155	1.93799	0.88188	0.19097	-0.08095	4.46523	0.23275	0.99696	-0.07785	0.00141	0.07785	0.99696	0.00333	-0.00167	-0.00321	0.99999	
82	0.41000	-3.82606	0.33974	-0.12667	0.16667	-0.00720	-0.13707	1.44106	1.00000	0.00239	0.00013	-0.00239	0.99999	0.00291	-0.00012	-0.00291	1.00000		0.08441	1.93402	0.88177	0.20130	-0.07871	4.46597	0.23519	0.99696	-0.07787	0.00137	0.07786	0.99696	0.00351	-0.00164	-0.00340	0.99999	
83	0.41500	-3.84000	0.30874	-0.10319	0.16737	-0.00775	-0.14012	1.44670	1.00000	0.00245	0.00014	-0.00245	0.99999	0.00292	-0.00013	-0.00292	1.00000		0.12176	1.96253	0.87740	0.21516	-0.07896	4.46671	0.23869	0.99696	-0.07788	0.00138	0.07787	0.99696	0.00376	-0.00167	-0.00364	0.99999	
84	0.42000	-3.82078	0.29360	-0.09060	0.16905	-0.01443	-0.13740	1.45217	1.00000	0.00240	0.00025	-0.00240	0.99999	0.00295	-0.00024	-0.00295	1.00000		0.09817	1.94538	0.88485	0.22292	-0.08062	4.46768	0.22915	0.99696	-0.07790	0.00141	0.07789	0.99695	0.00389	-0.00171	-0.00377	0.99999	
85	0.42500	-3.85561	0.28618	-0.08439	0.17223	-0.01467	-0.13786	1.45893	1.00000	0.00241	0.00026	-0.00241	0.99999	0.00301	-0.00025	-0.00301	1.00000		0.04572	1.94804	0.86990	0.23184	-0.07646	4.46627	0.22148	0.99696	-0.07787	0.00133	0.07787	0.99696	0.00405	-0.00165	-0.00393	0.99999	
86	0.43000	-3.84684	0.28248	-0.08697	0.17585	-0.02002	-0.13459	1.46838	1.00000	0.00235	0.00035	-0.00235	0.99999	0.00307	-0.00034	-0.00307	1.00000		0.05200	1.94162	0.87997	0.24231	-0.07652	4.46758	0.24760	0.99696	-0.07789	0.00134	0.07789	0.99695	0.00423	-0.00166	-0.00411	0.99999	
87	0.43500	-3.84529	0.27513	-0.07978	0.17836	-0.02111	-0.13474	1.47578	1.00000	0.00235	0.00037	-0.00235	0.99999	0.00311	-0.00036	-0.00311	1.00000		0.09870	1.95147	0.89145	0.25631	-0.07654	4.46889	0.23022	0.99696	-0.07792	0.00134	0.07791	0.99695	0.00447	-0.00168	-0.00436	0.99999	
88	0.44000	-3.83046	0.26071	-0.05303	0.18218	-0.02515	-0.13843	1.47021	1.00000	0.00242	0.00044	-0.00242	0.99999	0.00318	-0.00043	-0.00318	0.99999		0.06183	1.98457	0.92051	0.27017	-0.07752	4.46985	0.23400	0.99696	-0.07793	0.00135	0.07793	0.99695	0.00472	-0.00172	-0.00460	0.99999	
89	0.44500	-3.84210	0.25319	-0.05165	0.18147	-0.02689	-0.13083	1.47362	1.00000	0.00228	0.00047	-0.00228	0.99999	0.00317	-0.00046	-0.00317	0.99999		0.08809	1.96754	0.89708	0.27982	-0.07915	4.46913	0.23910	0.99696	-0.07792	0.00138	0.07791	0.99695	0.00488	-0.00176	-0.00476	0.99999	
90	0.45000	-3.82181	0.25810	-0.05133	0.18617	-0.02863	-0.13010	1.48736	1.00000	0.00227	0.00050	-0.00227	0.99999	0.00325	-0.00049	-0.00325	0.99999		0.07777	1.93173	0.90147	0.28455	-0.07684	4.47148	0.22424	0.99696	-0.07796	0.00134	0.07796	0.99694	0.00497	-0.00172	-0.00485	0.99999	
91	0.45500	-3.85865	0.23845	-0.03563	0.18722	-0.03111	-0.12881	1.49357	1.00000	0.00225	0.00054	-0.00225	0.99999	0.00327	-0.00054	-0.00327	0.99999		0.01895	1.93176	0.88626	0.29604	-0.07435	4.47620	0.24548	0.99695	-0.07804	0.00130	0.07804	0.99694	0.00517	-0.00170	-0.00505	0.99999	
92	0.46000	-3.85725	0.22496	-0.01351	0.18763	-0.03293	-0.12758	1.47173	1.00000	0.00223	0.00057	-0.00223	0.99999	0.00327	-0.00057	-0.00328	0.99999		0.06387	1.96394	0.90663	0.30993	-0.07702	4.47826	0.26102	0.99695	-0.07808	0.00134	0.07807	0.99693	0.00541	-0.00176	-0.00529	0.99998	
93	0.46500	-3.85648	0.23253	-0.01685	0.19142	-0.03734	-0.12646	1.49861	1.00000	0.00221	0.00065	-0.00221	0.99999	0.00334	-0.00064	-0.00334	0.99999		0.08375	1.97732	0.91186	0.32269	-0.07953	4.47644	0.25493	0.99695	-0.07805	0.00139	0.07804	0.99693	0.00563	-0.00182	-0.00551	0.99998	
94	0.47000	-3.87813	0.22319	-0.00058	0.19408	-0.03984	-0.12356	1.52008	1.00000	0.00216	0.00070	-0.00216	0.99999	0.00339	-0.00069	-0.00339	0.99999		0.01632	1.93909	0.89389	0.32392	-0.07462	4.47855	0.23185	0.99695	-0.07809	0.00130	0.07808	0.99693	0.00565	-0.00174	-0.00553	0.99998	
95	0.47500	-3.87513	0.21288	0.01557	0.19390	-0.04134	-0.12575	1.50864	1.00000	0.00219	0.00072	-0.00220	0.99999	0.00338	-0.00071	-0.00339	0.99999		0.03288	1.93795	0.91326	0.33316	-0.07623	4.47812	0.25472	0.99695	-0.07808	0.00133	0.07807	0.99693	0.00581	-0.00178	-0.00569	0.99998	
96	0.48000	-3.86651	0.20353	0.02702	0.19216	-0.04139	-0.12202	1.50357	1.00000	0.00213	0.00072	-0.00213	0.99999	0.00335	-0.00072	-0.00336	0.99999		0.04230	1.92614	0.92186	0.34165	-0.07999	4.48087	0.23660	0.99694	-0.07813	0.00140	0.07812	0.99693	0.00596	-0.00186	-0.00584	0.99998	
97	0.48500	-3.87461	0.19318	0.03126	0.19457	-0.04785	-0.12201	1.54211	1.00000	0.00213	0.00084	-0.00213	0.99999	0.00340	-0.00083	-0.00340	0.99999		0.03093	1.91084	0.92609	0.34749	-0.08004	4.47914	0.23824	0.99694	-0.07810	0.00140	0.07809	0.99693	0.00606	-0.00187	-0.00594	0.99998	
98	0.49000	-3.83946	0.19282	0.05921	0.19475	-0.04995	-0.11871	1.53739	1.00000	0.00207	0.00087	-0.00207	0.99999	0.00340	-0.00086	-0.00340	0.99999		0.03057	1.89475	0.91466	0.35143	-0.07863	4.48023	0.25432	0.99694	-0.07812	0.00137	0.07811	0.99693	0.00613	-0.00185	-0.00601	0.99998	
99	0.49500	-3.88190	0.17619	0.05294	0.19464	-0.05076	-0.11858	1.53640	1.00000	0.00207	0.00089	-0.00207	0.99999	0.00340	-0.00088	-0.00340	0.99999		0.05606	1.87806	0.91478	0.35866	-0.08181	4.47984	0.21440	0.99694	-0.07811	0.00143	0.07810	0.99693	0.00626	-0.00191	-0.00613	0.99998	
100	0.50000	-3.86707	0.18777	0.07861	0.19618	-0.05241	-0.12084	1.54143	1.00000	0.00211	0.00091	-0.00211	0.99999	0.00342	-0.00091	-0.00343	0.99999		0.02044	1.82197	0.90837	0.35730	-0.07894	4.48390	0.24147	0.99694	-0.07818	0.00138	0.07817	0.99692	0.00624	-0.00186	-0.00611	0.99998	
101	0.50500	-3.89181	0.17244	0.10292	0.19517	-0.05359	-0.11616	1.54619	1.00000	0.00203	0.00094	-0.00203	0.99999	0.00341	-0.00093	-0.00341	0.99999		0.09196	1.85523	0.95514	0.37000	-0.08801	4.48219	0.21360	0.99694	-0.07815	0.00154	0.07814	0.99692	0.00646	-0.00204	-0.00632	0.99998	
102	0.51000	-3.86664	0.15035	0.10097	0.19426	-0.05623	-0.11682	1.55462	1.00000	0.00204	0.00098	-0.00204	0.99999	0.00339	-0.00097	-0.00339	0.99999		0.03078	1.83346	0.92024	0.37164	-0.08300	4.47931	0.22027	0.99694	-0.07810	0.00145	0.07809	0.99693	0.00649	-0.00195	-0.00635	0.99998	
103	0.51500	-3.85882	0.15180	0.13784	0.19413	-0.06355	-0.11858	1.55501	1.00000	0.00207	0.00111	-0.00207	0.99999	0.00339	-0.00110	-0.00339	0.99999		0.02795	1.78903	0.93170	0.37311	-0.08281	4.48355	0.24895	0.99694	-0.07817	0.00145	0.07816	0.99692	0.00651	-0.00195	-0.00638	0.99998	
104	0.52000	-3.84086	0.13070	0.14565	0.18994	-0.06533	-0.11471	1.54591	1.00000	0.00200	0.00114	-0.00201	0.99999	0.00332	-0.00113	-0.00332	0.99999		-0.04403	1.73218	0.90448	0.37084	-0.07546	4.48581	0.24469	0.99694	-0.07821	0.00132	0.07820	0.99692	0.00647	-0.00182	-0.00635	0.99998	
105	0.52500	-3.84968	0.12313	0.15857	0.18833	-0.06513	-0.10711	1.55691	1.00000	0.00187	0.00114	-0.00187	0.99999	0.00329	-0.00113	-0.00329	0.99999		0.01170	1.74327	0.92905	0.37679	-0.08225	4.48373	0.25210	0.99694	-0.07818	0.00144	0.07816	0.99692	0.00658	-0.00195	-0.00644	0.99998	
106	0.53000	-3.87327	0.11854	0.18200	0.18901	-0.06700	-0.11324	1.55772	1.00000	0.00198	0.00117	-0.00198	0.99999	0.00330	-0.00116	-0.00330	0.99999		0.05410	1.76620	0.95111	0.38391	-0.08833	4.48366	0.22464	0.99694	-0.07817	0.00154	0.07816	0.99692	0.00670	-0.00206	-0.00656	0.99998	
107	0.53500	-3.83853	0.10753	0.17751	0.18511	-0.07149	-0.10716	1.56908	1.00000	0.00187	0.00125	-0.00187	0.99999	0.00323	-0.00124	-0.00323	0.99999		0.03048	1.71427	0.94807	0.38261	-0.08705	4.48113	0.22822	0.99694	-0.07813	0.00152	0.07812	0.99692	0.00668	-0.00204	-0.00654	0.99998	
108	0.54000	-3.83850	0.11285	0.19352	0.18717	-0.07581	-0.11271	1.57477	1.00000	0.00197	0.00132	-0.00197	0.99999	0.00327	-0.00132	-0.00327	0.99999		0.02578	1.67781	0.94788	0.38261	-0.08736	4.48132	0.22892	0.99694	-0.07813	0.00152	0.07812	0.99692	0.00668	-0.00204	-0.00654	0.99998	
109	0.54500	-3.84066	0.09557	0.22503	0.18028	-0.07614	-0.11053	1.57700	1.00000	0.00193	0.00133	-0.00193	0.99999	0.00315	-0.00132	-0.00315	0.99999		0.01380	1.64884	0.95832	0.38079	-0.08928	4.48413	0.21581	0.99694	-0.07818	0.00156	0.07817	0.99692	0.00665	-0.00207	-0.00650	0.99998	
110	0.55000	-3.86623	0.08319	0.24257	0.18006	-0.07725	-0.10717	1.58685	1.00000	0.00187	0.00135	-0.00187	0.99999	0.00314	-0.00134	-0.00315	0.99999		0.01849	1.59353	0.94176	0.37746	-0.08905	4.48473	0.23942	0.99694	-0.07819	0.00155	0.07818	0.99692	0.00659	-0.00206	-0.00645	0.99998	
111	0.55500	-3.87964	0.08870	0.25931	0.17534	-0.07951	-0.10189	1.57082	1.00000	0.00178	0.00139	-0.00178	0.99999	0.00306	-0.00138	-0.00306	0.99999		0.02760	1.60514	0.96181	0.38065	-0.09068	4.48345	0.21141	0.99694	-0.07817	0.00158	0.07816	0.99692	0.00664	-0.00210	-0.00650	0.99998	
112	0.56000	-3.83677	0.06684	0.27781	0.17045	-0.08485	-0.10157	1.56670	1.00000	0.00177	0.00148	-0.00178	0.99999	0.00297	-0.00148	-0.00298	0.99999		0.00291	1.54189	0.95027	0.37444	-0.08962	4.48510	0.24503	0.99694	-0.07820	0.00156	0.07819	0.99692	0.00654	-0.00207	-0.00639	0.99998	
113	0.56500	-3.88557	0.07367	0.27538	0.17282	-0.08250	-0.10707	1.57352	1.00000	0.00187	0.00144	-0.00187	0.99999	0.00302	-0.00143	-0.00302	0.99999		-0.01006	1.50988	0.95258	0.37391	-0.09083	4.48425	0.23157	0.99694	-0.07818	0.00159	0.07817	0.99692	0.00653	-0.00209	-0.00638	0.99998	
114	0.57000	-3.88273	0.08088	0.31086	0.16917	-0.07895	-0.10263	1.58338	1.00000	0.00179	0.00138	-0.00180	0.99999	0.00295	-0.00137	-0.00296	0.99999		-0.01184	1.50353	0.96624	0.37454	-0.09185	4.48735	0.24682	0.99693	-0.07824	0.00160	0.07823	0.99691	0.00654	-0.00211	-0.00639	0.99998	
115	0.57500	-3.86749	0.07693	0.30090	0.16846	-0.08329	-0.10654	1.58472	1.00000	0.00186	0.00145	-0.00186	0.99999	0.00294	-0.00145	-0.00294	0.99999		0.03010	1.49913	0.97886	0.37373	-0.09471	4.48463	0.23230	0.99694	-0.07819	0.00165	0.07818	0.99692	0.00652	-0.00216	-0.00637	0.99998	
116	0.58000	-3.87589	0.05554	0.32703	0.16079	-0.08468	-0.09927	1.59073	1.00000	0.00173	0.00148	-0.00174	0.99999	0.00281	-0.00147	-0.00281	0.99999		0.00485	1.45808	0.98164	0.36817	-0.09498	4.48655	0.22575	0.99693	-0.07823	0.00166	0.07821	0.99692	0.00643	-0.00216	-0.00628	0.99998	
117	0.58500	-3.83489	0.05277	0.32959	0.15656	-0.09220	-0.09927	1.61137	1.00000	0.00173	0.00161	-0.00174	0.99999	0.00273	-0.00160	-0.00274	0.99999		0.03944	1.42151	0.99676	0.36571	-0.09982	4.48912	0.23792	0.99693	-0.07827	0.00174	0.07826	0.99691	0.00638	-0.00224	-0.00623	0.99998	
118	0.59000	-3.86636	0.05725	0.35334	0.15726	-0.08604	-0.10021	1.59960	1.00000	0.00175	0.00150	-0.00175	0.99999	0.00274	-0.00150	-0.00275	1.00000		0.02755	1.40098	0.99452	0.36368	-0.09938	4.48565	0.24124	0.99694	-0.07821	0.00173	0.07820	0.99692	0.00635	-0.00223	-0.00619	0.99998	
119	0.59500	-3.86369	0.05513	0.36682	0.14897	-0.09158	-0.09625	1.60930	1.00000	0.00168	0.00160	-0.00168	1.00000	0.00260	-0.00159	-0.00260	1.00000		-0.03157	1.33546	0.97493	0.35052	-0.09514	4.48572	0.24494	0.99694	-0.07821	0.00166	0.07820	0.99692	0.00612	-0.00213	-0.00597	0.99998	
120	0.60000	-3.86962	0.06598	0.38260	0.14699	-0.08930	-0.09432	1.59619	1.00000	0.00165	0.00156	-0.00165	1.00000	0.00257	-0.00155	-0.00257	1.00000		-0.00039	1.33125	1.00261	0.35009	-0.09981	4.48501	0.23282	0.99694	-0.07820	0.00174	0.07819	0.99692	0.00611	-0.00221	-0.00596	0.99998	
121	0.60500	-3.88584	0.04383	0.38535	0.14079	-0.08807	-0.09378	1.61845	1.00000	0.00164	0.00154	-0.00164	1.00000	0.00246	-0.00153	-0.00246	1.00000		-0.03638	1.28751	0.98785	0.34300	-0.09679	4.48610	0.24469	0.99693	-0.07822	0.00169	0.07821	0.99692	0.00599	-0.00215	-0.00584	0.99998	
122	0.61000	-3.84988	0.05792	0.39277	0.13936	-0.09144	-0.09245	1.60924	1.00000	0.00161	0.00160	-0.00162	1.00000	0.00243	-0.00159	-0.00243	1.00000		-0.03457	1.27548	1.02073	0.33972	-0.10064	4.48647	0.24142	0.99693	-0.07822	0.00176	0.07821	0.99692	0.00593	-0.00221	-0.00577	0.99998	
123	0.61500	-3.86126	0.05365	0.41430	0.13432	-0.09279	-0.09392	1.60583	1.00000	0.00164	0.00162	-0.00164	1.00000	0.00234	-0.00162	-0.00235	1.00000		-0.06353	1.19579	1.00244	0.32635	-0.09753	4.48553	0.23273	0.99694	-0.07821	0.00170	0.07820	0.99692	0.00570	-0.00214	-0.00555	0.99998	
124	0.62000	-3.87481	0.05184	0.42876	0.13095	-0.09008	-0.09012	1.64806	1.00000	0.00157	0.00157	-0.00158	1.00000	0.00229	-0.00157	-0.00229	1.00000		-0.02655	1.12199	1.00061	0.31638	-0.09977	4.48534	0.24584	0.99694	-0.07820	0.00174	0.07819	0.99692	0.00552	-0.00217	-0.00537	0.99998	
125	0.62500	-3.91057	0.07937	0.42261	0.12877	-0.09093	-0.09557	1.62686	1.00000	0.00167	0.00159	-0.00167	1.00000	0.00225	-0.00158	-0.00225	1.00000		-0.02074	1.11777	1.01379	0.30971	-0.10204	4.48439	0.22812	0.99694	-0.07819	0.00178	0.07818	0.99692	0.00541	-0.00220	-0.00525	0.99998	
126	0.63000	-3.88149	0.05915	0.44520	0.12173	-0.09135	-0.08815	1.62910	1.00000	0.00154	0.00159	-0.00154	1.00000	0.00212	-0.00159	-0.00213	1.00000		-0.01332	1.07385	1.03516	0.30182	-0.10347	4.48394	0.23527	0.99694	-0.07818	0.00181	0.07817	0.99693	0.00527	-0.00221	-0.00511	0.99998	
127	0.63500	-3.94368	0.07334	0.45488	0.11944	-0.08369	-0.08871	1.63508	1.00000	0.00155	0.00146	-0.00155	1.00000	0.00208	-0.00146	-0.00209	1.00000		-0.07587	0.97761	1.01100	0.28648	-0.09881	4.48596	0.24168	0.99694	-0.07821	0.00172	0.07821	0.99692	0.00500	-0.00211	-0.00485	0.99999	
128	0.64000	-3.93506	0.11578	0.45402	0.11757	-0.08461	-0.08553	1.63215	1.00000	0.00149	0.00148	-0.00150	1.00000	0.00205	-0.00147	-0.00205	1.00000		-0.06687	1.00473	1.02802	0.28236	-0.10121	4.48425	0.23986	0.99694	-0.07818	0.00177	0.07818	0.99693	0.00493	-0.00215	-0.00477	0.99999	
129	0.64500	-3.91497	0.07881	0.45606	0.11046	-0.08701	-0.08533	1.63636	1.00000	0.00149	0.00152	-0.00149	1.00000	0.00193	-0.00152	-0.00193	1.00000		0.04608	1.00067	1.06808	0.28206	-0.11144	4.48391	0.22536	0.99694	-0.07818	0.00194	0.07817	0.99693	0.00492	-0.00232	-0.00476	0.99999	
130	0.65000	-3.91312	0.08308	0.45454	0.10441	-0.08725	-0.08295	1.64095	1.00000	0.00145	0.00152	-0.00145	1.00000	0.00182	-0.00152	-0.00182	1.00000		-0.04789	0.91214	1.04493	0.26172	-0.10618	4.48309	0.22502	0.99694	-0.07816	0.00185	0.07816	0.99693	0.00457	-0.00220	-0.00441	0.99999	
131	0.65500	-3.91728	0.08135	0.47041	0.09512	-0.08875	-0.07770	1.65351	1.00000	0.00136	0.00155	-0.00136	1.00000	0.00166	-0.00155	-0.00166	1.00000		-0.02259	0.90493	1.06741	0.25645	-0.11240	4.48557	0.23053	0.99694	-0.07821	0.00196	0.07820	0.99693	0.00448	-0.00231	-0.00431	0.99999	
132	0.66000	-3.92739	0.08504	0.47792	0.09159	-0.08316	-0.08172	1.64762	1.00000	0.00143	0.00145	-0.00143	1.00000	0.00160	-0.00145	-0.00160	1.00000		-0.01814	0.84854	1.03535	0.24430	-0.11043	4.48132	0.23973	0.99694	-0.07813	0.00193	0.07813	0.99693	0.00426	-0.00225	-0.00410	0.99999	
133	0.66500	-3.96752	0.11758	0.47825	0.08930	-0.08221	-0.07732	1.65635	1.00000	0.00135	0.00143	-0.00135	1.00000	0.00156	-0.00143	-0.00156	1.00000		-0.04449	0.82178	1.04052	0.23468	-0.11174	4.48304	0.21723	0.99694	-0.07816	0.00195	0.07816	0.99693	0.00410	-0.00226	-0.00393	0.99999	
134	0.67000	-3.94306	0.12846	0.47182	0.08728	-0.08003	-0.08023	1.66295	1.00000	0.00140	0.00140	-0.00140	1.00000	0.00152	-0.00139	-0.00153	1.00000		-0.01358	0.78245	1.04679	0.22383	-0.11278	4.48037	0.20357	0.99694	-0.07812	0.00197	0.07811	0.99694	0.00391	-0.00227	-0.00374	0.99999	
135	0.67500	-3.94144	0.10857	0.46706	0.07981	-0.08272	-0.08276	1.65219	1.00000	0.00144	0.00144	-0.00145	1.00000	0.00139	-0.00144	-0.00139	1.00000		-0.06788	0.73947	1.03170	0.20906	-0.10711	4.47806	0.23778	0.99695	-0.07808	0.00187	0.07807	0.99694	0.00365	-0.00215	-0.00349	0.99999	
136	0.68000	-3.93749	0.11854	0.47594	0.07419	-0.08117	-0.08220	1.66146	1.00000	0.00143	0.00142	-0.00144	1.00000	0.00129	-0.00141	-0.00130	1.00000		-0.03215	0.69361	1.04553	0.19816	-0.11269	4.48296	0.22254	0.99694	-0.07816	0.00197	0.07816	0.99694	0.00346	-0.00223	-0.00329	0.99999	
137	0.68500	-3.96674	0.15383	0.47854	0.07342	-0.07780	-0.08146	1.66355	1.00000	0.00142	0.00136	-0.00142	1.00000	0.00128	-0.00136	-0.00128	1.00000		-0.04105	0.68279	1.06308	0.18979	-0.11359	4.47897	0.23934	0.99694	-0.07809	0.00198	0.07809	0.99694	0.00331	-0.00224	-0.00315	0.99999	
138	0.69000	-4.00029	0.13210	0.49056	0.06355	-0.07131	-0.08131	1.65661	1.00000	0.00142	0.00124	-0.00142	1.00000	0.00111	-0.00124	-0.00111	1.00000		-0.04841	0.65207	1.07944	0.17993	-0.11356	4.48121	0.25384	0.99694	-0.07813	0.00198	0.07813	0.99694	0.00314	-0.00222	-0.00298	0.99999	
139	0.69500	-3.96216	0.14150	0.46886	0.06109	-0.07833	-0.07604	1.65863	1.00000	0.00133	0.00137	-0.00133	1.00000	0.00107	-0.00137	-0.00107	1.00000		-0.01638	0.62509	1.06284	0.16770	-0.11688	4.47575	0.22572	0.99695	-0.07804	0.00204	0.07803	0.99695	0.00293	-0.00226	-0.00276	0.99999	
140	0.70000	-3.95284	0.14937	0.47883	0.05325	-0.08106	-0.07493	1.64971	1.00000	0.00131	0.00141	-0.00131	1.00000	0.00093	-0.00141	-0.00093	1.00000		-0.05033	0.59376	1.05811	0.15337	-0.11353	4.47495	0.23554	0.99695	-0.07802	0.00198	0.07802	0.99695	0.00268	-0.00218	-0.00251	0.99999	
