NO_OF_FRAMES	12042
NO_OF_CAMERAS	8
NO_OF_BODIES	2
FREQUENCY	200
NO_OF_ANALOG	0
ANALOG_FREQUENCY	0
DESCRIPTION	--
TIME_STAMP	2013-07-05, 10:12:26	178360.39576419
DATA_INCLUDED	6D
BODY_NAMES	Ice 2 V2	Ice 3
Frame	Time	Ice 2 V2 X	Y	Z	Roll	Pitch	Yaw	Residual	Rot[0]	Rot[1]	Rot[2]	Rot[3]	Rot[4]	Rot[5]	Rot[6]	Rot[7]	Rot[8]	Ice 3 X	Y	Z	Roll	Pitch	Yaw	Residual	Rot[0]	Rot[1]	Rot[2]	Rot[3]	Rot[4]	Rot[5]	Rot[6]	Rot[7]	Rot[8]	
1	0.00500	-2.05258	-13.58383	1.08507	0.55595	0.10788	-0.92726	0.18187	0.99987	0.01618	-0.00188	-0.01616	0.99982	0.00970	0.00204	-0.00967	0.99995		0.30181	7.62362	0.61839	0.84386	-0.27258	3.91366	3.67788	0.99766	-0.06825	0.00476	0.06818	0.99756	0.01473	-0.00575	-0.01437	0.99988	
2	0.01000	-2.15409	-13.59983	1.08575	0.55082	0.11876	-0.92031	0.18597	0.99987	0.01606	-0.00207	-0.01604	0.99983	0.00961	0.00223	-0.00958	0.99995		0.35721	7.50281	0.60552	0.82170	-0.27421	3.91111	3.63066	0.99766	-0.06821	0.00479	0.06813	0.99757	0.01434	-0.00575	-0.01398	0.99989	
3	0.01500	-1.16887	-13.83776	0.75502	0.50469	-0.04573	-0.90424	0.26925	0.99988	0.01578	0.00080	-0.01579	0.99984	0.00881	-0.00066	-0.00882	0.99996		1.53092	6.98343	0.77065	0.80245	-0.36217	4.00529	2.68587	0.99754	-0.06985	0.00632	0.06975	0.99747	0.01400	-0.00728	-0.01353	0.99988	
4	0.02000	-1.20086	-13.94044	0.77262	0.48903	-0.04214	-0.90495	0.26627	0.99988	0.01579	0.00074	-0.01580	0.99984	0.00854	-0.00060	-0.00855	0.99996		1.53775	6.86595	0.76590	0.77846	-0.35719	4.00764	2.66773	0.99754	-0.06989	0.00623	0.06980	0.99747	0.01359	-0.00717	-0.01312	0.99989	
5	0.02500	-1.19079	-14.00594	0.78081	0.47572	-0.04112	-0.90216	0.27935	0.99988	0.01574	0.00072	-0.01575	0.99984	0.00830	-0.00059	-0.00831	0.99997		1.56301	6.73159	0.75883	0.74990	-0.35218	4.00697	2.65967	0.99754	-0.06988	0.00615	0.06979	0.99748	0.01309	-0.00705	-0.01263	0.99990	
6	0.03000	-1.20528	-14.09886	0.81498	0.46152	-0.03984	-0.90710	0.28227	0.99987	0.01583	0.00070	-0.01584	0.99984	0.00806	-0.00057	-0.00807	0.99997		1.54602	6.62675	0.75498	0.72348	-0.34461	4.00532	2.65711	0.99754	-0.06985	0.00601	0.06977	0.99748	0.01263	-0.00688	-0.01218	0.99990	
7	0.03500	-1.20583	-14.18974	0.83560	0.44646	-0.03550	-0.91137	0.27074	0.99987	0.01591	0.00062	-0.01591	0.99984	0.00779	-0.00050	-0.00780	0.99997		1.58806	6.51471	0.74870	0.69444	-0.34142	4.00603	2.64889	0.99754	-0.06986	0.00596	0.06978	0.99749	0.01212	-0.00679	-0.01167	0.99991	
8	0.04000	-1.19942	-14.25191	0.83855	0.43457	-0.03598	-0.90736	0.26007	0.99987	0.01584	0.00063	-0.01584	0.99985	0.00758	-0.00051	-0.00759	0.99997		1.57733	6.39618	0.72372	0.66267	-0.33136	4.00424	2.63888	0.99754	-0.06983	0.00578	0.06976	0.99750	0.01157	-0.00658	-0.01113	0.99992	
9	0.04500	-1.22558	-14.31088	0.84272	0.42565	-0.03091	-0.90732	0.26635	0.99987	0.01584	0.00054	-0.01584	0.99985	0.00743	-0.00042	-0.00744	0.99997		1.57994	6.29778	0.71429	0.63224	-0.32472	4.00317	2.60753	0.99754	-0.06981	0.00567	0.06975	0.99750	0.01103	-0.00642	-0.01061	0.99992	
10	0.05000	-1.20714	-14.41225	0.87552	0.40814	-0.03349	-0.90638	0.26896	0.99987	0.01582	0.00058	-0.01582	0.99985	0.00712	-0.00047	-0.00713	0.99997		1.60276	6.19674	0.72814	0.60093	-0.31623	4.00347	2.58704	0.99754	-0.06982	0.00552	0.06976	0.99751	0.01049	-0.00624	-0.01008	0.99993	
11	0.05500	-1.19691	-14.46935	0.89026	0.39878	-0.03109	-0.91232	0.25795	0.99987	0.01592	0.00054	-0.01593	0.99985	0.00696	-0.00043	-0.00697	0.99998		1.59080	6.07797	0.70853	0.56474	-0.30513	4.00399	2.59081	0.99755	-0.06982	0.00533	0.06977	0.99751	0.00986	-0.00600	-0.00946	0.99994	
12	0.06000	-1.24780	-14.54165	0.90184	0.38550	-0.02624	-0.90945	0.25362	0.99987	0.01587	0.00046	-0.01587	0.99985	0.00673	-0.00035	-0.00673	0.99998		1.62907	5.98086	0.69641	0.53036	-0.29708	4.00384	2.55818	0.99755	-0.06982	0.00518	0.06977	0.99752	0.00926	-0.00582	-0.00887	0.99994	
13	0.06500	-1.22563	-14.60378	0.90650	0.37741	-0.02599	-0.91409	0.26340	0.99987	0.01595	0.00045	-0.01596	0.99985	0.00659	-0.00035	-0.00659	0.99998		1.65139	5.87691	0.69701	0.49484	-0.28510	3.99857	2.54916	0.99755	-0.06973	0.00498	0.06969	0.99753	0.00864	-0.00557	-0.00827	0.99995	
14	0.07000	-1.26283	-14.67297	0.91845	0.36492	-0.02033	-0.91288	0.25915	0.99987	0.01593	0.00035	-0.01593	0.99985	0.00637	-0.00025	-0.00637	0.99998		1.65646	5.77899	0.67800	0.45870	-0.27445	4.00039	2.52429	0.99755	-0.06976	0.00479	0.06972	0.99753	0.00801	-0.00534	-0.00765	0.99996	
15	0.07500	-1.25832	-14.75212	0.92690	0.35433	-0.02127	-0.91480	0.25387	0.99987	0.01597	0.00037	-0.01597	0.99985	0.00618	-0.00027	-0.00619	0.99998		1.65092	5.67089	0.66959	0.42036	-0.26249	3.99913	2.50230	0.99755	-0.06974	0.00458	0.06971	0.99754	0.00734	-0.00508	-0.00700	0.99996	
16	0.08000	-1.23382	-14.81088	0.94603	0.34179	-0.02079	-0.91298	0.24595	0.99987	0.01593	0.00036	-0.01594	0.99986	0.00597	-0.00027	-0.00597	0.99998		1.68223	5.55895	0.66079	0.37838	-0.25292	3.99543	2.50069	0.99756	-0.06968	0.00441	0.06965	0.99755	0.00660	-0.00486	-0.00628	0.99997	
17	0.08500	-1.24728	-14.86859	0.95833	0.33371	-0.01832	-0.91672	0.23409	0.99987	0.01600	0.00032	-0.01600	0.99986	0.00582	-0.00023	-0.00583	0.99998		1.66082	5.47918	0.65002	0.33987	-0.23761	3.99260	2.46307	0.99756	-0.06963	0.00415	0.06960	0.99756	0.00593	-0.00455	-0.00563	0.99997	
18	0.09000	-1.21899	-14.95177	0.97116	0.32028	-0.02048	-0.92085	0.24998	0.99987	0.01607	0.00036	-0.01607	0.99986	0.00559	-0.00027	-0.00559	0.99998		1.67226	5.38524	0.63487	0.30004	-0.22285	3.99024	2.43232	0.99757	-0.06959	0.00389	0.06957	0.99756	0.00524	-0.00424	-0.00495	0.99998	
19	0.09500	-1.26339	-14.99672	0.96841	0.31005	-0.01790	-0.91553	0.25355	0.99987	0.01598	0.00031	-0.01598	0.99986	0.00541	-0.00023	-0.00542	0.99999		1.64508	5.31252	0.59890	0.26028	-0.20776	3.98717	2.42069	0.99757	-0.06953	0.00363	0.06952	0.99757	0.00454	-0.00393	-0.00428	0.99998	
20	0.10000	-1.25120	-15.07508	0.98688	0.29849	-0.01044	-0.91890	0.23499	0.99987	0.01604	0.00018	-0.01604	0.99986	0.00521	-0.00010	-0.00521	0.99999		1.67308	5.21511	0.60006	0.21874	-0.19899	3.98604	2.38264	0.99758	-0.06951	0.00347	0.06950	0.99757	0.00382	-0.00373	-0.00357	0.99999	
21	0.10500	-1.25971	-15.09422	0.99378	0.29345	-0.00699	-0.92277	0.23746	0.99987	0.01610	0.00012	-0.01611	0.99986	0.00512	-0.00004	-0.00512	0.99999		1.65853	5.13919	0.59608	0.17906	-0.18133	3.98070	2.35518	0.99758	-0.06942	0.00316	0.06941	0.99758	0.00313	-0.00337	-0.00290	0.99999	
22	0.11000	-1.27759	-15.15787	0.99764	0.28168	-0.00481	-0.91592	0.24367	0.99987	0.01599	0.00008	-0.01599	0.99986	0.00492	-0.00001	-0.00492	0.99999		1.67628	5.07129	0.59295	0.13741	-0.16654	3.97673	2.34644	0.99759	-0.06935	0.00291	0.06934	0.99759	0.00240	-0.00307	-0.00219	0.99999	
23	0.11500	-1.29724	-15.20700	1.00733	0.27348	-0.00177	-0.92294	0.24268	0.99987	0.01611	0.00003	-0.01611	0.99986	0.00477	0.00005	-0.00477	0.99999		1.68778	4.98479	0.57696	0.09756	-0.15470	3.97614	2.32397	0.99759	-0.06934	0.00270	0.06934	0.99759	0.00170	-0.00281	-0.00151	0.99999	
24	0.12000	-1.30688	-15.41368	0.85149	0.22027	0.00287	-0.91161	0.22845	0.99987	0.01591	-0.00005	-0.01591	0.99987	0.00384	0.00011	-0.00384	0.99999		1.78648	4.82459	0.62255	0.04369	-0.16365	3.97141	2.28833	0.99759	-0.06926	0.00286	0.06926	0.99760	0.00076	-0.00290	-0.00056	1.00000	
25	0.12500	-1.29150	-15.49115	0.85373	0.20839	-0.00213	-0.90883	0.23052	0.99987	0.01586	0.00004	-0.01586	0.99987	0.00364	0.00002	-0.00364	0.99999		1.79449	4.73234	0.62932	0.00224	-0.14951	3.97230	2.25448	0.99759	-0.06927	0.00261	0.06927	0.99760	0.00004	-0.00261	0.00014	1.00000	
26	0.13000	-1.28772	-15.51633	0.85665	0.20183	0.00203	-0.91422	0.21680	0.99987	0.01596	-0.00004	-0.01596	0.99987	0.00352	0.00009	-0.00352	0.99999		1.79860	4.66581	0.61073	-0.03864	-0.13460	3.96728	2.20939	0.99760	-0.06919	0.00235	0.06919	0.99760	-0.00067	-0.00230	0.00084	1.00000	
27	0.13500	-1.28962	-15.55760	0.86600	0.18971	0.00158	-0.91326	0.22895	0.99987	0.01594	-0.00003	-0.01594	0.99987	0.00331	0.00008	-0.00331	0.99999		1.81503	4.61502	0.60341	-0.07738	-0.12619	3.96335	2.19407	0.99761	-0.06912	0.00220	0.06912	0.99761	-0.00135	-0.00210	0.00150	1.00000	
28	0.14000	-1.30912	-15.60234	0.87497	0.18117	0.00426	-0.91393	0.21400	0.99987	0.01595	-0.00007	-0.01595	0.99987	0.00316	0.00012	-0.00316	0.99999		1.78890	4.58412	0.59527	-0.11288	-0.11034	3.96294	2.16416	0.99761	-0.06911	0.00193	0.06911	0.99761	-0.00197	-0.00179	0.00210	1.00000	
29	0.14500	-1.32093	-15.64645	0.86624	0.17280	0.00921	-0.91500	0.22386	0.99987	0.01597	-0.00016	-0.01597	0.99987	0.00302	0.00021	-0.00301	1.00000		1.80744	4.52475	0.60112	-0.14864	-0.09748	3.96428	2.13076	0.99761	-0.06913	0.00170	0.06914	0.99760	-0.00259	-0.00152	0.00271	1.00000	
30	0.15000	-1.30365	-15.65896	0.85766	0.16805	0.01395	-0.91644	0.20693	0.99987	0.01599	-0.00024	-0.01599	0.99987	0.00293	0.00029	-0.00293	1.00000		1.81079	4.48592	0.59319	-0.18559	-0.08704	3.95989	2.08237	0.99761	-0.06906	0.00152	0.06906	0.99761	-0.00324	-0.00129	0.00334	0.99999	
31	0.15500	-1.30725	-15.69561	0.87520	0.15810	0.01120	-0.91761	0.22767	0.99987	0.01601	-0.00020	-0.01601	0.99987	0.00276	0.00024	-0.00276	1.00000		1.79279	4.43408	0.58320	-0.22024	-0.07468	3.96291	2.04891	0.99761	-0.06911	0.00130	0.06912	0.99760	-0.00384	-0.00103	0.00392	0.99999	
32	0.16000	-1.30471	-15.70195	0.86798	0.15214	0.01387	-0.92082	0.22507	0.99987	0.01607	-0.00024	-0.01607	0.99987	0.00266	0.00028	-0.00265	1.00000		1.81916	4.40505	0.57886	-0.25293	-0.06632	3.95922	2.02113	0.99761	-0.06905	0.00116	0.06905	0.99760	-0.00441	-0.00085	0.00448	0.99999	
33	0.16500	-1.33544	-15.71979	0.88313	0.14675	0.01863	-0.91862	0.23484	0.99987	0.01603	-0.00033	-0.01603	0.99987	0.00256	0.00037	-0.00256	1.00000		1.76784	4.36767	0.56036	-0.28646	-0.05003	3.96096	1.98486	0.99761	-0.06908	0.00087	0.06908	0.99760	-0.00500	-0.00053	0.00505	0.99999	
34	0.17000	-1.34172	-15.75734	0.87583	0.13498	0.01884	-0.91556	0.23020	0.99987	0.01598	-0.00033	-0.01598	0.99987	0.00236	0.00037	-0.00235	1.00000		1.83217	4.35224	0.56182	-0.32117	-0.04285	3.94909	1.95977	0.99763	-0.06887	0.00075	0.06887	0.99761	-0.00561	-0.00036	0.00564	0.99998	
35	0.17500	-1.33757	-15.75739	0.88779	0.12804	0.01896	-0.91160	0.23104	0.99987	0.01591	-0.00033	-0.01591	0.99987	0.00223	0.00037	-0.00223	1.00000		1.82708	4.35462	0.54967	-0.34891	-0.03223	3.94531	1.94369	0.99763	-0.06880	0.00056	0.06881	0.99761	-0.00609	-0.00014	0.00611	0.99998	
36	0.18000	-1.31603	-15.77079	0.88470	0.12144	0.01959	-0.91369	0.23920	0.99987	0.01595	-0.00034	-0.01595	0.99987	0.00212	0.00038	-0.00211	1.00000		1.82850	4.32116	0.55036	-0.38213	-0.02512	3.93817	1.92634	0.99764	-0.06868	0.00044	0.06868	0.99762	-0.00667	0.00002	0.00668	0.99998	
37	0.18500	-1.33362	-15.77212	0.91015	0.11731	0.02428	-0.91541	0.23114	0.99987	0.01598	-0.00042	-0.01598	0.99987	0.00205	0.00046	-0.00204	1.00000		1.86295	4.32440	0.55431	-0.40830	-0.01936	3.93652	1.89369	0.99764	-0.06865	0.00034	0.06865	0.99762	-0.00713	0.00015	0.00713	0.99997	
38	0.19000	-1.30689	-15.77366	0.89055	0.11238	0.02236	-0.91539	0.23515	0.99987	0.01598	-0.00039	-0.01598	0.99987	0.00196	0.00042	-0.00195	1.00000		1.85069	4.32046	0.56711	-0.43452	-0.00938	3.93578	1.87309	0.99764	-0.06864	0.00016	0.06864	0.99761	-0.00758	0.00036	0.00758	0.99997	
39	0.19500	-1.32979	-15.76429	0.89827	0.10646	0.02539	-0.91495	0.22589	0.99987	0.01597	-0.00044	-0.01597	0.99987	0.00186	0.00047	-0.00185	1.00000		1.84393	4.32822	0.55832	-0.45906	-0.00378	3.93176	1.86125	0.99765	-0.06857	0.00007	0.06857	0.99761	-0.00801	0.00048	0.00800	0.99997	
40	0.20000	-1.33853	-15.77988	0.90103	0.09647	0.02484	-0.91147	0.23452	0.99987	0.01591	-0.00043	-0.01591	0.99987	0.00168	0.00046	-0.00168	1.00000		1.85443	4.32752	0.55882	-0.48375	0.00073	3.93064	1.84921	0.99765	-0.06855	-0.00001	0.06855	0.99761	-0.00844	0.00059	0.00842	0.99996	
41	0.20500	-1.32409	-15.77093	0.90496	0.09138	0.02620	-0.90874	0.22883	0.99987	0.01586	-0.00046	-0.01586	0.99987	0.00159	0.00048	-0.00159	1.00000		1.86618	4.32940	0.54370	-0.50569	0.00616	3.92929	1.81364	0.99765	-0.06853	-0.00011	0.06852	0.99761	-0.00883	0.00071	0.00880	0.99996	
42	0.21000	-1.31021	-15.72886	0.89666	0.08952	0.02659	-0.91190	0.21878	0.99987	0.01592	-0.00046	-0.01591	0.99987	0.00156	0.00049	-0.00155	1.00000		1.88234	4.36647	0.55697	-0.52262	0.00976	3.92679	1.78615	0.99765	-0.06848	-0.00017	0.06848	0.99761	-0.00912	0.00079	0.00909	0.99996	
43	0.21500	-1.34011	-15.72593	0.90387	0.08394	0.03049	-0.91024	0.21609	0.99987	0.01589	-0.00053	-0.01589	0.99987	0.00147	0.00056	-0.00146	1.00000		1.88528	4.39563	0.55354	-0.53882	0.01357	3.92329	1.77111	0.99766	-0.06842	-0.00024	0.06842	0.99761	-0.00940	0.00088	0.00937	0.99996	
44	0.22000	-1.32928	-15.70706	0.90642	0.07585	0.02687	-0.90914	0.21949	0.99987	0.01587	-0.00047	-0.01587	0.99987	0.00132	0.00049	-0.00132	1.00000		1.88390	4.40626	0.55569	-0.55862	0.01960	3.92245	1.73046	0.99766	-0.06841	-0.00034	0.06840	0.99761	-0.00975	0.00101	0.00970	0.99995	
45	0.22500	-1.30250	-15.67298	0.89364	0.07627	0.02776	-0.91197	0.20959	0.99987	0.01592	-0.00048	-0.01592	0.99987	0.00133	0.00051	-0.00132	1.00000		1.84889	4.45209	0.55101	-0.57073	0.02635	3.92074	1.70799	0.99766	-0.06838	-0.00046	0.06837	0.99761	-0.00996	0.00114	0.00991	0.99995	
46	0.23000	-1.30411	-15.67739	0.90400	0.06389	0.02629	-0.90408	0.20711	0.99988	0.01578	-0.00046	-0.01578	0.99987	0.00112	0.00048	-0.00111	1.00000		1.86723	4.48551	0.55170	-0.58300	0.02389	3.91693	1.69980	0.99766	-0.06831	-0.00042	0.06830	0.99761	-0.01018	0.00111	0.01012	0.99995	
47	0.23500	-1.28273	-15.62154	0.88767	0.06433	0.02041	-0.90361	0.23086	0.99988	0.01577	-0.00036	-0.01577	0.99988	0.00112	0.00037	-0.00112	1.00000		1.84669	4.53940	0.54779	-0.59187	0.02816	3.91658	1.67774	0.99766	-0.06830	-0.00049	0.06830	0.99761	-0.01033	0.00120	0.01027	0.99995	
48	0.24000	-1.29395	-15.59552	0.89897	0.06164	0.02306	-0.90721	0.20364	0.99987	0.01583	-0.00040	-0.01583	0.99987	0.00108	0.00042	-0.00107	1.00000		1.87038	4.60179	0.57300	-0.59816	0.02679	3.91515	1.65936	0.99767	-0.06828	-0.00047	0.06827	0.99761	-0.01044	0.00118	0.01038	0.99995	
49	0.24500	-1.28874	-15.55222	0.90513	0.05666	0.02343	-0.90918	0.21720	0.99987	0.01587	-0.00041	-0.01587	0.99987	0.00099	0.00042	-0.00098	1.00000		1.83069	4.64218	0.56154	-0.60684	0.03015	3.91164	1.62816	0.99767	-0.06822	-0.00053	0.06821	0.99761	-0.01059	0.00125	0.01053	0.99994	
50	0.25000	-1.28798	-15.52094	0.89313	0.05266	0.01913	-0.91140	0.20355	0.99987	0.01591	-0.00033	-0.01591	0.99987	0.00092	0.00035	-0.00091	1.00000		1.85624	4.68910	0.55255	-0.61284	0.03130	3.90830	1.63927	0.99767	-0.06816	-0.00055	0.06815	0.99762	-0.01070	0.00127	0.01063	0.99994	
51	0.25500	-1.28910	-15.47258	0.88551	0.05003	0.01702	-0.90639	0.23185	0.99987	0.01582	-0.00030	-0.01582	0.99987	0.00087	0.00031	-0.00087	1.00000		1.83071	4.76411	0.57631	-0.61283	0.02774	3.90818	1.62588	0.99767	-0.06816	-0.00048	0.06815	0.99762	-0.01070	0.00121	0.01064	0.99994	
52	0.26000	-1.28532	-15.42208	0.89621	0.04638	0.01764	-0.90803	0.21712	0.99987	0.01585	-0.00031	-0.01585	0.99987	0.00081	0.00032	-0.00080	1.00000		1.84191	4.81567	0.56078	-0.61645	0.02759	3.90699	1.59362	0.99768	-0.06814	-0.00048	0.06813	0.99762	-0.01076	0.00121	0.01070	0.99994	
53	0.26500	-1.28321	-15.38984	0.88507	0.04203	0.01061	-0.90094	0.22776	0.99988	0.01572	-0.00019	-0.01572	0.99988	0.00073	0.00020	-0.00073	1.00000		1.82563	4.88404	0.56728	-0.61548	0.02348	3.90393	1.57091	0.99768	-0.06808	-0.00041	0.06808	0.99762	-0.01074	0.00114	0.01069	0.99994	
54	0.27000	-1.22878	-15.36633	0.89997	0.02865	0.00067	-0.90530	0.23349	0.99988	0.01580	-0.00001	-0.01580	0.99988	0.00050	0.00002	-0.00050	1.00000		1.81847	4.99153	0.56566	-0.61027	0.02385	3.89998	1.58159	0.99768	-0.06801	-0.00042	0.06801	0.99763	-0.01065	0.00114	0.01060	0.99994	
55	0.27500	-1.22664	-15.30172	0.88385	0.02883	-0.00063	-0.90454	0.22890	0.99988	0.01579	0.00001	-0.01579	0.99988	0.00050	-0.00000	-0.00050	1.00000		1.80920	5.05094	0.56471	-0.60778	0.02028	3.90270	1.55766	0.99768	-0.06806	-0.00035	0.06805	0.99763	-0.01061	0.00108	0.01056	0.99994	
56	0.28000	-1.23242	-15.26058	0.89324	0.02423	-0.00192	-0.89873	0.21390	0.99988	0.01569	0.00003	-0.01569	0.99988	0.00042	-0.00003	-0.00042	1.00000		1.80595	5.13175	0.57990	-0.60059	0.01561	3.90097	1.55633	0.99768	-0.06803	-0.00027	0.06803	0.99763	-0.01048	0.00098	0.01044	0.99994	
57	0.28500	-1.21361	-15.20684	0.89265	0.02080	-0.00578	-0.90044	0.21007	0.99988	0.01572	0.00010	-0.01572	0.99988	0.00036	-0.00010	-0.00036	1.00000		1.81898	5.23087	0.59185	-0.59093	0.01007	3.89891	1.54351	0.99769	-0.06800	-0.00018	0.06799	0.99763	-0.01031	0.00088	0.01028	0.99995	
58	0.29000	-1.20522	-15.13620	0.89296	0.01884	-0.01340	-0.89472	0.20046	0.99988	0.01562	0.00023	-0.01562	0.99988	0.00033	-0.00023	-0.00033	1.00000		1.79306	5.31761	0.61136	-0.58082	0.00737	3.89646	1.55434	0.99769	-0.06795	-0.00013	0.06795	0.99764	-0.01014	0.00082	0.01010	0.99995	
59	0.29500	-1.25384	-15.04114	0.85794	0.02440	-0.01134	-0.89711	0.21356	0.99988	0.01566	0.00020	-0.01566	0.99988	0.00043	-0.00019	-0.00043	1.00000		1.78059	5.40123	0.60098	-0.56914	0.00217	3.89739	1.52965	0.99769	-0.06797	-0.00004	0.06797	0.99764	-0.00993	0.00071	0.00991	0.99995	
60	0.30000	-1.20056	-15.02998	0.87732	0.01088	-0.02182	-0.89273	0.20164	0.99988	0.01558	0.00038	-0.01558	0.99988	0.00019	-0.00038	-0.00020	1.00000		1.77812	5.51453	0.60695	-0.55479	-0.00245	3.89726	1.52831	0.99769	-0.06797	0.00004	0.06796	0.99764	-0.00968	0.00062	0.00966	0.99995	
61	0.30500	-1.19498	-14.93515	0.87685	0.01149	-0.02628	-0.88899	0.21235	0.99988	0.01552	0.00046	-0.01552	0.99988	0.00020	-0.00046	-0.00021	1.00000		1.75356	5.61506	0.61598	-0.53983	-0.00716	3.89635	1.53433	0.99769	-0.06795	0.00012	0.06795	0.99764	-0.00942	0.00052	0.00941	0.99996	
62	0.31000	-1.20709	-14.86242	0.86289	0.01285	-0.02787	-0.89558	0.21506	0.99988	0.01563	0.00049	-0.01563	0.99988	0.00022	-0.00048	-0.00023	1.00000		1.73852	5.71746	0.63572	-0.52169	-0.01197	3.89947	1.51068	0.99768	-0.06801	0.00021	0.06801	0.99764	-0.00911	0.00041	0.00910	0.99996	
63	0.31500	-1.17988	-14.81431	0.85508	0.00437	-0.03800	-0.88912	0.21435	0.99988	0.01552	0.00066	-0.01552	0.99988	0.00008	-0.00066	-0.00009	1.00000		1.72721	5.79435	0.62966	-0.50910	-0.01609	3.89812	1.50936	0.99769	-0.06798	0.00028	0.06798	0.99765	-0.00889	0.00032	0.00888	0.99996	
64	0.32000	-1.17467	-14.71983	0.84576	0.00641	-0.04365	-0.88475	0.20414	0.99988	0.01544	0.00076	-0.01544	0.99988	0.00011	-0.00076	-0.00012	1.00000		1.72262	5.94697	0.63459	-0.48514	-0.02361	3.89747	1.51585	0.99769	-0.06797	0.00041	0.06797	0.99765	-0.00847	0.00016	0.00848	0.99996	
65	0.32500	-1.13357	-14.65225	0.83710	0.00408	-0.05117	-0.88493	0.22060	0.99988	0.01544	0.00089	-0.01544	0.99988	0.00007	-0.00089	-0.00009	1.00000		1.69712	6.02285	0.64486	-0.46848	-0.02732	3.90139	1.48999	0.99768	-0.06804	0.00048	0.06804	0.99765	-0.00818	0.00008	0.00819	0.99997	
66	0.33000	-1.18824	-14.57027	0.81876	0.00434	-0.05321	-0.89074	0.19962	0.99988	0.01555	0.00093	-0.01555	0.99988	0.00008	-0.00093	-0.00009	1.00000		1.65888	6.12278	0.65119	-0.44806	-0.03062	3.89687	1.51255	0.99769	-0.06796	0.00053	0.06796	0.99766	-0.00782	-0.00000	0.00784	0.99997	
67	0.33500	-1.12086	-14.49490	0.81592	0.00033	-0.06681	-0.88465	0.20001	0.99988	0.01544	0.00117	-0.01544	0.99988	0.00001	-0.00117	-0.00002	1.00000		1.65092	6.25440	0.67373	-0.42322	-0.03828	3.89453	1.53857	0.99769	-0.06792	0.00067	0.06792	0.99766	-0.00739	-0.00016	0.00741	0.99997	
68	0.34000	-1.14041	-14.42324	0.80354	-0.00108	-0.07373	-0.88526	0.20373	0.99988	0.01545	0.00129	-0.01545	0.99988	-0.00002	-0.00129	-0.00000	1.00000		1.61538	6.35335	0.66346	-0.40056	-0.04201	3.89784	1.52531	0.99769	-0.06798	0.00073	0.06798	0.99766	-0.00699	-0.00026	0.00702	0.99998	
69	0.34500	-1.15146	-14.33367	0.78986	-0.00207	-0.07567	-0.88257	0.18763	0.99988	0.01540	0.00132	-0.01540	0.99988	-0.00004	-0.00132	0.00002	1.00000		1.61714	6.47735	0.67238	-0.37418	-0.04997	3.89934	1.52203	0.99768	-0.06800	0.00087	0.06801	0.99766	-0.00653	-0.00043	0.00657	0.99998	
70	0.35000	-1.12794	-14.26431	0.78413	-0.00464	-0.08365	-0.87915	0.19459	0.99988	0.01534	0.00146	-0.01534	0.99988	-0.00008	-0.00146	0.00006	1.00000		1.59087	6.60805	0.68506	-0.34542	-0.05669	3.90139	1.50313	0.99768	-0.06804	0.00099	0.06804	0.99766	-0.00603	-0.00058	0.00608	0.99998	
71	0.35500	-1.13280	-14.18320	0.77392	-0.00633	-0.09392	-0.87912	0.19128	0.99988	0.01534	0.00164	-0.01534	0.99988	-0.00011	-0.00164	0.00009	1.00000		1.58061	6.72495	0.69384	-0.31974	-0.06108	3.90197	1.52202	0.99768	-0.06805	0.00107	0.06805	0.99767	-0.00558	-0.00068	0.00564	0.99998	
72	0.36000	-1.18777	-14.11384	0.77233	-0.00980	-0.09514	-0.87683	0.18168	0.99988	0.01530	0.00166	-0.01530	0.99988	-0.00017	-0.00166	0.00015	1.00000		1.55063	6.84921	0.70382	-0.29197	-0.06714	3.90488	1.52334	0.99768	-0.06810	0.00117	0.06811	0.99767	-0.00510	-0.00082	0.00516	0.99999	
73	0.36500	-1.17593	-14.01294	0.76943	-0.00708	-0.10096	-0.87772	0.17434	0.99988	0.01532	0.00176	-0.01532	0.99988	-0.00012	-0.00176	0.00010	1.00000		1.54744	6.96556	0.71504	-0.26383	-0.07676	3.90014	1.54541	0.99768	-0.06802	0.00134	0.06802	0.99767	-0.00460	-0.00102	0.00469	0.99999	
74	0.37000	-1.17251	-13.93500	0.74310	-0.00974	-0.10536	-0.87845	0.18296	0.99988	0.01533	0.00184	-0.01533	0.99988	-0.00017	-0.00184	0.00014	1.00000		1.54515	7.10071	0.72117	-0.23284	-0.08100	3.89927	1.55099	0.99768	-0.06800	0.00141	0.06801	0.99768	-0.00406	-0.00113	0.00415	0.99999	
75	0.37500	-1.17708	-13.86926	0.72838	-0.01596	-0.11618	-0.87341	0.18581	0.99988	0.01524	0.00203	-0.01524	0.99988	-0.00028	-0.00203	0.00025	1.00000		1.49334	7.21439	0.74160	-0.20480	-0.08557	3.90229	1.53291	0.99768	-0.06806	0.00149	0.06806	0.99767	-0.00357	-0.00125	0.00367	0.99999	
76	0.38000	-1.20191	-13.77658	0.71575	-0.01357	-0.11929	-0.87372	0.17771	0.99988	0.01525	0.00208	-0.01525	0.99988	-0.00024	-0.00209	0.00021	1.00000		1.48946	7.33455	0.74038	-0.17504	-0.09117	3.90609	1.54891	0.99768	-0.06812	0.00159	0.06813	0.99767	-0.00306	-0.00138	0.00316	0.99999	
77	0.38500	-1.20987	-13.68140	0.69709	-0.01606	-0.13089	-0.86989	0.19543	0.99988	0.01518	0.00228	-0.01518	0.99988	-0.00028	-0.00229	0.00025	1.00000		1.43843	7.45082	0.74104	-0.14653	-0.08899	3.90967	1.54875	0.99767	-0.06818	0.00155	0.06819	0.99767	-0.00256	-0.00138	0.00266	1.00000	
78	0.39000	-1.22236	-13.61242	0.67183	-0.01581	-0.13506	-0.86966	0.19352	0.99988	0.01518	0.00236	-0.01518	0.99988	-0.00028	-0.00236	0.00024	1.00000		1.45880	7.55426	0.76222	-0.11996	-0.09910	3.90790	1.56190	0.99767	-0.06815	0.00173	0.06816	0.99767	-0.00209	-0.00158	0.00221	1.00000	
79	0.39500	-1.21426	-13.52687	0.66480	-0.01859	-0.14692	-0.86722	0.19342	0.99988	0.01514	0.00256	-0.01513	0.99989	-0.00032	-0.00257	0.00029	1.00000		1.41685	7.64847	0.77471	-0.09376	-0.09910	3.90883	1.56658	0.99767	-0.06817	0.00173	0.06817	0.99767	-0.00164	-0.00161	0.00175	1.00000	
80	0.40000	-1.22094	-13.44278	0.63823	-0.02105	-0.14989	-0.86325	0.19445	0.99988	0.01507	0.00262	-0.01507	0.99989	-0.00037	-0.00262	0.00033	1.00000		1.40518	7.76992	0.76725	-0.06240	-0.10363	3.91226	1.56351	0.99767	-0.06823	0.00181	0.06823	0.99767	-0.00109	-0.00173	0.00121	1.00000	
81	0.40500	-1.22127	-13.35846	0.60599	-0.02292	-0.16300	-0.86364	0.22305	0.99988	0.01507	0.00284	-0.01507	0.99989	-0.00040	-0.00285	0.00036	1.00000		1.35718	7.89765	0.76421	-0.03094	-0.10561	3.91010	1.59454	0.99767	-0.06819	0.00184	0.06819	0.99767	-0.00054	-0.00180	0.00066	1.00000	
82	0.41000	-1.23469	-13.30477	0.59167	-0.02841	-0.16640	-0.86179	0.22069	0.99988	0.01504	0.00290	-0.01504	0.99989	-0.00050	-0.00291	0.00045	1.00000		1.31619	8.02016	0.78113	0.00152	-0.10533	3.91137	1.62434	0.99767	-0.06821	0.00184	0.06821	0.99767	0.00003	-0.00184	0.00010	1.00000	
83	0.41500	-1.26000	-13.21149	0.58570	-0.02908	-0.17009	-0.85797	0.22534	0.99988	0.01497	0.00297	-0.01497	0.99989	-0.00051	-0.00298	0.00046	1.00000		1.32678	8.14716	0.77695	0.03290	-0.10863	3.91166	1.61854	0.99767	-0.06822	0.00190	0.06822	0.99767	0.00057	-0.00193	-0.00044	1.00000	
84	0.42000	-1.27500	-13.13161	0.55009	-0.02933	-0.17940	-0.85868	0.20331	0.99988	0.01499	0.00313	-0.01498	0.99989	-0.00051	-0.00314	0.00046	0.99999		1.29864	8.26125	0.80553	0.06194	-0.10877	3.91387	1.62419	0.99767	-0.06826	0.00190	0.06825	0.99767	0.00108	-0.00197	-0.00095	1.00000	
85	0.42500	-1.30418	-13.05561	0.53314	-0.03308	-0.18155	-0.85795	0.21830	0.99988	0.01497	0.00317	-0.01497	0.99989	-0.00058	-0.00318	0.00053	0.99999		1.26049	8.36707	0.78288	0.09109	-0.11095	3.91625	1.62015	0.99766	-0.06830	0.00194	0.06830	0.99766	0.00159	-0.00204	-0.00145	1.00000	
86	0.43000	-1.29608	-12.99495	0.51988	-0.03526	-0.19030	-0.85448	0.23632	0.99988	0.01491	0.00332	-0.01491	0.99989	-0.00062	-0.00333	0.00057	0.99999		1.23324	8.46678	0.78971	0.11926	-0.11144	3.91856	1.63945	0.99766	-0.06834	0.00194	0.06833	0.99766	0.00208	-0.00208	-0.00194	1.00000	
87	0.43500	-1.32207	-12.89160	0.49153	-0.03269	-0.19260	-0.85240	0.23821	0.99988	0.01488	0.00336	-0.01487	0.99989	-0.00057	-0.00337	0.00052	0.99999		1.22234	8.56526	0.79565	0.14498	-0.10945	3.91969	1.65838	0.99766	-0.06836	0.00191	0.06835	0.99766	0.00253	-0.00208	-0.00239	0.99999	
88	0.44000	-1.30992	-12.82724	0.46339	-0.03406	-0.20227	-0.84891	0.25739	0.99988	0.01482	0.00353	-0.01481	0.99989	-0.00059	-0.00354	0.00054	0.99999		1.18647	8.65552	0.79690	0.17143	-0.10537	3.92128	1.67530	0.99766	-0.06839	0.00184	0.06838	0.99765	0.00299	-0.00204	-0.00286	0.99999	
89	0.44500	-1.30463	-12.76650	0.42663	-0.03870	-0.20755	-0.84822	0.25810	0.99988	0.01480	0.00362	-0.01480	0.99989	-0.00068	-0.00363	0.00062	0.99999		1.18033	8.73871	0.79879	0.19686	-0.10303	3.92213	1.68204	0.99766	-0.06840	0.00180	0.06839	0.99765	0.00344	-0.00203	-0.00330	0.99999	
90	0.45000	-1.34422	-12.69755	0.41338	-0.03895	-0.21237	-0.85335	0.23821	0.99988	0.01489	0.00371	-0.01489	0.99989	-0.00068	-0.00372	0.00062	0.99999		1.15903	8.84984	0.80425	0.22380	-0.10418	3.92243	1.70710	0.99766	-0.06841	0.00182	0.06840	0.99765	0.00391	-0.00208	-0.00377	0.99999	
91	0.45500	-1.34721	-12.63445	0.37651	-0.04004	-0.21394	-0.85119	0.23355	0.99988	0.01486	0.00373	-0.01485	0.99989	-0.00070	-0.00374	0.00064	0.99999		1.13069	8.93517	0.80294	0.24959	-0.09807	3.92493	1.69899	0.99765	-0.06845	0.00171	0.06844	0.99765	0.00436	-0.00201	-0.00423	0.99999	
92	0.46000	-1.36212	-12.58661	0.36272	-0.04463	-0.21707	-0.84835	0.25025	0.99988	0.01481	0.00379	-0.01480	0.99989	-0.00078	-0.00380	0.00072	0.99999		1.13448	9.00959	0.81222	0.27152	-0.09874	3.92690	1.71439	0.99765	-0.06848	0.00172	0.06847	0.99764	0.00474	-0.00204	-0.00461	0.99999	
93	0.46500	-1.34174	-12.51228	0.33289	-0.04736	-0.22606	-0.84205	0.26383	0.99988	0.01470	0.00395	-0.01469	0.99989	-0.00083	-0.00396	0.00077	0.99999		1.10886	9.09855	0.81263	0.29389	-0.09426	3.92758	1.73148	0.99765	-0.06850	0.00165	0.06849	0.99764	0.00513	-0.00199	-0.00500	0.99999	
94	0.47000	-1.35991	-12.45766	0.30020	-0.04755	-0.22844	-0.84294	0.25873	0.99988	0.01471	0.00399	-0.01471	0.99989	-0.00083	-0.00400	0.00077	0.99999		1.05150	9.18754	0.80683	0.31884	-0.08836	3.92686	1.74708	0.99765	-0.06848	0.00154	0.06847	0.99764	0.00556	-0.00192	-0.00545	0.99998	
95	0.47500	-1.38512	-12.39386	0.27096	-0.04593	-0.22655	-0.84751	0.25005	0.99988	0.01479	0.00395	-0.01479	0.99989	-0.00080	-0.00397	0.00074	0.99999		1.07888	9.27936	0.80615	0.34164	-0.08752	3.92851	1.76076	0.99765	-0.06851	0.00153	0.06850	0.99763	0.00596	-0.00193	-0.00584	0.99998	
96	0.48000	-1.40869	-12.34376	0.24881	-0.05012	-0.22702	-0.84120	0.25879	0.99988	0.01468	0.00396	-0.01468	0.99989	-0.00087	-0.00397	0.00082	0.99999		1.05516	9.36353	0.81504	0.36426	-0.08168	3.93142	1.76772	0.99765	-0.06856	0.00143	0.06855	0.99763	0.00636	-0.00186	-0.00624	0.99998	
97	0.48500	-1.40834	-12.29778	0.21934	-0.04853	-0.23127	-0.84364	0.26144	0.99988	0.01472	0.00404	-0.01472	0.99989	-0.00085	-0.00405	0.00079	0.99999		1.00514	9.42100	0.78632	0.38030	-0.07523	3.93177	1.76650	0.99765	-0.06857	0.00131	0.06856	0.99763	0.00664	-0.00177	-0.00653	0.99998	
98	0.49000	-1.41541	-12.24385	0.19489	-0.04921	-0.23145	-0.84063	0.26279	0.99988	0.01467	0.00404	-0.01467	0.99989	-0.00086	-0.00405	0.00080	0.99999		0.98317	9.48003	0.78504	0.39789	-0.06816	3.93429	1.77802	0.99764	-0.06861	0.00119	0.06860	0.99762	0.00694	-0.00166	-0.00685	0.99998	
99	0.49500	-1.43803	-12.17516	0.15729	-0.04490	-0.23097	-0.84364	0.26838	0.99988	0.01472	0.00403	-0.01472	0.99989	-0.00078	-0.00404	0.00072	0.99999		0.95719	9.55496	0.78317	0.41401	-0.05821	3.93490	1.79324	0.99764	-0.06862	0.00102	0.06861	0.99762	0.00723	-0.00151	-0.00714	0.99997	
100	0.50000	-1.47848	-12.13318	0.14471	-0.04617	-0.22756	-0.83798	0.27526	0.99989	0.01462	0.00397	-0.01462	0.99989	-0.00081	-0.00398	0.00075	0.99999		0.94129	9.60797	0.77231	0.43059	-0.05573	3.93604	1.81445	0.99764	-0.06864	0.00097	0.06863	0.99761	0.00752	-0.00149	-0.00743	0.99997	
101	0.50500	-1.45314	-12.09193	0.10411	-0.04641	-0.23320	-0.83565	0.28677	0.99989	0.01458	0.00407	-0.01458	0.99989	-0.00081	-0.00408	0.00075	0.99999		0.95456	9.64608	0.76017	0.44107	-0.04945	3.93743	1.82145	0.99764	-0.06867	0.00086	0.06866	0.99761	0.00770	-0.00139	-0.00762	0.99997	
102	0.51000	-1.46555	-12.05808	0.06862	-0.04445	-0.22930	-0.83918	0.26806	0.99988	0.01465	0.00400	-0.01464	0.99989	-0.00078	-0.00401	0.00072	0.99999		0.94522	9.69597	0.75701	0.45479	-0.04282	3.93812	1.82237	0.99764	-0.06868	0.00075	0.06867	0.99761	0.00794	-0.00129	-0.00787	0.99997	
103	0.51500	-1.49641	-12.02760	0.04575	-0.04318	-0.22866	-0.83946	0.27088	0.99988	0.01465	0.00399	-0.01465	0.99989	-0.00075	-0.00400	0.00070	0.99999		0.85910	9.73283	0.75390	0.46312	-0.02824	3.93862	1.84192	0.99764	-0.06869	0.00049	0.06868	0.99761	0.00808	-0.00105	-0.00803	0.99997	
104	0.52000	-1.47434	-11.98254	0.00223	-0.04156	-0.23223	-0.83873	0.27548	0.99988	0.01464	0.00405	-0.01464	0.99989	-0.00073	-0.00406	0.00067	0.99999		0.89962	9.76117	0.75955	0.47040	-0.02319	3.93706	1.85963	0.99764	-0.06866	0.00040	0.06865	0.99761	0.00821	-0.00097	-0.00816	0.99997	
105	0.52500	-1.50736	-11.94425	-0.01549	-0.03834	-0.22320	-0.84156	0.27293	0.99988	0.01469	0.00390	-0.01468	0.99989	-0.00067	-0.00390	0.00061	0.99999		0.86923	9.77246	0.72938	0.47433	-0.01315	3.93807	1.85753	0.99764	-0.06868	0.00023	0.06867	0.99760	0.00828	-0.00080	-0.00824	0.99997	
106	0.53000	-1.48303	-11.91180	-0.05086	-0.03747	-0.22415	-0.84342	0.28154	0.99988	0.01472	0.00391	-0.01472	0.99989	-0.00065	-0.00392	0.00060	0.99999		0.83555	9.80157	0.72089	0.48168	-0.00212	3.94282	1.85775	0.99763	-0.06876	0.00004	0.06876	0.99760	0.00841	-0.00061	-0.00838	0.99996	
107	0.53500	-1.48841	-11.88767	-0.07112	-0.03620	-0.22220	-0.84315	0.28264	0.99988	0.01472	0.00388	-0.01471	0.99989	-0.00063	-0.00389	0.00057	0.99999		0.84116	9.82997	0.71710	0.48648	0.00418	3.94275	1.87733	0.99763	-0.06876	-0.00007	0.06876	0.99760	0.00849	-0.00051	-0.00848	0.99996	
108	0.54000	-1.53763	-11.84215	-0.11470	-0.02596	-0.20913	-0.84996	0.26009	0.99988	0.01483	0.00365	-0.01483	0.99989	-0.00045	-0.00366	0.00040	0.99999		0.81314	9.83486	0.70480	0.48715	0.01574	3.94469	1.86247	0.99763	-0.06879	-0.00027	0.06879	0.99759	0.00850	-0.00031	-0.00850	0.99996	
109	0.54500	-1.52813	-11.82080	-0.12697	-0.02354	-0.20224	-0.84699	0.26243	0.99988	0.01478	0.00353	-0.01478	0.99989	-0.00041	-0.00354	0.00036	0.99999		0.78505	9.83048	0.69097	0.48701	0.02540	3.94580	1.86332	0.99763	-0.06881	-0.00044	0.06881	0.99759	0.00850	-0.00014	-0.00851	0.99996	
110	0.55000	-1.60175	-11.77172	-0.17933	-0.01443	-0.19396	-0.84714	0.27064	0.99988	0.01478	0.00339	-0.01478	0.99989	-0.00025	-0.00339	0.00020	0.99999		0.77268	9.83782	0.67039	0.48446	0.03443	3.94099	1.88449	0.99764	-0.06873	-0.00060	0.06873	0.99760	0.00846	0.00002	-0.00848	0.99996	
111	0.55500	-1.58246	-11.77151	-0.20136	-0.01112	-0.19181	-0.84555	0.28306	0.99989	0.01476	0.00335	-0.01476	0.99989	-0.00019	-0.00335	0.00014	0.99999		0.76484	9.86037	0.65382	0.48697	0.04325	3.94459	1.88506	0.99763	-0.06879	-0.00075	0.06880	0.99759	0.00850	0.00017	-0.00853	0.99996	
112	0.56000	-1.59240	-11.75762	-0.21774	-0.00634	-0.18396	-0.85081	0.27844	0.99988	0.01485	0.00321	-0.01485	0.99989	-0.00011	-0.00321	0.00006	0.99999		0.77114	9.85507	0.65351	0.48155	0.04935	3.94450	1.87194	0.99763	-0.06879	-0.00086	0.06880	0.99760	0.00840	0.00028	-0.00844	0.99996	
113	0.56500	-1.58761	-11.77825	-0.22799	-0.00859	-0.18006	-0.84837	0.27537	0.99989	0.01481	0.00314	-0.01481	0.99989	-0.00015	-0.00314	0.00010	1.00000		0.76761	9.83865	0.62968	0.47610	0.06066	3.94889	1.87826	0.99763	-0.06887	-0.00106	0.06887	0.99759	0.00831	0.00048	-0.00836	0.99996	
114	0.57000	-1.56878	-11.77119	-0.25391	-0.00253	-0.17614	-0.84876	0.28113	0.99989	0.01481	0.00307	-0.01481	0.99989	-0.00004	-0.00307	-0.00000	1.00000		0.75703	9.82679	0.62141	0.47060	0.06907	3.94569	1.87116	0.99763	-0.06881	-0.00121	0.06882	0.99760	0.00821	0.00064	-0.00828	0.99997	
115	0.57500	-1.61948	-11.75400	-0.29214	0.00702	-0.16353	-0.85070	0.26652	0.99989	0.01485	0.00285	-0.01485	0.99989	0.00012	-0.00285	-0.00016	1.00000		0.74482	9.79421	0.60157	0.46083	0.07848	3.95054	1.86577	0.99762	-0.06890	-0.00137	0.06890	0.99759	0.00804	0.00081	-0.00812	0.99997	
116	0.58000	-1.62567	-11.74632	-0.32007	0.01341	-0.15637	-0.85969	0.27571	0.99988	0.01500	0.00273	-0.01500	0.99989	0.00023	-0.00273	-0.00027	1.00000		0.70930	9.77660	0.57653	0.45172	0.08960	3.94734	1.86528	0.99763	-0.06884	-0.00156	0.06885	0.99760	0.00788	0.00102	-0.00797	0.99997	
117	0.58500	-1.62817	-11.73419	-0.33255	0.02440	-0.14504	-0.86017	0.25630	0.99988	0.01501	0.00253	-0.01501	0.99989	0.00043	-0.00252	-0.00046	1.00000		0.70384	9.76409	0.56259	0.44177	0.09802	3.94633	1.87054	0.99763	-0.06882	-0.00171	0.06883	0.99760	0.00771	0.00118	-0.00781	0.99997	
118	0.59000	-1.64285	-11.74061	-0.36998	0.02838	-0.13646	-0.86128	0.25133	0.99988	0.01503	0.00238	-0.01503	0.99989	0.00050	-0.00237	-0.00053	1.00000		0.71858	9.71310	0.54171	0.42797	0.10413	3.94648	1.87191	0.99763	-0.06882	-0.00182	0.06884	0.99760	0.00747	0.00130	-0.00758	0.99997	
119	0.59500	-1.61103	-11.77491	-0.38155	0.03396	-0.13232	-0.86290	0.27820	0.99988	0.01506	0.00231	-0.01506	0.99989	0.00059	-0.00230	-0.00063	1.00000		0.69261	9.66820	0.51006	0.41468	0.11351	3.94548	1.87512	0.99763	-0.06881	-0.00198	0.06882	0.99760	0.00724	0.00148	-0.00736	0.99997	
120	0.60000	-1.63195	-11.78502	-0.39830	0.04069	-0.12377	-0.86324	0.25734	0.99988	0.01507	0.00216	-0.01507	0.99989	0.00071	-0.00215	-0.00074	1.00000		0.68672	9.63252	0.48546	0.39988	0.12330	3.94321	1.86499	0.99763	-0.06877	-0.00215	0.06878	0.99761	0.00698	0.00167	-0.00711	0.99997	
121	0.60500	-1.64611	-11.81080	-0.41082	0.04714	-0.11106	-0.86317	0.26117	0.99988	0.01506	0.00194	-0.01507	0.99989	0.00082	-0.00193	-0.00085	1.00000		0.71120	9.57802	0.46306	0.38299	0.12813	3.94664	1.83867	0.99763	-0.06883	-0.00224	0.06884	0.99761	0.00668	0.00177	-0.00682	0.99998	
122	0.61000	-1.63616	-11.84916	-0.41544	0.05226	-0.10530	-0.86464	0.25925	0.99988	0.01509	0.00184	-0.01509	0.99989	0.00091	-0.00182	-0.00094	1.00000		0.69723	9.53827	0.43351	0.36905	0.13579	3.94540	1.83364	0.99763	-0.06881	-0.00237	0.06882	0.99761	0.00644	0.00192	-0.00659	0.99998	
123	0.61500	-1.67596	-11.85027	-0.43272	0.06345	-0.09025	-0.87124	0.26489	0.99988	0.01521	0.00158	-0.01521	0.99988	0.00111	-0.00156	-0.00113	1.00000		0.68782	9.49088	0.41975	0.35095	0.14295	3.94447	1.81589	0.99763	-0.06879	-0.00249	0.06880	0.99761	0.00613	0.00207	-0.00628	0.99998	
124	0.62000	-1.67550	-11.88036	-0.45661	0.06930	-0.08265	-0.86677	0.26388	0.99988	0.01513	0.00144	-0.01513	0.99988	0.00121	-0.00142	-0.00123	1.00000		0.66983	9.43967	0.40164	0.33097	0.14875	3.94766	1.81682	0.99762	-0.06884	-0.00260	0.06886	0.99761	0.00578	0.00219	-0.00594	0.99998	
125	0.62500	-1.68400	-11.89675	-0.47606	0.08118	-0.07490	-0.87193	0.26498	0.99988	0.01522	0.00131	-0.01522	0.99988	0.00142	-0.00129	-0.00144	1.00000		0.65698	9.35899	0.38026	0.31003	0.15547	3.94458	1.79882	0.99763	-0.06879	-0.00271	0.06881	0.99762	0.00541	0.00233	-0.00558	0.99998	
126	0.63000	-1.69874	-11.94332	-0.47289	0.08811	-0.06177	-0.87538	0.26452	0.99988	0.01528	0.00108	-0.01528	0.99988	0.00154	-0.00105	-0.00155	1.00000		0.65395	9.31437	0.35876	0.29304	0.15975	3.94211	1.79245	0.99763	-0.06875	-0.00279	0.06876	0.99762	0.00511	0.00243	-0.00529	0.99998	
127	0.63500	-1.71728	-11.99080	-0.48608	0.09541	-0.05046	-0.87678	0.26959	0.99988	0.01530	0.00088	-0.01530	0.99988	0.00167	-0.00086	-0.00168	1.00000		0.65297	9.25433	0.35061	0.27292	0.16199	3.94148	1.77828	0.99763	-0.06874	-0.00283	0.06875	0.99762	0.00476	0.00249	-0.00495	0.99998	
128	0.64000	-1.71292	-12.02460	-0.49985	0.10685	-0.04262	-0.87982	0.26100	0.99988	0.01536	0.00074	-0.01536	0.99988	0.00186	-0.00072	-0.00188	1.00000		0.68236	9.17478	0.32733	0.25082	0.16413	3.94268	1.77702	0.99763	-0.06876	-0.00286	0.06877	0.99762	0.00438	0.00256	-0.00456	0.99999	
129	0.64500	-1.72137	-12.08178	-0.51142	0.11277	-0.03228	-0.88184	0.26617	0.99988	0.01539	0.00056	-0.01539	0.99988	0.00197	-0.00053	-0.00198	1.00000		0.67890	9.10879	0.31056	0.22900	0.16859	3.94284	1.75293	0.99763	-0.06876	-0.00294	0.06877	0.99762	0.00400	0.00266	-0.00419	0.99999	
130	0.65000	-1.75199	-12.12737	-0.52399	0.12197	-0.02017	-0.88484	0.25731	0.99988	0.01544	0.00035	-0.01544	0.99988	0.00213	-0.00032	-0.00213	1.00000		0.69772	9.05248	0.30604	0.20886	0.16939	3.94170	1.75599	0.99763	-0.06874	-0.00296	0.06875	0.99763	0.00365	0.00270	-0.00384	0.99999	
131	0.65500	-1.75235	-12.15225	-0.53389	0.13638	-0.00852	-0.88488	0.25810	0.99988	0.01544	0.00015	-0.01544	0.99988	0.00238	-0.00011	-0.00238	1.00000		0.71887	8.94884	0.27368	0.18156	0.17069	3.93990	1.73810	0.99763	-0.06871	-0.00298	0.06872	0.99763	0.00317	0.00275	-0.00337	0.99999	
132	0.66000	-1.80642	-12.20273	-0.55014	0.14417	0.00389	-0.88784	0.25930	0.99988	0.01550	-0.00007	-0.01549	0.99988	0.00252	0.00011	-0.00251	1.00000		0.70579	8.87169	0.26311	0.15828	0.17125	3.93755	1.71617	0.99764	-0.06867	-0.00299	0.06868	0.99764	0.00276	0.00279	-0.00296	0.99999	
133	0.66500	-1.78710	-12.24577	-0.55734	0.15619	0.00912	-0.89090	0.26746	0.99988	0.01555	-0.00016	-0.01555	0.99988	0.00273	0.00020	-0.00272	1.00000		0.72214	8.78342	0.25952	0.13513	0.17020	3.93666	1.71611	0.99764	-0.06865	-0.00297	0.06866	0.99764	0.00236	0.00280	-0.00256	0.99999	
134	0.67000	-1.82529	-12.29429	-0.55937	0.16761	0.02416	-0.89313	0.26260	0.99988	0.01559	-0.00042	-0.01559	0.99987	0.00293	0.00047	-0.00292	1.00000		0.70641	8.70791	0.23332	0.11208	0.17120	3.93435	1.69443	0.99764	-0.06861	-0.00299	0.06862	0.99764	0.00196	0.00285	-0.00216	0.99999	
135	0.67500	-1.81378	-12.33876	-0.56528	0.17824	0.03106	-0.88969	0.27352	0.99988	0.01553	-0.00054	-0.01553	0.99987	0.00311	0.00059	-0.00310	1.00000		0.73175	8.64035	0.20871	0.08889	0.16785	3.93539	1.69117	0.99764	-0.06863	-0.00293	0.06864	0.99764	0.00155	0.00282	-0.00175	0.99999	
136	0.68000	-1.80234	-12.39618	-0.56916	0.18821	0.03830	-0.89886	0.27282	0.99988	0.01569	-0.00067	-0.01569	0.99987	0.00328	0.00072	-0.00327	0.99999		0.72391	8.54754	0.19586	0.06605	0.17041	3.93244	1.69528	0.99764	-0.06858	-0.00297	0.06858	0.99764	0.00115	0.00289	-0.00135	0.99999	
137	0.68500	-1.79881	-12.42383	-0.59939	0.20582	0.05254	-0.91086	0.25027	0.99987	0.01590	-0.00092	-0.01589	0.99987	0.00359	0.00097	-0.00358	0.99999		0.75069	8.44858	0.18054	0.04204	0.16565	3.93169	1.67785	0.99764	-0.06857	-0.00289	0.06857	0.99765	0.00073	0.00283	-0.00093	1.00000	
138	0.69000	-1.83827	-12.48231	-0.61383	0.21725	0.06318	-0.91469	0.23542	0.99987	0.01596	-0.00110	-0.01596	0.99987	0.00379	0.00116	-0.00377	0.99999		0.72986	8.37701	0.15264	0.01875	0.16259	3.92858	1.65552	0.99765	-0.06851	-0.00284	0.06851	0.99765	0.00033	0.00281	-0.00052	1.00000	
139	0.69500	-1.83314	-12.53199	-0.62660	0.23469	0.07471	-0.92123	0.22356	0.99987	0.01608	-0.00130	-0.01607	0.99986	0.00410	0.00137	-0.00407	0.99999		0.75227	8.27740	0.11131	-0.00670	0.15875	3.92980	1.64099	0.99764	-0.06853	-0.00277	0.06853	0.99765	-0.00012	0.00277	-0.00007	1.00000	
140	0.70000	-1.87307	-12.58758	-0.62798	0.24425	0.08601	-0.92152	0.22326	0.99987	0.01608	-0.00150	-0.01608	0.99986	0.00426	0.00157	-0.00424	0.99999		0.79231	8.18700	0.09706	-0.02952	0.15387	3.93275	1.62369	0.99764	-0.06859	-0.00269	0.06858	0.99765	-0.00052	0.00271	0.00033	1.00000	
