NO_OF_FRAMES	2312
NO_OF_CAMERAS	8
NO_OF_BODIES	2
FREQUENCY	200
NO_OF_ANALOG	0
ANALOG_FREQUENCY	0
DESCRIPTION	--
TIME_STAMP	2013-07-05, 12:49:19	187773.38924325
DATA_INCLUDED	6D
BODY_NAMES	Ice 2 V2	Ice 3
Frame	Time	Ice 2 V2 X	Y	Z	Roll	Pitch	Yaw	Residual	Rot[0]	Rot[1]	Rot[2]	Rot[3]	Rot[4]	Rot[5]	Rot[6]	Rot[7]	Rot[8]	Ice 3 X	Y	Z	Roll	Pitch	Yaw	Residual	Rot[0]	Rot[1]	Rot[2]	Rot[3]	Rot[4]	Rot[5]	Rot[6]	Rot[7]	Rot[8]	
1	0.00500	0.79240	-15.11504	2.40541	0.49325	0.29451	-0.93687	0.27036	0.99985	0.01635	-0.00514	-0.01631	0.99983	0.00861	0.00528	-0.00852	0.99995		1.73144	5.08558	1.46682	-0.05204	-0.21084	4.63356	1.20260	0.99673	-0.08078	0.00368	0.08079	0.99673	-0.00091	-0.00359	0.00120	0.99999	
2	0.01000	0.86846	-15.16452	2.33240	0.49086	0.28822	-0.94138	0.27617	0.99985	0.01643	-0.00503	-0.01639	0.99983	0.00857	0.00517	-0.00848	0.99995		1.76480	5.01549	1.45559	-0.07215	-0.20847	4.63188	1.15589	0.99673	-0.08075	0.00364	0.08076	0.99673	-0.00126	-0.00352	0.00155	0.99999	
3	0.01500	0.82252	-15.17498	2.26395	0.48665	0.29684	-0.94784	0.27731	0.99985	0.01654	-0.00518	-0.01650	0.99983	0.00849	0.00532	-0.00841	0.99995		1.78587	4.99312	1.44490	-0.08759	-0.20970	4.62819	1.14329	0.99673	-0.08069	0.00366	0.08069	0.99674	-0.00153	-0.00352	0.00182	0.99999	
4	0.02000	0.78898	-15.22020	2.20688	0.47802	0.29555	-0.94411	0.27330	0.99985	0.01648	-0.00516	-0.01643	0.99983	0.00834	0.00529	-0.00826	0.99995		1.79976	4.98632	1.42385	-0.09931	-0.21092	4.62771	1.14518	0.99673	-0.08068	0.00368	0.08069	0.99674	-0.00173	-0.00353	0.00202	0.99999	
5	0.02500	0.76631	-15.23966	2.13199	0.47105	0.30106	-0.94033	0.24716	0.99985	0.01641	-0.00525	-0.01637	0.99983	0.00822	0.00539	-0.00813	0.99995		1.82161	4.97089	1.41470	-0.11291	-0.20726	4.62421	1.12807	0.99674	-0.08062	0.00362	0.08063	0.99674	-0.00197	-0.00345	0.00226	0.99999	
6	0.03000	0.75943	-15.27523	2.06946	0.46109	0.30082	-0.94649	0.28226	0.99985	0.01652	-0.00525	-0.01648	0.99983	0.00805	0.00538	-0.00796	0.99995		1.78088	4.97309	1.39622	-0.12695	-0.20231	4.62329	1.11937	0.99674	-0.08060	0.00353	0.08061	0.99674	-0.00222	-0.00334	0.00249	0.99999	
7	0.03500	0.73981	-15.29289	2.00031	0.45403	0.30452	-0.94338	0.26948	0.99985	0.01646	-0.00531	-0.01642	0.99983	0.00792	0.00544	-0.00784	0.99995		1.80870	4.96571	1.36023	-0.13956	-0.20099	4.62182	1.10208	0.99674	-0.08058	0.00351	0.08059	0.99674	-0.00244	-0.00330	0.00271	0.99999	
8	0.04000	0.71873	-15.31116	1.93477	0.44695	0.30748	-0.94396	0.26084	0.99985	0.01647	-0.00537	-0.01643	0.99983	0.00780	0.00549	-0.00771	0.99996		1.84280	4.98424	1.35139	-0.15001	-0.20167	4.62094	1.08704	0.99674	-0.08056	0.00352	0.08057	0.99675	-0.00262	-0.00330	0.00289	0.99999	
9	0.04500	0.71085	-15.32596	1.86649	0.43643	0.30473	-0.94320	0.26275	0.99985	0.01646	-0.00532	-0.01642	0.99984	0.00762	0.00544	-0.00753	0.99996		1.82614	5.00164	1.31874	-0.16186	-0.19875	4.62109	1.07918	0.99674	-0.08057	0.00347	0.08058	0.99674	-0.00282	-0.00323	0.00310	0.99999	
10	0.05000	0.67651	-15.33401	1.79012	0.43068	0.30843	-0.94492	0.27274	0.99985	0.01649	-0.00538	-0.01645	0.99984	0.00752	0.00551	-0.00743	0.99996		1.81344	4.99618	1.28857	-0.17538	-0.19438	4.61300	1.07640	0.99675	-0.08042	0.00339	0.08043	0.99676	-0.00306	-0.00314	0.00332	0.99999	
11	0.05500	0.65196	-15.33763	1.72883	0.42299	0.30937	-0.94566	0.26820	0.99985	0.01650	-0.00540	-0.01646	0.99984	0.00738	0.00552	-0.00729	0.99996		1.85495	5.02442	1.27749	-0.18375	-0.19604	4.61536	1.04590	0.99675	-0.08047	0.00342	0.08048	0.99675	-0.00321	-0.00315	0.00347	0.99999	
12	0.06000	0.65225	-15.35618	1.63509	0.41077	0.30457	-0.93982	0.26178	0.99985	0.01640	-0.00532	-0.01636	0.99984	0.00717	0.00543	-0.00708	0.99996		1.84947	5.03392	1.23881	-0.19519	-0.19054	4.61003	1.05325	0.99676	-0.08037	0.00333	0.08038	0.99676	-0.00341	-0.00304	0.00366	0.99999	
13	0.06500	0.64408	-15.35304	1.57406	0.40306	0.30421	-0.93679	0.27340	0.99985	0.01635	-0.00531	-0.01631	0.99984	0.00703	0.00542	-0.00695	0.99996		1.86577	5.05348	1.21554	-0.20506	-0.18787	4.61442	1.04082	0.99675	-0.08045	0.00328	0.08046	0.99675	-0.00358	-0.00298	0.00383	0.99999	
14	0.07000	0.62661	-15.35654	1.49983	0.39344	0.30866	-0.93604	0.26059	0.99985	0.01634	-0.00539	-0.01630	0.99984	0.00687	0.00550	-0.00678	0.99996		1.83789	5.10137	1.18347	-0.21281	-0.18333	4.60720	1.02354	0.99676	-0.08032	0.00320	0.08034	0.99676	-0.00371	-0.00289	0.00396	0.99999	
15	0.07500	0.63261	-15.35533	1.40388	0.38500	0.30309	-0.93844	0.25670	0.99985	0.01638	-0.00529	-0.01634	0.99984	0.00672	0.00540	-0.00663	0.99996		1.84307	5.13008	1.13940	-0.21962	-0.17883	4.61306	0.99211	0.99676	-0.08043	0.00312	0.08044	0.99675	-0.00383	-0.00280	0.00407	0.99999	
16	0.08000	0.60365	-15.36014	1.33856	0.37320	0.30211	-0.93899	0.25573	0.99985	0.01639	-0.00527	-0.01635	0.99985	0.00651	0.00538	-0.00643	0.99996		1.81978	5.17074	1.10214	-0.22754	-0.17336	4.60758	0.97652	0.99676	-0.08033	0.00303	0.08034	0.99676	-0.00397	-0.00270	0.00420	0.99999	
17	0.08500	0.57882	-15.34601	1.25590	0.36529	0.29886	-0.94116	0.26668	0.99985	0.01643	-0.00522	-0.01639	0.99985	0.00638	0.00532	-0.00629	0.99997		1.81814	5.23318	1.07025	-0.23286	-0.16751	4.60442	0.97500	0.99677	-0.08028	0.00292	0.08029	0.99676	-0.00406	-0.00259	0.00429	0.99999	
18	0.09000	0.57838	-15.33763	1.18475	0.35603	0.29620	-0.93785	0.26475	0.99985	0.01637	-0.00517	-0.01634	0.99985	0.00621	0.00527	-0.00613	0.99997		1.85607	5.26710	1.03477	-0.24012	-0.16363	4.60217	0.97809	0.99677	-0.08024	0.00286	0.08025	0.99677	-0.00419	-0.00251	0.00441	0.99999	
19	0.09500	0.58384	-15.31889	1.10631	0.34630	0.29509	-0.93561	0.25573	0.99985	0.01633	-0.00515	-0.01630	0.99985	0.00604	0.00525	-0.00596	0.99997		1.82379	5.34154	0.98900	-0.24489	-0.15550	4.60278	0.96184	0.99677	-0.08025	0.00271	0.08026	0.99676	-0.00427	-0.00236	0.00448	0.99999	
20	0.10000	0.55503	-15.31988	1.02605	0.33453	0.29296	-0.93503	0.24567	0.99985	0.01632	-0.00511	-0.01629	0.99985	0.00584	0.00521	-0.00575	0.99997		1.80110	5.39648	0.95372	-0.25050	-0.15104	4.60329	0.95261	0.99677	-0.08026	0.00264	0.08027	0.99676	-0.00437	-0.00228	0.00457	0.99999	
21	0.10500	0.53307	-15.29199	0.95611	0.33019	0.29398	-0.93797	0.26276	0.99985	0.01637	-0.00513	-0.01634	0.99985	0.00576	0.00522	-0.00568	0.99997		1.78291	5.46177	0.90845	-0.25418	-0.14274	4.59882	0.93815	0.99678	-0.08018	0.00249	0.08019	0.99677	-0.00444	-0.00213	0.00462	0.99999	
22	0.11000	0.50508	-15.27559	0.89897	0.31828	0.29235	-0.93821	0.25119	0.99985	0.01637	-0.00510	-0.01635	0.99985	0.00555	0.00519	-0.00547	0.99997		1.80431	5.53367	0.87075	-0.25894	-0.14017	4.59765	0.94057	0.99678	-0.08016	0.00245	0.08017	0.99677	-0.00452	-0.00208	0.00470	0.99999	
23	0.11500	0.48928	-15.26109	0.80098	0.30855	0.28964	-0.93426	0.26112	0.99985	0.01630	-0.00506	-0.01628	0.99985	0.00539	0.00514	-0.00530	0.99997		1.76661	5.60327	0.82881	-0.26069	-0.12990	4.59907	0.91503	0.99678	-0.08018	0.00227	0.08019	0.99677	-0.00455	-0.00189	0.00472	0.99999	
24	0.12000	0.66426	-15.51006	0.38515	0.23430	0.24642	-0.91926	0.25960	0.99986	0.01604	-0.00430	-0.01603	0.99986	0.00409	0.00437	-0.00402	0.99998		1.87417	5.56642	0.86875	-0.28313	-0.14383	4.59222	0.92553	0.99679	-0.08006	0.00251	0.08007	0.99678	-0.00494	-0.00211	0.00513	0.99998	
25	0.12500	0.63360	-15.46477	0.30172	0.23150	0.24593	-0.91983	0.24783	0.99986	0.01605	-0.00429	-0.01604	0.99986	0.00404	0.00436	-0.00397	0.99998		1.88507	5.63611	0.81931	-0.28671	-0.13970	4.59206	0.92035	0.99679	-0.08006	0.00244	0.08007	0.99678	-0.00500	-0.00203	0.00518	0.99998	
26	0.13000	0.64468	-15.44357	0.25514	0.22131	0.24579	-0.91767	0.25881	0.99986	0.01602	-0.00429	-0.01600	0.99986	0.00386	0.00435	-0.00379	0.99998		1.88220	5.72301	0.76665	-0.28651	-0.13145	4.59515	0.89822	0.99678	-0.08011	0.00229	0.08012	0.99677	-0.00500	-0.00189	0.00517	0.99998	
27	0.13500	0.67168	-15.41475	0.15824	0.21357	0.23033	-0.91852	0.24524	0.99986	0.01603	-0.00402	-0.01602	0.99986	0.00373	0.00408	-0.00366	0.99998		1.86443	5.81050	0.72776	-0.28949	-0.12587	4.59057	0.88458	0.99679	-0.08003	0.00220	0.08004	0.99678	-0.00505	-0.00179	0.00521	0.99998	
28	0.14000	0.67440	-15.38332	0.08581	0.20804	0.23205	-0.91764	0.23419	0.99986	0.01602	-0.00405	-0.01600	0.99987	0.00363	0.00411	-0.00357	0.99999		1.83896	5.88123	0.67620	-0.29270	-0.11424	4.58998	0.86809	0.99679	-0.08002	0.00199	0.08003	0.99678	-0.00511	-0.00158	0.00525	0.99998	
29	0.14500	0.67929	-15.35585	0.03187	0.20070	0.22729	-0.91673	0.24861	0.99986	0.01600	-0.00397	-0.01599	0.99987	0.00350	0.00402	-0.00344	0.99999		1.84883	5.97352	0.62472	-0.29255	-0.10958	4.58972	0.87146	0.99679	-0.08002	0.00191	0.08003	0.99678	-0.00511	-0.00150	0.00524	0.99999	
30	0.15000	0.65226	-15.31696	-0.03553	0.19465	0.23032	-0.90567	0.22602	0.99987	0.01581	-0.00402	-0.01579	0.99987	0.00340	0.00407	-0.00333	0.99999		1.78486	6.05226	0.57532	-0.29677	-0.09820	4.58568	0.86425	0.99680	-0.07995	0.00171	0.07996	0.99678	-0.00518	-0.00129	0.00530	0.99999	
31	0.15500	0.66043	-15.26715	-0.09893	0.19219	0.22649	-0.91253	0.23065	0.99987	0.01593	-0.00395	-0.01591	0.99987	0.00335	0.00401	-0.00329	0.99999		1.81668	6.14155	0.52282	-0.29615	-0.09246	4.58508	0.84970	0.99680	-0.07994	0.00161	0.07995	0.99679	-0.00517	-0.00120	0.00528	0.99999	
32	0.16000	0.67846	-15.22384	-0.16382	0.18658	0.22486	-0.90869	0.23212	0.99987	0.01586	-0.00392	-0.01585	0.99987	0.00326	0.00398	-0.00319	0.99999		1.77976	6.24594	0.47735	-0.29584	-0.08632	4.58687	0.83227	0.99680	-0.07997	0.00151	0.07998	0.99678	-0.00516	-0.00109	0.00527	0.99999	
33	0.16500	0.63688	-15.19039	-0.22672	0.18041	0.22704	-0.90412	0.22212	0.99987	0.01578	-0.00396	-0.01577	0.99987	0.00315	0.00401	-0.00309	0.99999		1.76465	6.35712	0.42061	-0.29287	-0.08084	4.58572	0.82109	0.99680	-0.07995	0.00141	0.07996	0.99679	-0.00511	-0.00100	0.00521	0.99999	
34	0.17000	0.63988	-15.14923	-0.28605	0.17433	0.22304	-0.90460	0.22385	0.99987	0.01579	-0.00389	-0.01578	0.99987	0.00304	0.00394	-0.00298	0.99999		1.77583	6.45892	0.36683	-0.29214	-0.07141	4.58374	0.80965	0.99680	-0.07992	0.00125	0.07992	0.99679	-0.00510	-0.00083	0.00518	0.99999	
35	0.17500	0.66736	-15.09718	-0.34939	0.17375	0.21646	-0.90115	0.22092	0.99987	0.01573	-0.00378	-0.01572	0.99987	0.00303	0.00383	-0.00297	0.99999		1.73005	6.55386	0.32090	-0.29171	-0.06281	4.58109	0.80685	0.99680	-0.07987	0.00110	0.07987	0.99679	-0.00509	-0.00069	0.00516	0.99999	
36	0.18000	0.66108	-15.08197	-0.41093	0.16621	0.21367	-0.90374	0.22915	0.99987	0.01577	-0.00373	-0.01576	0.99987	0.00290	0.00377	-0.00284	0.99999		1.71771	6.67359	0.25191	-0.28778	-0.05584	4.58281	0.77162	0.99680	-0.07990	0.00097	0.07990	0.99679	-0.00502	-0.00057	0.00508	0.99999	
37	0.18500	0.67229	-15.01068	-0.47519	0.16652	0.21530	-0.90539	0.23171	0.99987	0.01580	-0.00376	-0.01579	0.99987	0.00291	0.00380	-0.00285	0.99999		1.68108	6.78115	0.20119	-0.28744	-0.04678	4.58001	0.76467	0.99681	-0.07985	0.00082	0.07985	0.99679	-0.00502	-0.00041	0.00507	0.99999	
38	0.19000	0.64665	-14.96137	-0.51796	0.16252	0.21640	-0.89809	0.21603	0.99987	0.01567	-0.00378	-0.01566	0.99987	0.00284	0.00382	-0.00278	0.99999		1.66424	6.89232	0.15941	-0.28206	-0.03934	4.58033	0.76735	0.99681	-0.07986	0.00069	0.07986	0.99679	-0.00492	-0.00029	0.00496	0.99999	
39	0.19500	0.67402	-14.90469	-0.58128	0.16294	0.21614	-0.90132	0.21001	0.99987	0.01573	-0.00377	-0.01572	0.99987	0.00284	0.00382	-0.00278	0.99999		1.64076	6.99709	0.11395	-0.28098	-0.03086	4.58058	0.74019	0.99681	-0.07986	0.00054	0.07986	0.99679	-0.00490	-0.00015	0.00493	0.99999	
40	0.20000	0.63794	-14.86753	-0.62458	0.15916	0.21687	-0.90636	0.22373	0.99987	0.01582	-0.00379	-0.01581	0.99987	0.00278	0.00383	-0.00272	0.99999		1.62318	7.13599	0.06550	-0.27576	-0.02269	4.57915	0.73122	0.99681	-0.07984	0.00040	0.07984	0.99680	-0.00481	-0.00001	0.00483	0.99999	
41	0.20500	0.61766	-14.79570	-0.69909	0.16145	0.21488	-0.89869	0.20816	0.99987	0.01568	-0.00375	-0.01567	0.99987	0.00282	0.00379	-0.00276	0.99999		1.62461	7.23777	-0.00136	-0.27559	-0.01503	4.57285	0.74641	0.99682	-0.07973	0.00026	0.07973	0.99681	-0.00481	0.00012	0.00482	0.99999	
42	0.21000	0.65966	-14.76769	-0.70341	0.15224	0.21105	-0.89830	0.22224	0.99987	0.01568	-0.00368	-0.01567	0.99987	0.00266	0.00372	-0.00260	0.99999		1.58957	7.36301	-0.04327	-0.27070	-0.00411	4.57768	0.70235	0.99681	-0.07981	0.00007	0.07981	0.99680	-0.00472	0.00031	0.00472	0.99999	
43	0.21500	0.57780	-14.68096	-0.76098	0.15841	0.22090	-0.89933	0.21281	0.99987	0.01570	-0.00386	-0.01568	0.99987	0.00276	0.00390	-0.00270	0.99999		1.60304	7.50665	-0.08892	-0.26426	-0.00086	4.57690	0.69433	0.99681	-0.07980	0.00002	0.07980	0.99680	-0.00461	0.00035	0.00460	0.99999	
44	0.22000	0.60168	-14.63989	-0.82282	0.15640	0.21711	-0.89481	0.20490	0.99987	0.01562	-0.00379	-0.01561	0.99987	0.00273	0.00383	-0.00267	0.99999		1.54106	7.59050	-0.13789	-0.26504	0.01180	4.57483	0.69624	0.99681	-0.07976	-0.00021	0.07976	0.99680	-0.00463	0.00057	0.00459	0.99999	
45	0.22500	0.63808	-14.58418	-0.85550	0.15360	0.21866	-0.89475	0.20452	0.99987	0.01562	-0.00382	-0.01561	0.99987	0.00268	0.00386	-0.00262	0.99999		1.52366	7.69096	-0.19702	-0.26350	0.02115	4.57776	0.68982	0.99681	-0.07981	-0.00037	0.07981	0.99680	-0.00460	0.00074	0.00455	0.99999	
46	0.23000	0.62897	-14.49893	-0.90245	0.15911	0.21870	-0.90194	0.21313	0.99987	0.01574	-0.00382	-0.01573	0.99987	0.00278	0.00386	-0.00272	0.99999		1.52012	7.84559	-0.22968	-0.25636	0.02563	4.57546	0.68200	0.99681	-0.07977	-0.00045	0.07977	0.99680	-0.00447	0.00080	0.00442	0.99999	
47	0.23500	0.67282	-14.49274	-0.91952	0.14835	0.21257	-0.90009	0.22106	0.99987	0.01571	-0.00371	-0.01570	0.99987	0.00259	0.00375	-0.00253	0.99999		1.45695	7.93178	-0.28847	-0.25460	0.03869	4.57966	0.65084	0.99681	-0.07984	-0.00068	0.07984	0.99680	-0.00444	0.00103	0.00438	0.99999	
48	0.24000	0.70483	-14.43773	-0.95916	0.14489	0.20667	-0.89732	0.21787	0.99987	0.01566	-0.00361	-0.01565	0.99987	0.00253	0.00365	-0.00247	0.99999		1.45115	8.05030	-0.32668	-0.25006	0.04629	4.58106	0.64331	0.99681	-0.07987	-0.00081	0.07987	0.99680	-0.00436	0.00115	0.00429	0.99999	
49	0.24500	0.69474	-14.37787	-1.00527	0.14540	0.21027	-0.89718	0.22028	0.99987	0.01566	-0.00367	-0.01565	0.99987	0.00254	0.00371	-0.00248	0.99999		1.41638	8.18003	-0.35192	-0.24432	0.05525	4.57905	0.63901	0.99681	-0.07983	-0.00096	0.07983	0.99680	-0.00426	0.00130	0.00417	0.99999	
50	0.25000	0.74502	-14.32897	-1.02912	0.14269	0.20363	-0.89639	0.21810	0.99987	0.01564	-0.00355	-0.01564	0.99987	0.00249	0.00359	-0.00243	0.99999		1.42357	8.30020	-0.41776	-0.24010	0.06379	4.57416	0.65910	0.99681	-0.07975	-0.00111	0.07974	0.99681	-0.00419	0.00144	0.00409	0.99999	
51	0.25500	0.73064	-14.24774	-1.06894	0.14469	0.20601	-0.89721	0.23001	0.99987	0.01566	-0.00360	-0.01565	0.99987	0.00253	0.00363	-0.00247	0.99999		1.38355	8.44014	-0.46856	-0.23216	0.07397	4.57770	0.62560	0.99681	-0.07981	-0.00129	0.07981	0.99680	-0.00405	0.00161	0.00394	0.99999	
52	0.26000	0.73050	-14.17463	-1.10615	0.15112	0.21240	-0.89789	0.22114	0.99987	0.01567	-0.00371	-0.01566	0.99987	0.00264	0.00375	-0.00258	0.99999		1.40706	8.53131	-0.50287	-0.23106	0.07802	4.57930	0.62125	0.99681	-0.07984	-0.00136	0.07983	0.99680	-0.00403	0.00168	0.00391	0.99999	
53	0.26500	0.74103	-14.14257	-1.11052	0.13992	0.20652	-0.89528	0.22401	0.99987	0.01562	-0.00360	-0.01562	0.99988	0.00244	0.00364	-0.00239	0.99999		1.38307	8.66462	-0.53505	-0.22439	0.08527	4.57920	0.60796	0.99681	-0.07984	-0.00149	0.07983	0.99680	-0.00392	0.00180	0.00379	0.99999	
54	0.27000	0.72986	-14.05401	-1.15770	0.14721	0.21197	-0.89182	0.21113	0.99987	0.01556	-0.00370	-0.01555	0.99988	0.00257	0.00374	-0.00251	0.99999		1.39808	8.76183	-0.56002	-0.22563	0.08896	4.57221	0.61422	0.99682	-0.07972	-0.00155	0.07971	0.99681	-0.00394	0.00186	0.00380	0.99999	
55	0.27500	0.75911	-13.98695	-1.17846	0.14626	0.20938	-0.89275	0.21699	0.99987	0.01558	-0.00365	-0.01557	0.99988	0.00255	0.00369	-0.00250	0.99999		1.39644	8.88202	-0.59561	-0.21700	0.09702	4.57302	0.60677	0.99682	-0.07973	-0.00169	0.07972	0.99681	-0.00379	0.00199	0.00364	0.99999	
56	0.28000	0.78575	-13.98037	-1.17471	0.13192	0.20418	-0.89176	0.23269	0.99987	0.01556	-0.00356	-0.01556	0.99988	0.00230	0.00360	-0.00225	0.99999		1.37836	8.99124	-0.63294	-0.21451	0.10304	4.57139	0.60154	0.99682	-0.07970	-0.00180	0.07969	0.99681	-0.00374	0.00209	0.00359	0.99999	
57	0.28500	0.81085	-13.91420	-1.17746	0.13059	0.19903	-0.88895	0.21758	0.99987	0.01551	-0.00347	-0.01551	0.99988	0.00228	0.00351	-0.00223	0.99999		1.40164	9.11499	-0.65371	-0.20800	0.10868	4.56587	0.60371	0.99682	-0.07961	-0.00190	0.07960	0.99682	-0.00363	0.00218	0.00347	0.99999	
58	0.29000	0.84679	-13.87672	-1.19555	0.12391	0.20188	-0.88622	0.22892	0.99987	0.01547	-0.00352	-0.01546	0.99988	0.00216	0.00356	-0.00211	0.99999		1.39592	9.24460	-0.67989	-0.20202	0.11612	4.56344	0.60528	0.99683	-0.07956	-0.00203	0.07956	0.99682	-0.00353	0.00230	0.00335	0.99999	
59	0.29500	0.81395	-13.80052	-1.19552	0.12434	0.20753	-0.88707	0.23671	0.99987	0.01548	-0.00362	-0.01547	0.99988	0.00217	0.00366	-0.00211	0.99999		1.36820	9.31335	-0.70325	-0.20254	0.12447	4.56202	0.59646	0.99683	-0.07954	-0.00217	0.07953	0.99683	-0.00354	0.00245	0.00335	0.99999	
60	0.30000	0.84963	-13.71770	-1.23295	0.12827	0.20629	-0.88653	0.22080	0.99987	0.01547	-0.00360	-0.01546	0.99988	0.00224	0.00363	-0.00218	0.99999		1.36812	9.44475	-0.73149	-0.19301	0.13083	4.56104	0.59027	0.99683	-0.07952	-0.00228	0.07951	0.99683	-0.00337	0.00254	0.00318	0.99999	
61	0.30500	0.81490	-13.65391	-1.23986	0.12379	0.20953	-0.88400	0.22205	0.99987	0.01543	-0.00366	-0.01542	0.99988	0.00216	0.00369	-0.00210	0.99999		1.35891	9.53605	-0.75797	-0.18740	0.13313	4.56430	0.58506	0.99683	-0.07958	-0.00232	0.07957	0.99682	-0.00327	0.00258	0.00308	0.99999	
62	0.31000	0.88806	-13.64407	-1.21572	0.11237	0.20144	-0.88581	0.23452	0.99987	0.01546	-0.00352	-0.01545	0.99988	0.00196	0.00355	-0.00191	0.99999		1.30735	9.64769	-0.75805	-0.18066	0.14393	4.55930	0.58661	0.99683	-0.07949	-0.00251	0.07948	0.99683	-0.00315	0.00275	0.00294	0.99999	
63	0.31500	0.88839	-13.57524	-1.20937	0.10945	0.19876	-0.87989	0.21706	0.99988	0.01536	-0.00347	-0.01535	0.99988	0.00191	0.00350	-0.00186	0.99999		1.31758	9.75667	-0.78979	-0.17505	0.14699	4.56230	0.58414	0.99683	-0.07954	-0.00257	0.07953	0.99683	-0.00306	0.00280	0.00284	0.99999	
64	0.32000	0.88148	-13.51501	-1.21647	0.10508	0.20116	-0.87906	0.23266	0.99988	0.01534	-0.00351	-0.01534	0.99988	0.00183	0.00354	-0.00178	0.99999		1.30552	9.86091	-0.79324	-0.16763	0.15305	4.56338	0.56841	0.99683	-0.07956	-0.00267	0.07955	0.99683	-0.00293	0.00290	0.00270	0.99999	
65	0.32500	0.93093	-13.46035	-1.20265	0.10160	0.19680	-0.88670	0.23733	0.99987	0.01548	-0.00343	-0.01547	0.99988	0.00177	0.00346	-0.00172	0.99999		1.32121	9.92477	-0.81308	-0.16225	0.16026	4.56310	0.56627	0.99683	-0.07956	-0.00280	0.07955	0.99683	-0.00283	0.00301	0.00260	0.99999	
66	0.33000	0.91079	-13.38218	-1.18535	0.09915	0.19975	-0.88068	0.23254	0.99988	0.01537	-0.00349	-0.01536	0.99988	0.00173	0.00351	-0.00168	0.99999		1.28303	10.05780	-0.82159	-0.15280	0.16634	4.56246	0.57451	0.99683	-0.07955	-0.00290	0.07954	0.99683	-0.00267	0.00311	0.00243	0.99999	
67	0.33500	0.98088	-13.35238	-1.17879	0.08875	0.18749	-0.87789	0.21922	0.99988	0.01532	-0.00327	-0.01532	0.99988	0.00155	0.00330	-0.00150	0.99999		1.28750	10.12419	-0.83009	-0.14852	0.16876	4.56308	0.54504	0.99683	-0.07956	-0.00295	0.07955	0.99683	-0.00259	0.00314	0.00235	0.99999	
68	0.34000	1.01134	-13.28702	-1.15841	0.08622	0.19061	-0.87909	0.23473	0.99988	0.01534	-0.00333	-0.01534	0.99988	0.00150	0.00335	-0.00145	0.99999		1.25955	10.22781	-0.82435	-0.13931	0.17550	4.56214	0.54850	0.99683	-0.07954	-0.00306	0.07953	0.99683	-0.00243	0.00325	0.00218	0.99999	
69	0.34500	0.97648	-13.22607	-1.15678	0.08176	0.19211	-0.87275	0.21433	0.99988	0.01523	-0.00335	-0.01523	0.99988	0.00143	0.00337	-0.00138	0.99999		1.26498	10.31922	-0.83867	-0.13174	0.17656	4.56111	0.54850	0.99683	-0.07952	-0.00308	0.07952	0.99683	-0.00230	0.00325	0.00205	0.99999	
70	0.35000	1.01363	-13.19151	-1.13660	0.07072	0.18460	-0.86712	0.22312	0.99988	0.01513	-0.00322	-0.01513	0.99988	0.00123	0.00324	-0.00119	0.99999		1.29263	10.41324	-0.84441	-0.12073	0.18240	4.56483	0.53877	0.99682	-0.07959	-0.00318	0.07958	0.99683	-0.00211	0.00334	0.00185	0.99999	
71	0.35500	1.04168	-13.11958	-1.10888	0.06918	0.18662	-0.87133	0.21660	0.99988	0.01521	-0.00326	-0.01520	0.99988	0.00121	0.00328	-0.00116	0.99999		1.28371	10.45569	-0.85284	-0.11658	0.18488	4.56678	0.53770	0.99682	-0.07962	-0.00323	0.07961	0.99682	-0.00203	0.00338	0.00177	0.99999	
72	0.36000	1.02228	-13.06611	-1.07224	0.06213	0.18224	-0.86808	0.22013	0.99988	0.01515	-0.00318	-0.01515	0.99988	0.00108	0.00320	-0.00104	0.99999		1.23054	10.55012	-0.84776	-0.10711	0.19023	4.56402	0.53012	0.99682	-0.07957	-0.00332	0.07957	0.99683	-0.00187	0.00346	0.00160	0.99999	
73	0.36500	1.04960	-13.01979	-1.05056	0.05513	0.17835	-0.86643	0.21802	0.99988	0.01512	-0.00311	-0.01512	0.99989	0.00096	0.00313	-0.00091	0.99999		1.23411	10.59866	-0.83614	-0.10137	0.19551	4.56340	0.53294	0.99682	-0.07956	-0.00341	0.07956	0.99683	-0.00177	0.00354	0.00149	0.99999	
74	0.37000	1.07272	-12.95833	-1.02384	0.05318	0.17441	-0.86399	0.21384	0.99988	0.01508	-0.00304	-0.01508	0.99989	0.00093	0.00306	-0.00088	0.99999		1.23484	10.68824	-0.82550	-0.08904	0.19723	4.56718	0.53785	0.99682	-0.07963	-0.00344	0.07962	0.99682	-0.00155	0.00356	0.00127	0.99999	
75	0.37500	1.10853	-12.92306	-0.99421	0.03846	0.16731	-0.86310	0.21666	0.99988	0.01506	-0.00292	-0.01506	0.99989	0.00067	0.00293	-0.00063	1.00000		1.23421	10.75941	-0.82252	-0.08047	0.20175	4.56510	0.54161	0.99682	-0.07959	-0.00352	0.07959	0.99683	-0.00140	0.00362	0.00112	0.99999	
76	0.38000	1.15011	-12.88137	-0.95484	0.03184	0.16279	-0.86155	0.20764	0.99988	0.01504	-0.00284	-0.01503	0.99989	0.00056	0.00285	-0.00051	1.00000		1.24494	10.81911	-0.80350	-0.06936	0.20254	4.56742	0.53888	0.99682	-0.07963	-0.00353	0.07963	0.99682	-0.00121	0.00362	0.00093	0.99999	
77	0.38500	1.13195	-12.82398	-0.93009	0.02563	0.16177	-0.85970	0.22178	0.99988	0.01500	-0.00282	-0.01500	0.99989	0.00045	0.00283	-0.00040	1.00000		1.19047	10.87595	-0.79310	-0.06071	0.20879	4.56558	0.54069	0.99682	-0.07960	-0.00364	0.07960	0.99683	-0.00106	0.00372	0.00077	0.99999	
78	0.39000	1.15854	-12.75116	-0.90841	0.02391	0.15697	-0.85778	0.21565	0.99988	0.01497	-0.00274	-0.01497	0.99989	0.00042	0.00275	-0.00038	1.00000		1.17966	10.95719	-0.77596	-0.04697	0.20839	4.56775	0.52733	0.99682	-0.07964	-0.00364	0.07963	0.99682	-0.00082	0.00369	0.00053	0.99999	
79	0.39500	1.19031	-12.71944	-0.87036	0.01487	0.14966	-0.85823	0.23367	0.99988	0.01498	-0.00261	-0.01498	0.99989	0.00026	0.00262	-0.00022	1.00000		1.20258	10.98662	-0.75147	-0.03766	0.20977	4.57094	0.52203	0.99681	-0.07969	-0.00366	0.07969	0.99682	-0.00066	0.00370	0.00036	0.99999	
80	0.40000	1.20293	-12.68385	-0.82717	0.00701	0.14459	-0.85303	0.20981	0.99989	0.01489	-0.00252	-0.01489	0.99989	0.00012	0.00253	-0.00008	1.00000		1.16949	11.03398	-0.72703	-0.02680	0.21245	4.57348	0.52299	0.99681	-0.07974	-0.00371	0.07974	0.99682	-0.00047	0.00373	0.00017	0.99999	
81	0.40500	1.25767	-12.62111	-0.78457	0.00206	0.13458	-0.85579	0.21489	0.99989	0.01494	-0.00235	-0.01494	0.99989	0.00004	0.00235	-0.00000	1.00000		1.17215	11.06250	-0.70757	-0.01762	0.21505	4.57181	0.53040	0.99681	-0.07971	-0.00375	0.07971	0.99682	-0.00031	0.00377	0.00001	0.99999	
82	0.41000	1.29684	-12.59881	-0.75045	-0.00440	0.13007	-0.85630	0.24693	0.99989	0.01494	-0.00227	-0.01494	0.99989	-0.00008	0.00227	0.00011	1.00000		1.16731	11.10059	-0.68317	-0.00507	0.21571	4.57277	0.52986	0.99681	-0.07972	-0.00376	0.07972	0.99682	-0.00009	0.00376	-0.00021	0.99999	
83	0.41500	1.25516	-12.53179	-0.72275	-0.01015	0.12341	-0.85212	0.22022	0.99989	0.01487	-0.00215	-0.01487	0.99989	-0.00018	0.00215	0.00021	1.00000		1.13380	11.15539	-0.65450	0.01028	0.21838	4.57640	0.53425	0.99680	-0.07979	-0.00381	0.07979	0.99681	0.00018	0.00378	-0.00048	0.99999	
84	0.42000	1.29867	-12.49574	-0.67901	-0.01254	0.11666	-0.86246	0.23518	0.99988	0.01505	-0.00204	-0.01505	0.99989	-0.00022	0.00203	0.00025	1.00000		1.12570	11.18410	-0.62474	0.02323	0.22091	4.57501	0.55493	0.99681	-0.07976	-0.00386	0.07977	0.99681	0.00041	0.00381	-0.00071	0.99999	
85	0.42500	1.29793	-12.47010	-0.63414	-0.02105	0.10970	-0.85500	0.21045	0.99989	0.01492	-0.00191	-0.01492	0.99989	-0.00037	0.00191	0.00040	1.00000		1.09145	11.20986	-0.59764	0.03597	0.22129	4.57874	0.55206	0.99680	-0.07983	-0.00386	0.07983	0.99681	0.00063	0.00380	-0.00093	0.99999	
86	0.43000	1.31037	-12.42171	-0.58603	-0.02545	0.10400	-0.85577	0.21797	0.99989	0.01494	-0.00182	-0.01494	0.99989	-0.00044	0.00181	0.00047	1.00000		1.09830	11.21585	-0.56650	0.04710	0.22085	4.57914	0.56218	0.99680	-0.07984	-0.00385	0.07984	0.99681	0.00082	0.00378	-0.00113	0.99999	
87	0.43500	1.32832	-12.39445	-0.54122	-0.03090	0.09664	-0.85278	0.20816	0.99989	0.01488	-0.00169	-0.01488	0.99989	-0.00054	0.00168	0.00056	1.00000		1.09377	11.23210	-0.54731	0.06053	0.22065	4.57965	0.55894	0.99680	-0.07984	-0.00385	0.07985	0.99681	0.00106	0.00375	-0.00136	0.99999	
88	0.44000	1.37811	-12.37173	-0.49940	-0.03876	0.08331	-0.85140	0.20318	0.99989	0.01486	-0.00145	-0.01486	0.99989	-0.00068	0.00144	0.00070	1.00000		1.10123	11.22719	-0.49403	0.07617	0.21951	4.58219	0.57158	0.99680	-0.07989	-0.00383	0.07989	0.99680	0.00133	0.00371	-0.00163	0.99999	
89	0.44500	1.36248	-12.32079	-0.43817	-0.03914	0.08265	-0.84920	0.20673	0.99989	0.01482	-0.00144	-0.01482	0.99989	-0.00068	0.00143	0.00070	1.00000		1.07597	11.25063	-0.43854	0.09175	0.21801	4.58601	0.57035	0.99679	-0.07996	-0.00380	0.07996	0.99680	0.00160	0.00366	-0.00190	0.99999	
90	0.45000	1.38362	-12.29097	-0.39701	-0.04327	0.07146	-0.84698	0.19753	0.99989	0.01478	-0.00125	-0.01478	0.99989	-0.00076	0.00124	0.00077	1.00000		1.09332	11.22943	-0.40260	0.10455	0.21490	4.58612	0.58535	0.99679	-0.07996	-0.00375	0.07996	0.99680	0.00182	0.00359	-0.00212	0.99999	
91	0.45500	1.41235	-12.25534	-0.35266	-0.04526	0.06083	-0.84319	0.19205	0.99989	0.01472	-0.00106	-0.01472	0.99989	-0.00079	0.00105	0.00081	1.00000		1.10998	11.24471	-0.34421	0.12304	0.21441	4.58999	0.59460	0.99679	-0.08002	-0.00374	0.08003	0.99679	0.00215	0.00356	-0.00244	0.99999	
92	0.46000	1.36100	-12.22084	-0.29147	-0.04825	0.05680	-0.84289	0.17592	0.99989	0.01471	-0.00099	-0.01471	0.99989	-0.00084	0.00098	0.00086	1.00000		1.07135	11.24363	-0.30636	0.13872	0.21423	4.59173	0.60155	0.99678	-0.08005	-0.00374	0.08006	0.99679	0.00242	0.00353	-0.00271	0.99999	
93	0.46500	1.42052	-12.23091	-0.23766	-0.05358	0.04378	-0.83829	0.17433	0.99989	0.01463	-0.00076	-0.01463	0.99989	-0.00094	0.00075	0.00095	1.00000		1.08846	11.22557	-0.24759	0.15592	0.20915	4.59219	0.62890	0.99678	-0.08006	-0.00365	0.08007	0.99679	0.00272	0.00342	-0.00300	0.99999	
94	0.47000	1.42365	-12.18697	-0.19659	-0.05367	0.03808	-0.83697	0.16619	0.99989	0.01461	-0.00066	-0.01461	0.99989	-0.00094	0.00065	0.00095	1.00000		1.08638	11.21976	-0.19193	0.17521	0.20759	4.59514	0.65285	0.99678	-0.08011	-0.00362	0.08013	0.99678	0.00306	0.00337	-0.00334	0.99999	
95	0.47500	1.44088	-12.20902	-0.10931	-0.06158	0.02750	-0.84203	0.19588	0.99989	0.01470	-0.00048	-0.01470	0.99989	-0.00107	0.00046	0.00108	1.00000		1.06277	11.17849	-0.13624	0.18775	0.20413	4.60009	0.63523	0.99677	-0.08020	-0.00356	0.08021	0.99677	0.00328	0.00329	-0.00355	0.99999	
96	0.48000	1.50590	-12.24345	-0.04055	-0.07342	0.00853	-0.83290	0.18684	0.99989	0.01454	-0.00015	-0.01454	0.99989	-0.00128	0.00013	0.00128	1.00000		1.02090	11.14033	-0.09607	0.20701	0.20328	4.60749	0.63584	0.99676	-0.08033	-0.00355	0.08034	0.99676	0.00361	0.00325	-0.00389	0.99999	
97	0.48500	1.46982	-12.17977	-0.00974	-0.06361	0.00555	-0.82762	0.15948	0.99990	0.01444	-0.00010	-0.01444	0.99990	-0.00111	0.00008	0.00111	1.00000		1.00921	11.09468	-0.03933	0.22173	0.19965	4.61647	0.64046	0.99675	-0.08048	-0.00348	0.08050	0.99675	0.00387	0.00316	-0.00414	0.99999	
98	0.49000	1.49147	-12.19637	0.08629	-0.07238	-0.00820	-0.82817	0.18347	0.99990	0.01445	0.00014	-0.01445	0.99989	-0.00126	-0.00016	0.00126	1.00000		0.97694	11.06971	0.02119	0.23945	0.19722	4.61647	0.64568	0.99675	-0.08049	-0.00344	0.08050	0.99675	0.00418	0.00309	-0.00444	0.99999	
99	0.49500	1.48448	-12.15164	0.12388	-0.05869	-0.00780	-0.82653	0.14853	0.99990	0.01443	0.00014	-0.01442	0.99990	-0.00102	-0.00015	0.00102	1.00000		1.00540	11.00591	0.07143	0.25310	0.19447	4.61882	0.66937	0.99675	-0.08053	-0.00339	0.08054	0.99674	0.00442	0.00303	-0.00468	0.99998	
100	0.50000	1.50370	-12.19075	0.19910	-0.06749	-0.02428	-0.82683	0.18249	0.99990	0.01443	0.00042	-0.01443	0.99990	-0.00118	-0.00044	0.00117	1.00000		1.00954	10.98479	0.12786	0.27197	0.18956	4.61946	0.68458	0.99675	-0.08054	-0.00331	0.08055	0.99674	0.00475	0.00292	-0.00500	0.99998	
101	0.50500	1.53344	-12.22431	0.27707	-0.07388	-0.04130	-0.82745	0.17386	0.99990	0.01444	0.00072	-0.01444	0.99989	-0.00129	-0.00074	0.00128	1.00000		1.00173	10.93533	0.18557	0.28668	0.18453	4.61934	0.71166	0.99675	-0.08053	-0.00322	0.08055	0.99674	0.00500	0.00281	-0.00525	0.99998	
102	0.51000	1.54088	-12.22600	0.34683	-0.06843	-0.04588	-0.83122	0.18308	0.99989	0.01451	0.00080	-0.01451	0.99989	-0.00119	-0.00082	0.00118	1.00000		0.99717	10.86642	0.24991	0.30455	0.18151	4.62250	0.72377	0.99674	-0.08059	-0.00317	0.08061	0.99673	0.00532	0.00273	-0.00555	0.99998	
103	0.51500	1.54257	-12.23031	0.40303	-0.06665	-0.05672	-0.82773	0.18242	0.99990	0.01445	0.00099	-0.01444	0.99990	-0.00116	-0.00101	0.00115	1.00000		0.97806	10.80706	0.29307	0.31870	0.17676	4.62658	0.74739	0.99674	-0.08066	-0.00309	0.08068	0.99672	0.00556	0.00263	-0.00579	0.99998	
104	0.52000	1.57764	-12.24772	0.45969	-0.06293	-0.06699	-0.82805	0.17626	0.99989	0.01445	0.00117	-0.01445	0.99990	-0.00110	-0.00118	0.00108	1.00000		0.98334	10.74698	0.35457	0.33591	0.17422	4.62953	0.76838	0.99673	-0.08071	-0.00304	0.08073	0.99672	0.00586	0.00256	-0.00609	0.99998	
105	0.52500	1.59150	-12.25839	0.54151	-0.05543	-0.07713	-0.82962	0.18165	0.99989	0.01448	0.00135	-0.01448	0.99989	-0.00097	-0.00136	0.00095	1.00000		1.00896	10.69565	0.41189	0.35275	0.16828	4.62750	0.80492	0.99674	-0.08068	-0.00294	0.08069	0.99672	0.00616	0.00243	-0.00637	0.99998	
106	0.53000	1.56871	-12.24987	0.59396	-0.04814	-0.08371	-0.83204	0.16657	0.99989	0.01452	0.00146	-0.01452	0.99989	-0.00084	-0.00147	0.00082	1.00000		0.99852	10.62253	0.46359	0.36678	0.16311	4.62968	0.81537	0.99673	-0.08071	-0.00285	0.08073	0.99672	0.00640	0.00232	-0.00661	0.99998	
107	0.53500	1.60401	-12.27034	0.65213	-0.03813	-0.08882	-0.82938	0.17165	0.99989	0.01447	0.00155	-0.01447	0.99990	-0.00067	-0.00156	0.00064	1.00000		0.99987	10.56271	0.53869	0.38593	0.15903	4.62927	0.83546	0.99673	-0.08071	-0.00278	0.08072	0.99671	0.00674	0.00222	-0.00694	0.99997	
108	0.54000	1.58719	-12.29011	0.72300	-0.03314	-0.10008	-0.82611	0.17508	0.99989	0.01442	0.00175	-0.01442	0.99990	-0.00058	-0.00175	0.00055	1.00000		1.01117	10.49136	0.59115	0.39998	0.15229	4.63359	0.86638	0.99673	-0.08078	-0.00266	0.08080	0.99671	0.00698	0.00209	-0.00717	0.99997	
109	0.54500	1.60440	-12.31466	0.78965	-0.02589	-0.11093	-0.83104	0.17506	0.99989	0.01450	0.00194	-0.01450	0.99989	-0.00045	-0.00194	0.00042	1.00000		1.01006	10.42899	0.67192	0.41678	0.14746	4.63683	0.89089	0.99672	-0.08084	-0.00257	0.08086	0.99670	0.00727	0.00198	-0.00746	0.99997	
110	0.55000	1.61632	-12.34955	0.84980	-0.01779	-0.11753	-0.83125	0.17735	0.99989	0.01451	0.00205	-0.01451	0.99989	-0.00031	-0.00206	0.00028	1.00000		0.97643	10.32666	0.71609	0.42875	0.14554	4.64018	0.89740	0.99672	-0.08090	-0.00254	0.08091	0.99669	0.00748	0.00193	-0.00766	0.99997	
111	0.55500	1.66760	-12.34704	0.91157	-0.00589	-0.12837	-0.83019	0.17831	0.99989	0.01449	0.00224	-0.01449	0.99990	-0.00010	-0.00224	0.00007	1.00000		0.99906	10.23933	0.77909	0.44315	0.13959	4.64299	0.92306	0.99672	-0.08095	-0.00244	0.08096	0.99669	0.00773	0.00180	-0.00791	0.99997	
112	0.56000	1.65278	-12.38318	0.98624	0.00436	-0.13244	-0.82833	0.16543	0.99989	0.01446	0.00231	-0.01446	0.99990	0.00008	-0.00231	-0.00011	1.00000		0.99318	10.15884	0.83811	0.45745	0.13340	4.64426	0.95068	0.99671	-0.08097	-0.00233	0.08098	0.99668	0.00798	0.00167	-0.00815	0.99997	
113	0.56500	1.68663	-12.42477	1.04857	0.01453	-0.14393	-0.83626	0.17522	0.99989	0.01459	0.00251	-0.01460	0.99989	0.00025	-0.00251	-0.00029	1.00000		0.99560	10.07730	0.89841	0.47298	0.12561	4.64377	0.98917	0.99671	-0.08096	-0.00219	0.08098	0.99668	0.00825	0.00152	-0.00841	0.99996	
114	0.57000	1.69752	-12.44509	1.14074	0.02815	-0.14558	-0.83409	0.17473	0.99989	0.01456	0.00254	-0.01456	0.99989	0.00049	-0.00253	-0.00053	1.00000		0.99862	9.97954	0.95051	0.48485	0.12130	4.64874	1.00591	0.99671	-0.08105	-0.00212	0.08106	0.99667	0.00846	0.00142	-0.00861	0.99996	
115	0.57500	1.65201	-12.46470	1.20404	0.04031	-0.15072	-0.83294	0.15808	0.99989	0.01454	0.00263	-0.01454	0.99989	0.00070	-0.00262	-0.00074	1.00000		1.00065	9.87826	0.99070	0.49532	0.11207	4.65280	1.02112	0.99670	-0.08112	-0.00196	0.08113	0.99667	0.00864	0.00125	-0.00877	0.99996	
116	0.58000	1.69576	-12.53130	1.28754	0.04915	-0.15904	-0.83559	0.16301	0.99989	0.01458	0.00278	-0.01459	0.99989	0.00086	-0.00276	-0.00090	1.00000		1.02669	9.79054	1.05236	0.50970	0.10554	4.65558	1.04692	0.99670	-0.08117	-0.00184	0.08118	0.99666	0.00890	0.00111	-0.00902	0.99996	
117	0.58500	1.68480	-12.57555	1.32648	0.06116	-0.16352	-0.84012	0.16952	0.99989	0.01466	0.00285	-0.01467	0.99989	0.00107	-0.00284	-0.00111	1.00000		1.02068	9.69296	1.10829	0.51822	0.09958	4.65810	1.07604	0.99670	-0.08121	-0.00174	0.08122	0.99665	0.00904	0.00100	-0.00916	0.99996	
118	0.59000	1.68532	-12.61988	1.37897	0.07251	-0.17498	-0.84141	0.16777	0.99989	0.01468	0.00305	-0.01469	0.99989	0.00127	-0.00304	-0.00131	0.99999		0.98780	9.59319	1.15577	0.52739	0.09432	4.65901	1.08874	0.99669	-0.08123	-0.00165	0.08124	0.99665	0.00920	0.00089	-0.00931	0.99996	
119	0.59500	1.67594	-12.66724	1.44012	0.08436	-0.17599	-0.83626	0.16361	0.99989	0.01459	0.00307	-0.01460	0.99989	0.00147	-0.00305	-0.00152	0.99999		0.96686	9.48965	1.20050	0.53534	0.08900	4.66007	1.12789	0.99669	-0.08124	-0.00155	0.08125	0.99665	0.00934	0.00079	-0.00944	0.99996	
120	0.60000	1.65052	-12.69891	1.50296	0.09873	-0.17808	-0.84048	0.16488	0.99989	0.01467	0.00311	-0.01467	0.99989	0.00172	-0.00308	-0.00177	0.99999		0.98219	9.37615	1.25796	0.54139	0.08258	4.66280	1.14411	0.99669	-0.08129	-0.00144	0.08130	0.99664	0.00945	0.00067	-0.00953	0.99995	
121	0.60500	1.67854	-12.73507	1.55389	0.11582	-0.18417	-0.84183	0.17481	0.99989	0.01469	0.00321	-0.01470	0.99989	0.00202	-0.00318	-0.00207	0.99999		0.99376	9.27855	1.31337	0.55114	0.07547	4.66765	1.17387	0.99668	-0.08138	-0.00132	0.08138	0.99664	0.00962	0.00053	-0.00969	0.99995	
122	0.61000	1.68480	-12.77834	1.60773	0.12842	-0.19094	-0.84353	0.16377	0.99989	0.01472	0.00333	-0.01473	0.99989	0.00224	-0.00330	-0.00229	0.99999		0.98344	9.16125	1.36090	0.55306	0.07027	4.66912	1.19669	0.99668	-0.08140	-0.00123	0.08141	0.99663	0.00965	0.00044	-0.00972	0.99995	
123	0.61500	1.65140	-12.81922	1.65950	0.14491	-0.19504	-0.84426	0.16448	0.99989	0.01473	0.00340	-0.01474	0.99989	0.00253	-0.00337	-0.00258	0.99999		0.94687	9.05627	1.39268	0.56012	0.06247	4.67208	1.20726	0.99668	-0.08145	-0.00109	0.08146	0.99663	0.00978	0.00029	-0.00983	0.99995	
124	0.62000	1.63708	-12.85375	1.72581	0.16245	-0.19611	-0.84634	0.17032	0.99989	0.01477	0.00342	-0.01478	0.99989	0.00284	-0.00338	-0.00289	0.99999		0.94932	8.94645	1.42889	0.56438	0.05687	4.67495	1.23435	0.99667	-0.08150	-0.00099	0.08151	0.99662	0.00985	0.00019	-0.00990	0.99995	
125	0.62500	1.67001	-12.90946	1.77522	0.17336	-0.20186	-0.84517	0.18185	0.99989	0.01475	0.00352	-0.01476	0.99989	0.00303	-0.00348	-0.00308	0.99999		0.95731	8.82790	1.47510	0.56871	0.04998	4.67721	1.24417	0.99667	-0.08154	-0.00087	0.08155	0.99662	0.00993	0.00006	-0.00996	0.99995	
126	0.63000	1.61155	-12.93166	1.82655	0.19151	-0.19777	-0.84938	0.18317	0.99988	0.01482	0.00345	-0.01484	0.99988	0.00334	-0.00340	-0.00339	0.99999		0.94617	8.72857	1.51210	0.57034	0.04529	4.67667	1.26814	0.99667	-0.08153	-0.00079	0.08154	0.99662	0.00995	-0.00002	-0.00999	0.99995	
127	0.63500	1.63777	-12.98927	1.86619	0.20563	-0.20320	-0.84678	0.17597	0.99988	0.01478	0.00355	-0.01479	0.99988	0.00359	-0.00349	-0.00364	0.99999		0.94901	8.60460	1.53529	0.57096	0.03974	4.68134	1.29947	0.99666	-0.08161	-0.00069	0.08162	0.99661	0.00996	-0.00012	-0.00999	0.99995	
128	0.64000	1.63002	-13.05227	1.92809	0.21839	-0.20378	-0.85226	0.19437	0.99988	0.01487	0.00356	-0.01489	0.99988	0.00381	-0.00350	-0.00386	0.99999		0.93695	8.51114	1.57029	0.57438	0.03350	4.68088	1.31896	0.99666	-0.08161	-0.00058	0.08161	0.99661	0.01002	-0.00024	-0.01004	0.99995	
129	0.64500	1.61750	-13.09188	1.97077	0.23263	-0.20548	-0.85541	0.19296	0.99988	0.01493	0.00359	-0.01494	0.99988	0.00406	-0.00353	-0.00411	0.99999		0.91518	8.39227	1.58918	0.57305	0.02700	4.68375	1.31602	0.99666	-0.08166	-0.00047	0.08166	0.99661	0.01000	-0.00035	-0.01001	0.99995	
130	0.65000	1.63028	-13.14929	2.00845	0.24688	-0.20384	-0.85369	0.19526	0.99988	0.01490	0.00356	-0.01491	0.99988	0.00431	-0.00349	-0.00436	0.99998		0.94256	8.28371	1.62048	0.57122	0.02095	4.68274	1.33662	0.99666	-0.08164	-0.00037	0.08164	0.99661	0.00997	-0.00045	-0.00997	0.99995	
131	0.65500	1.57262	-13.20946	2.05937	0.26013	-0.20217	-0.85905	0.19104	0.99988	0.01499	0.00353	-0.01501	0.99988	0.00454	-0.00346	-0.00459	0.99998		0.94449	8.16903	1.64643	0.56564	0.01420	4.68025	1.36289	0.99667	-0.08159	-0.00025	0.08159	0.99662	0.00987	-0.00056	-0.00986	0.99995	
132	0.66000	1.59543	-13.26448	2.09737	0.27333	-0.20332	-0.86344	0.19559	0.99988	0.01507	0.00355	-0.01509	0.99987	0.00477	-0.00348	-0.00482	0.99998		0.94072	8.04086	1.65929	0.56404	0.00779	4.67951	1.40001	0.99667	-0.08158	-0.00014	0.08158	0.99662	0.00984	-0.00067	-0.00982	0.99995	
133	0.66500	1.54979	-13.31206	2.12190	0.28861	-0.19615	-0.86407	0.20183	0.99988	0.01508	0.00342	-0.01510	0.99987	0.00504	-0.00335	-0.00509	0.99998		0.90374	7.94154	1.66922	0.56090	0.00105	4.67955	1.40715	0.99667	-0.08158	-0.00002	0.08158	0.99662	0.00979	-0.00078	-0.00976	0.99995	
134	0.67000	1.52293	-13.36367	2.15984	0.30132	-0.19224	-0.86647	0.19925	0.99988	0.01512	0.00336	-0.01514	0.99987	0.00526	-0.00328	-0.00531	0.99998		0.89810	7.82510	1.68929	0.55278	-0.00566	4.67827	1.45743	0.99667	-0.08156	0.00010	0.08156	0.99662	0.00965	-0.00089	-0.00961	0.99995	
135	0.67500	1.52612	-13.43760	2.18143	0.30980	-0.19281	-0.86657	0.18848	0.99988	0.01512	0.00337	-0.01514	0.99987	0.00541	-0.00328	-0.00546	0.99998		0.88376	7.71596	1.69106	0.54783	-0.01091	4.68135	1.45993	0.99666	-0.08161	0.00019	0.08161	0.99662	0.00956	-0.00097	-0.00951	0.99995	
136	0.68000	1.47925	-13.48778	2.21919	0.32181	-0.18682	-0.86947	0.19714	0.99988	0.01517	0.00326	-0.01519	0.99987	0.00562	-0.00317	-0.00567	0.99998		0.92097	7.61357	1.70688	0.53957	-0.01770	4.68106	1.46365	0.99666	-0.08161	0.00031	0.08160	0.99662	0.00942	-0.00108	-0.00936	0.99996	
137	0.68500	1.47627	-13.52247	2.23430	0.33516	-0.18129	-0.87135	0.20290	0.99988	0.01521	0.00316	-0.01523	0.99987	0.00585	-0.00307	-0.00590	0.99998		0.87947	7.49927	1.71617	0.53178	-0.02051	4.67680	1.49640	0.99667	-0.08153	0.00036	0.08153	0.99663	0.00928	-0.00111	-0.00922	0.99996	
138	0.69000	1.45754	-13.61044	2.25066	0.34180	-0.17547	-0.87289	0.20562	0.99988	0.01523	0.00306	-0.01525	0.99987	0.00597	-0.00297	-0.00601	0.99998		0.92061	7.37049	1.72805	0.52018	-0.03000	4.67860	1.49456	0.99667	-0.08157	0.00052	0.08156	0.99663	0.00908	-0.00126	-0.00901	0.99996	
139	0.69500	1.41122	-13.64849	2.27460	0.35340	-0.17123	-0.87656	0.21406	0.99988	0.01530	0.00299	-0.01532	0.99986	0.00617	-0.00289	-0.00621	0.99998		0.91790	7.28017	1.73004	0.51434	-0.03719	4.67236	1.52870	0.99668	-0.08146	0.00065	0.08145	0.99664	0.00898	-0.00138	-0.00889	0.99996	
140	0.70000	1.38496	-13.67676	2.29906	0.36446	-0.16599	-0.87323	0.19907	0.99988	0.01524	0.00290	-0.01526	0.99986	0.00636	-0.00280	-0.00640	0.99998		0.92324	7.16024	1.73444	0.50174	-0.04169	4.67630	1.53947	0.99667	-0.08153	0.00073	0.08152	0.99663	0.00876	-0.00144	-0.00867	0.99996	
