NO_OF_FRAMES	12045
NO_OF_CAMERAS	8
NO_OF_BODIES	2
FREQUENCY	200
NO_OF_ANALOG	0
ANALOG_FREQUENCY	0
DESCRIPTION	--
TIME_STAMP	2013-07-05, 11:31:38	183111.92516618
DATA_INCLUDED	6D
BODY_NAMES	Ice 2 V2	Ice 3
Frame	Time	Ice 2 V2 X	Y	Z	Roll	Pitch	Yaw	Residual	Rot[0]	Rot[1]	Rot[2]	Rot[3]	Rot[4]	Rot[5]	Rot[6]	Rot[7]	Rot[8]	Ice 3 X	Y	Z	Roll	Pitch	Yaw	Residual	Rot[0]	Rot[1]	Rot[2]	Rot[3]	Rot[4]	Rot[5]	Rot[6]	Rot[7]	Rot[8]	
1	0.00500	0.90844	-13.85994	0.56080	0.23815	0.00525	-0.90921	0.23586	0.99987	0.01587	-0.00009	-0.01587	0.99987	0.00416	0.00016	-0.00415	0.99999		0.01330	6.84560	0.62231	0.07624	-0.06508	4.06163	1.67606	0.99749	-0.07083	0.00114	0.07083	0.99749	0.00133	-0.00123	-0.00125	1.00000	
2	0.01000	0.83406	-13.84342	0.53996	0.23952	0.00908	-0.90862	0.24185	0.99987	0.01586	-0.00016	-0.01586	0.99987	0.00418	0.00022	-0.00418	0.99999		0.03816	6.83435	0.58314	0.07583	-0.06890	4.05148	1.66439	0.99750	-0.07065	0.00120	0.07065	0.99750	0.00132	-0.00129	-0.00124	1.00000	
3	0.01500	0.85882	-13.84878	0.53726	0.23770	0.00723	-0.90704	0.23268	0.99987	0.01583	-0.00013	-0.01583	0.99987	0.00415	0.00019	-0.00415	0.99999		0.06634	6.81678	0.57863	0.07406	-0.07549	4.05223	1.65757	0.99750	-0.07067	0.00132	0.07066	0.99750	0.00129	-0.00141	-0.00120	1.00000	
4	0.02000	0.83821	-13.84331	0.53722	0.23517	0.00886	-0.90702	0.24088	0.99987	0.01583	-0.00015	-0.01583	0.99987	0.00410	0.00022	-0.00410	0.99999		0.06480	6.83779	0.58067	0.07656	-0.07668	4.05028	1.66809	0.99750	-0.07063	0.00134	0.07063	0.99750	0.00134	-0.00143	-0.00124	1.00000	
5	0.02500	0.84697	-13.85055	0.53567	0.23173	0.00842	-0.90527	0.23671	0.99988	0.01580	-0.00015	-0.01580	0.99987	0.00404	0.00021	-0.00404	0.99999		0.05667	6.82883	0.57760	0.07482	-0.07897	4.04862	1.66046	0.99750	-0.07060	0.00138	0.07060	0.99750	0.00131	-0.00147	-0.00121	1.00000	
6	0.03000	0.83329	-13.85048	0.53427	0.23040	0.00836	-0.90737	0.24343	0.99987	0.01584	-0.00015	-0.01584	0.99987	0.00402	0.00021	-0.00402	0.99999		0.06883	6.82371	0.58401	0.07568	-0.08125	4.04887	1.66130	0.99750	-0.07061	0.00142	0.07061	0.99750	0.00132	-0.00151	-0.00122	1.00000	
7	0.03500	0.86133	-13.85939	0.52802	0.22739	0.00558	-0.90353	0.25295	0.99988	0.01577	-0.00010	-0.01577	0.99987	0.00397	0.00016	-0.00397	0.99999		0.05109	6.83230	0.57430	0.07797	-0.08311	4.05138	1.65993	0.99750	-0.07065	0.00145	0.07065	0.99750	0.00136	-0.00154	-0.00125	1.00000	
8	0.04000	0.83776	-13.83643	0.52173	0.22712	0.00845	-0.90612	0.24747	0.99987	0.01581	-0.00015	-0.01581	0.99987	0.00396	0.00021	-0.00396	0.99999		0.04618	6.82759	0.56593	0.07590	-0.08425	4.04717	1.65917	0.99751	-0.07058	0.00147	0.07058	0.99751	0.00132	-0.00156	-0.00122	1.00000	
9	0.04500	0.85602	-13.84641	0.52506	0.22348	0.00694	-0.90333	0.23308	0.99988	0.01577	-0.00012	-0.01576	0.99987	0.00390	0.00018	-0.00390	0.99999		0.07798	6.83514	0.56402	0.07869	-0.09107	4.05057	1.64999	0.99750	-0.07064	0.00159	0.07063	0.99750	0.00137	-0.00168	-0.00126	1.00000	
10	0.05000	0.86274	-13.84557	0.51823	0.22237	0.00327	-0.90272	0.23718	0.99988	0.01575	-0.00006	-0.01575	0.99987	0.00388	0.00012	-0.00388	0.99999		0.08749	6.83516	0.57832	0.08034	-0.09265	4.05081	1.66495	0.99750	-0.07064	0.00162	0.07064	0.99750	0.00140	-0.00171	-0.00128	1.00000	
11	0.05500	0.83488	-13.85020	0.51809	0.22181	0.00678	-0.89988	0.24461	0.99988	0.01571	-0.00012	-0.01570	0.99987	0.00387	0.00018	-0.00387	0.99999		0.08539	6.84388	0.55910	0.08084	-0.09399	4.04909	1.66123	0.99750	-0.07061	0.00164	0.07061	0.99750	0.00141	-0.00174	-0.00129	1.00000	
12	0.06000	0.81297	-13.83835	0.50805	0.22073	0.01035	-0.90865	0.24131	0.99987	0.01586	-0.00018	-0.01586	0.99987	0.00385	0.00024	-0.00385	0.99999		0.09426	6.82428	0.55384	0.08169	-0.09771	4.05108	1.65156	0.99750	-0.07065	0.00171	0.07064	0.99750	0.00143	-0.00180	-0.00130	1.00000	
13	0.06500	0.82722	-13.84403	0.50786	0.21566	0.00373	-0.89717	0.25181	0.99988	0.01566	-0.00007	-0.01566	0.99987	0.00376	0.00012	-0.00376	0.99999		0.09171	6.84259	0.56582	0.08459	-0.10062	4.04950	1.64374	0.99750	-0.07062	0.00176	0.07062	0.99750	0.00148	-0.00186	-0.00135	1.00000	
14	0.07000	0.83132	-13.82942	0.51370	0.21684	0.00591	-0.90237	0.23758	0.99988	0.01575	-0.00010	-0.01575	0.99987	0.00378	0.00016	-0.00378	0.99999		0.09788	6.82106	0.56403	0.08196	-0.10018	4.05097	1.64716	0.99750	-0.07064	0.00175	0.07064	0.99750	0.00143	-0.00185	-0.00130	1.00000	
15	0.07500	0.83772	-13.84418	0.49821	0.21268	-0.00025	-0.89937	0.23482	0.99988	0.01570	0.00000	-0.01570	0.99987	0.00371	0.00005	-0.00371	0.99999		0.09161	6.82990	0.56672	0.08565	-0.10099	4.05052	1.64648	0.99750	-0.07064	0.00176	0.07063	0.99750	0.00149	-0.00186	-0.00137	1.00000	
16	0.08000	0.81303	-13.82587	0.49857	0.21184	0.00010	-0.89961	0.24475	0.99988	0.01570	-0.00000	-0.01570	0.99987	0.00370	0.00006	-0.00370	0.99999		0.08198	6.81765	0.56651	0.08376	-0.10162	4.04588	1.66047	0.99751	-0.07056	0.00177	0.07055	0.99751	0.00146	-0.00187	-0.00133	1.00000	
17	0.08500	0.83550	-13.82364	0.49052	0.21220	-0.00120	-0.90055	0.24904	0.99988	0.01572	0.00002	-0.01572	0.99987	0.00370	0.00004	-0.00370	0.99999		0.07376	6.82651	0.56358	0.08576	-0.10195	4.04457	1.67209	0.99751	-0.07053	0.00178	0.07053	0.99751	0.00150	-0.00188	-0.00137	1.00000	
18	0.09000	0.82360	-13.86049	0.50696	0.20646	0.00128	-0.90287	0.23079	0.99988	0.01576	-0.00002	-0.01576	0.99987	0.00360	0.00008	-0.00360	0.99999		0.07628	6.83904	0.58142	0.08790	-0.10222	4.04474	1.67228	0.99751	-0.07054	0.00178	0.07053	0.99751	0.00153	-0.00189	-0.00140	1.00000	
19	0.09500	0.82236	-13.83934	0.49810	0.20468	-0.00112	-0.89949	0.24841	0.99988	0.01570	0.00002	-0.01570	0.99987	0.00357	0.00004	-0.00357	0.99999		0.07404	6.83150	0.57006	0.08993	-0.10223	4.04721	1.65298	0.99750	-0.07058	0.00178	0.07058	0.99751	0.00157	-0.00189	-0.00144	1.00000	
20	0.10000	0.81537	-13.82147	0.49309	0.20504	-0.00230	-0.90048	0.23947	0.99988	0.01572	0.00004	-0.01572	0.99987	0.00358	0.00002	-0.00358	0.99999		0.06334	6.83673	0.56639	0.08921	-0.10351	4.04736	1.66185	0.99750	-0.07058	0.00181	0.07058	0.99751	0.00156	-0.00191	-0.00143	1.00000	
21	0.10500	0.83800	-13.83649	0.49793	0.20072	-0.00583	-0.90384	0.23617	0.99988	0.01577	0.00010	-0.01577	0.99987	0.00350	-0.00005	-0.00350	0.99999		0.06018	6.80952	0.56921	0.08829	-0.10208	4.04625	1.66547	0.99751	-0.07056	0.00178	0.07056	0.99751	0.00154	-0.00189	-0.00141	1.00000	
22	0.11000	0.82338	-13.83127	0.49092	0.19735	-0.00823	-0.89472	0.23386	0.99988	0.01562	0.00014	-0.01562	0.99987	0.00344	-0.00009	-0.00345	0.99999		0.07378	6.82968	0.56645	0.09085	-0.10250	4.04451	1.67058	0.99751	-0.07053	0.00179	0.07053	0.99751	0.00159	-0.00190	-0.00146	1.00000	
23	0.11500	0.85800	-13.84193	0.48876	0.19175	-0.02145	-0.89408	0.24950	0.99988	0.01560	0.00037	-0.01561	0.99987	0.00335	-0.00032	-0.00335	0.99999		0.06406	6.83428	0.56309	0.09192	-0.10282	4.04097	1.67094	0.99751	-0.07047	0.00179	0.07047	0.99751	0.00160	-0.00190	-0.00147	1.00000	
24	0.12000	0.83799	-13.99328	0.33594	0.15411	-0.01529	-0.89088	0.20687	0.99988	0.01555	0.00027	-0.01555	0.99988	0.00269	-0.00023	-0.00269	1.00000		0.17352	6.73828	0.63846	0.07900	-0.11892	4.04435	1.67279	0.99751	-0.07053	0.00208	0.07053	0.99751	0.00138	-0.00217	-0.00123	1.00000	
25	0.12500	0.82859	-13.99385	0.33966	0.14948	-0.01984	-0.88566	0.21829	0.99988	0.01546	0.00035	-0.01546	0.99988	0.00261	-0.00031	-0.00261	1.00000		0.16904	6.72963	0.64851	0.07808	-0.12013	4.04272	1.68409	0.99751	-0.07050	0.00210	0.07050	0.99751	0.00136	-0.00219	-0.00121	1.00000	
26	0.13000	0.77202	-14.00468	0.33658	0.14706	-0.01585	-0.88553	0.22308	0.99988	0.01545	0.00028	-0.01546	0.99988	0.00257	-0.00024	-0.00257	1.00000		0.14988	6.71515	0.64267	0.07753	-0.11922	4.04043	1.68435	0.99751	-0.07046	0.00208	0.07046	0.99751	0.00135	-0.00217	-0.00120	1.00000	
27	0.13500	0.83964	-14.00706	0.32950	0.14308	-0.02732	-0.88150	0.21835	0.99988	0.01538	0.00048	-0.01539	0.99988	0.00250	-0.00044	-0.00250	1.00000		0.18236	6.71622	0.64558	0.07810	-0.11786	4.04128	1.68210	0.99751	-0.07048	0.00206	0.07047	0.99751	0.00136	-0.00215	-0.00121	1.00000	
28	0.14000	0.83415	-14.00618	0.32870	0.14227	-0.02750	-0.88010	0.22116	0.99988	0.01536	0.00048	-0.01536	0.99988	0.00248	-0.00044	-0.00249	1.00000		0.13553	6.71896	0.62471	0.07886	-0.11511	4.04183	1.66969	0.99751	-0.07048	0.00201	0.07048	0.99751	0.00138	-0.00210	-0.00123	1.00000	
29	0.14500	0.83114	-14.02168	0.33513	0.13346	-0.03287	-0.88175	0.21175	0.99988	0.01539	0.00057	-0.01539	0.99988	0.00233	-0.00054	-0.00234	1.00000		0.10917	6.72160	0.63738	0.07795	-0.10914	4.03986	1.65726	0.99751	-0.07045	0.00190	0.07045	0.99751	0.00136	-0.00200	-0.00122	1.00000	
30	0.15000	0.83997	-14.01443	0.34364	0.13465	-0.03166	-0.88254	0.20797	0.99988	0.01540	0.00055	-0.01540	0.99988	0.00235	-0.00052	-0.00236	1.00000		0.14613	6.73362	0.64153	0.08053	-0.11174	4.04123	1.66484	0.99751	-0.07047	0.00195	0.07047	0.99751	0.00141	-0.00204	-0.00126	1.00000	
31	0.15500	0.80204	-13.98124	0.32743	0.13868	-0.02987	-0.88343	0.21126	0.99988	0.01542	0.00052	-0.01542	0.99988	0.00242	-0.00048	-0.00243	1.00000		0.13407	6.72296	0.64998	0.07833	-0.10988	4.03824	1.68658	0.99752	-0.07042	0.00192	0.07042	0.99752	0.00137	-0.00201	-0.00123	1.00000	
32	0.16000	0.79466	-14.01919	0.33636	0.12811	-0.03564	-0.88119	0.21701	0.99988	0.01538	0.00062	-0.01538	0.99988	0.00224	-0.00059	-0.00225	1.00000		0.11197	6.70741	0.64224	0.07734	-0.10634	4.04130	1.68606	0.99751	-0.07048	0.00186	0.07047	0.99751	0.00135	-0.00195	-0.00122	1.00000	
33	0.16500	0.80608	-14.00554	0.32443	0.12957	-0.04030	-0.87902	0.22103	0.99988	0.01534	0.00070	-0.01534	0.99988	0.00226	-0.00067	-0.00227	1.00000		0.15776	6.72556	0.65710	0.07983	-0.10880	4.03918	1.68028	0.99751	-0.07044	0.00190	0.07044	0.99752	0.00139	-0.00199	-0.00126	1.00000	
34	0.17000	0.82230	-14.00832	0.33083	0.12618	-0.04376	-0.87578	0.21063	0.99988	0.01528	0.00076	-0.01529	0.99988	0.00220	-0.00073	-0.00221	1.00000		0.11168	6.73327	0.65754	0.08075	-0.10439	4.04048	1.67137	0.99751	-0.07046	0.00182	0.07046	0.99751	0.00141	-0.00192	-0.00128	1.00000	
35	0.17500	0.82395	-13.99454	0.33044	0.12361	-0.04688	-0.87832	0.21344	0.99988	0.01533	0.00082	-0.01533	0.99988	0.00216	-0.00078	-0.00217	1.00000		0.11197	6.70959	0.65659	0.07653	-0.10138	4.03835	1.68284	0.99752	-0.07042	0.00177	0.07042	0.99752	0.00134	-0.00186	-0.00121	1.00000	
36	0.18000	0.84235	-14.00082	0.31883	0.12066	-0.05327	-0.87711	0.21314	0.99988	0.01531	0.00093	-0.01531	0.99988	0.00211	-0.00090	-0.00212	1.00000		0.12359	6.72513	0.64625	0.07912	-0.09991	4.03707	1.69367	0.99752	-0.07040	0.00174	0.07040	0.99752	0.00138	-0.00184	-0.00125	1.00000	
37	0.18500	0.82184	-14.00231	0.32060	0.11991	-0.05330	-0.87593	0.20461	0.99988	0.01529	0.00093	-0.01529	0.99988	0.00209	-0.00090	-0.00211	1.00000		0.08804	6.70942	0.65936	0.07674	-0.09595	4.03610	1.69179	0.99752	-0.07038	0.00167	0.07038	0.99752	0.00134	-0.00176	-0.00122	1.00000	
38	0.19000	0.84898	-13.99235	0.33668	0.11983	-0.05593	-0.87854	0.21897	0.99988	0.01533	0.00098	-0.01533	0.99988	0.00209	-0.00094	-0.00211	1.00000		0.12227	6.71487	0.65899	0.07583	-0.09604	4.03742	1.70094	0.99752	-0.07041	0.00168	0.07041	0.99752	0.00132	-0.00177	-0.00120	1.00000	
39	0.19500	0.85165	-13.99601	0.33111	0.11700	-0.06336	-0.87548	0.21782	0.99988	0.01528	0.00111	-0.01528	0.99988	0.00204	-0.00107	-0.00206	1.00000		0.07599	6.72783	0.65986	0.07764	-0.09151	4.03882	1.69186	0.99752	-0.07043	0.00160	0.07043	0.99752	0.00136	-0.00169	-0.00124	1.00000	
40	0.20000	0.82249	-13.99319	0.33283	0.11392	-0.06719	-0.87279	0.22108	0.99988	0.01523	0.00117	-0.01523	0.99988	0.00199	-0.00114	-0.00201	1.00000		0.09008	6.71941	0.65596	0.07593	-0.09085	4.03482	1.70441	0.99752	-0.07036	0.00159	0.07036	0.99752	0.00133	-0.00167	-0.00121	1.00000	
41	0.20500	0.86951	-13.98976	0.33571	0.11156	-0.07036	-0.87194	0.21928	0.99988	0.01522	0.00123	-0.01522	0.99988	0.00195	-0.00120	-0.00197	1.00000		0.09836	6.71545	0.64999	0.07514	-0.08675	4.03976	1.69983	0.99751	-0.07045	0.00151	0.07045	0.99751	0.00131	-0.00160	-0.00120	1.00000	
42	0.21000	0.85455	-14.00376	0.34592	0.10654	-0.07018	-0.87097	0.20795	0.99988	0.01520	0.00122	-0.01520	0.99988	0.00186	-0.00120	-0.00188	1.00000		0.08914	6.72478	0.66574	0.07440	-0.08539	4.03392	1.70378	0.99752	-0.07035	0.00149	0.07035	0.99752	0.00130	-0.00158	-0.00119	1.00000	
43	0.21500	0.83972	-13.98905	0.34834	0.10780	-0.07518	-0.87250	0.21856	0.99988	0.01523	0.00131	-0.01523	0.99988	0.00188	-0.00128	-0.00190	1.00000		0.06244	6.71403	0.65934	0.07233	-0.07756	4.03458	1.71383	0.99752	-0.07036	0.00135	0.07036	0.99752	0.00126	-0.00144	-0.00116	1.00000	
44	0.22000	0.84910	-13.99459	0.35083	0.10698	-0.07640	-0.87233	0.19693	0.99988	0.01522	0.00133	-0.01523	0.99988	0.00187	-0.00130	-0.00189	1.00000		0.06576	6.73266	0.66792	0.07259	-0.07739	4.03661	1.70821	0.99752	-0.07039	0.00135	0.07039	0.99752	0.00127	-0.00144	-0.00117	1.00000	
45	0.22500	0.86915	-13.98759	0.34487	0.10450	-0.08288	-0.86838	0.21551	0.99988	0.01516	0.00145	-0.01516	0.99988	0.00182	-0.00142	-0.00185	1.00000		0.02663	6.72215	0.65119	0.07050	-0.07103	4.03730	1.69500	0.99752	-0.07041	0.00124	0.07040	0.99752	0.00123	-0.00132	-0.00114	1.00000	
46	0.23000	0.88111	-13.98695	0.35629	0.10290	-0.08527	-0.87101	0.21403	0.99988	0.01520	0.00149	-0.01520	0.99988	0.00180	-0.00146	-0.00182	1.00000		0.03538	6.71901	0.66194	0.06959	-0.07046	4.04023	1.69622	0.99751	-0.07046	0.00123	0.07046	0.99751	0.00121	-0.00131	-0.00112	1.00000	
47	0.23500	0.84366	-13.98214	0.36210	0.10113	-0.08490	-0.86632	0.21244	0.99988	0.01512	0.00148	-0.01512	0.99988	0.00177	-0.00145	-0.00179	1.00000		0.03225	6.72441	0.66066	0.06699	-0.06633	4.03706	1.70582	0.99752	-0.07040	0.00116	0.07040	0.99752	0.00117	-0.00124	-0.00108	1.00000	
48	0.24000	0.82661	-13.97400	0.36096	0.10018	-0.08640	-0.86594	0.22653	0.99988	0.01511	0.00151	-0.01512	0.99988	0.00175	-0.00148	-0.00177	1.00000		0.04223	6.71970	0.65297	0.06685	-0.06330	4.03531	1.70239	0.99752	-0.07037	0.00110	0.07037	0.99752	0.00117	-0.00118	-0.00109	1.00000	
49	0.24500	0.86057	-13.96892	0.36286	0.09941	-0.08939	-0.86775	0.20981	0.99988	0.01514	0.00156	-0.01515	0.99988	0.00174	-0.00153	-0.00176	1.00000		0.03485	6.71437	0.66382	0.06517	-0.06022	4.03551	1.71219	0.99752	-0.07037	0.00105	0.07037	0.99752	0.00114	-0.00113	-0.00106	1.00000	
50	0.25000	0.85327	-13.96414	0.36819	0.09957	-0.09352	-0.86769	0.20449	0.99988	0.01514	0.00163	-0.01515	0.99988	0.00174	-0.00161	-0.00176	1.00000		0.02076	6.72278	0.66796	0.06277	-0.05554	4.03773	1.69814	0.99752	-0.07041	0.00097	0.07041	0.99752	0.00110	-0.00104	-0.00102	1.00000	
51	0.25500	0.84325	-13.96506	0.36654	0.09614	-0.09627	-0.86435	0.20680	0.99988	0.01509	0.00168	-0.01509	0.99988	0.00168	-0.00165	-0.00170	1.00000		0.01338	6.71577	0.66514	0.06074	-0.05260	4.03775	1.70264	0.99752	-0.07041	0.00092	0.07041	0.99752	0.00106	-0.00099	-0.00099	1.00000	
52	0.26000	0.84086	-13.95505	0.37004	0.09688	-0.09853	-0.86477	0.21093	0.99988	0.01509	0.00172	-0.01510	0.99988	0.00169	-0.00169	-0.00172	1.00000		-0.01619	6.71429	0.67566	0.05984	-0.04793	4.03503	1.70595	0.99752	-0.07037	0.00084	0.07037	0.99752	0.00104	-0.00091	-0.00098	1.00000	
53	0.26500	0.86536	-13.98876	0.37636	0.09134	-0.10363	-0.86217	0.22134	0.99989	0.01505	0.00181	-0.01505	0.99989	0.00159	-0.00178	-0.00162	1.00000		-0.01741	6.71358	0.66583	0.05665	-0.04401	4.03520	1.69894	0.99752	-0.07037	0.00077	0.07037	0.99752	0.00099	-0.00084	-0.00093	1.00000	
54	0.27000	0.87265	-13.97011	0.37562	0.09183	-0.10789	-0.86297	0.20450	0.99988	0.01506	0.00188	-0.01506	0.99989	0.00160	-0.00186	-0.00163	1.00000		-0.00945	6.73037	0.66397	0.05635	-0.04491	4.03414	1.69664	0.99752	-0.07035	0.00078	0.07035	0.99752	0.00098	-0.00085	-0.00093	1.00000	
55	0.27500	0.84221	-13.95313	0.37908	0.09468	-0.10709	-0.86255	0.22456	0.99988	0.01505	0.00187	-0.01506	0.99989	0.00165	-0.00184	-0.00168	1.00000		-0.03799	6.70158	0.64796	0.05271	-0.03727	4.03437	1.68814	0.99752	-0.07035	0.00065	0.07035	0.99752	0.00092	-0.00071	-0.00087	1.00000	
56	0.28000	0.84883	-13.94694	0.38172	0.09062	-0.10518	-0.86012	0.20415	0.99989	0.01501	0.00184	-0.01501	0.99989	0.00158	-0.00181	-0.00161	1.00000		-0.02124	6.72084	0.65497	0.05140	-0.03601	4.03317	1.70036	0.99752	-0.07033	0.00063	0.07033	0.99752	0.00090	-0.00069	-0.00085	1.00000	
57	0.28500	0.85610	-13.93357	0.38829	0.09418	-0.10726	-0.86517	0.20132	0.99988	0.01510	0.00187	-0.01510	0.99988	0.00164	-0.00185	-0.00167	1.00000		-0.06583	6.70434	0.66978	0.04879	-0.03053	4.03233	1.69838	0.99752	-0.07032	0.00053	0.07032	0.99752	0.00085	-0.00059	-0.00081	1.00000	
58	0.29000	0.89574	-13.94045	0.38144	0.08932	-0.11681	-0.86180	0.21003	0.99988	0.01504	0.00204	-0.01504	0.99989	0.00156	-0.00202	-0.00159	1.00000		-0.04183	6.71111	0.65999	0.04815	-0.02902	4.03483	1.69350	0.99752	-0.07036	0.00051	0.07036	0.99752	0.00084	-0.00056	-0.00080	1.00000	
59	0.29500	0.89625	-13.93521	0.38432	0.09045	-0.11705	-0.86185	0.21175	0.99988	0.01504	0.00204	-0.01504	0.99989	0.00158	-0.00202	-0.00161	1.00000		-0.04615	6.72006	0.65817	0.04631	-0.02792	4.03314	1.69204	0.99752	-0.07033	0.00049	0.07033	0.99752	0.00081	-0.00054	-0.00077	1.00000	
60	0.30000	0.88289	-13.94687	0.38411	0.08762	-0.12162	-0.85775	0.21919	0.99989	0.01497	0.00212	-0.01497	0.99989	0.00153	-0.00210	-0.00156	1.00000		-0.05254	6.71511	0.65889	0.04486	-0.02164	4.03521	1.69105	0.99752	-0.07037	0.00038	0.07037	0.99752	0.00078	-0.00043	-0.00075	1.00000	
61	0.30500	0.87343	-13.93415	0.39336	0.08874	-0.11900	-0.85994	0.20642	0.99989	0.01501	0.00208	-0.01501	0.99989	0.00155	-0.00205	-0.00158	1.00000		-0.04345	6.69149	0.64757	0.04115	-0.01986	4.03666	1.69853	0.99752	-0.07039	0.00035	0.07039	0.99752	0.00072	-0.00040	-0.00069	1.00000	
62	0.31000	0.90091	-13.93146	0.38696	0.08995	-0.12401	-0.85996	0.21184	0.99989	0.01501	0.00216	-0.01501	0.99989	0.00157	-0.00214	-0.00160	1.00000		-0.01700	6.70019	0.64280	0.03899	-0.01873	4.03612	1.69367	0.99752	-0.07039	0.00033	0.07039	0.99752	0.00068	-0.00037	-0.00066	1.00000	
63	0.31500	0.90229	-13.94967	0.39484	0.08640	-0.12721	-0.85961	0.19759	0.99989	0.01500	0.00222	-0.01501	0.99989	0.00151	-0.00220	-0.00154	1.00000		-0.03349	6.71605	0.65958	0.04052	-0.01757	4.03467	1.69082	0.99752	-0.07036	0.00031	0.07036	0.99752	0.00071	-0.00036	-0.00068	1.00000	
64	0.32000	0.91067	-13.93240	0.40258	0.08733	-0.12686	-0.86157	0.21273	0.99988	0.01504	0.00221	-0.01504	0.99989	0.00152	-0.00219	-0.00156	1.00000		-0.07555	6.70701	0.65042	0.03681	-0.01058	4.03317	1.69264	0.99752	-0.07033	0.00018	0.07033	0.99752	0.00064	-0.00023	-0.00063	1.00000	
65	0.32500	0.89008	-13.92316	0.40565	0.08810	-0.12760	-0.85720	0.21322	0.99989	0.01496	0.00223	-0.01496	0.99989	0.00154	-0.00220	-0.00157	1.00000		-0.05203	6.71622	0.64601	0.03650	-0.00894	4.03506	1.68856	0.99752	-0.07037	0.00016	0.07037	0.99752	0.00064	-0.00020	-0.00062	1.00000	
66	0.33000	0.91874	-13.92945	0.42401	0.08690	-0.12949	-0.85821	0.19403	0.99989	0.01498	0.00226	-0.01498	0.99989	0.00152	-0.00224	-0.00155	1.00000		-0.07266	6.70077	0.64498	0.03365	-0.00565	4.03507	1.68856	0.99752	-0.07037	0.00010	0.07037	0.99752	0.00059	-0.00014	-0.00058	1.00000	
67	0.33500	0.91112	-13.93939	0.41196	0.08647	-0.13263	-0.85785	0.20417	0.99989	0.01497	0.00231	-0.01498	0.99989	0.00151	-0.00229	-0.00154	1.00000		-0.09563	6.69792	0.64092	0.02971	-0.00496	4.03341	1.69837	0.99752	-0.07034	0.00009	0.07034	0.99752	0.00052	-0.00012	-0.00051	1.00000	
68	0.34000	0.89851	-13.92229	0.43013	0.08823	-0.13316	-0.85568	0.20834	0.99989	0.01493	0.00232	-0.01494	0.99989	0.00154	-0.00230	-0.00157	1.00000		-0.05697	6.70979	0.65033	0.02970	-0.00270	4.03282	1.68551	0.99752	-0.07033	0.00005	0.07033	0.99752	0.00052	-0.00008	-0.00051	1.00000	
69	0.34500	0.90053	-13.93329	0.43120	0.08763	-0.13401	-0.85447	0.20895	0.99989	0.01491	0.00234	-0.01492	0.99989	0.00153	-0.00232	-0.00156	1.00000		-0.07403	6.71275	0.64451	0.02804	0.00013	4.02893	1.68813	0.99753	-0.07026	-0.00000	0.07026	0.99753	0.00049	-0.00003	-0.00049	1.00000	
70	0.35000	0.91286	-13.90867	0.42681	0.08857	-0.13732	-0.85699	0.21142	0.99989	0.01496	0.00240	-0.01496	0.99989	0.00155	-0.00237	-0.00158	1.00000		-0.08309	6.71134	0.65420	0.02666	0.00217	4.03385	1.68284	0.99752	-0.07035	-0.00004	0.07035	0.99752	0.00047	0.00001	-0.00047	1.00000	
71	0.35500	0.90351	-13.92246	0.44026	0.08938	-0.13250	-0.85748	0.20829	0.99989	0.01497	0.00231	-0.01497	0.99989	0.00156	-0.00229	-0.00159	1.00000		-0.06401	6.71425	0.64856	0.02772	0.00260	4.03709	1.67428	0.99752	-0.07040	-0.00005	0.07040	0.99752	0.00048	0.00001	-0.00049	1.00000	
72	0.36000	0.91720	-13.92034	0.44491	0.09068	-0.13431	-0.85856	0.20141	0.99989	0.01498	0.00234	-0.01499	0.99989	0.00158	-0.00232	-0.00162	1.00000		-0.06554	6.70378	0.63273	0.02410	0.00615	4.03444	1.68487	0.99752	-0.07036	-0.00011	0.07036	0.99752	0.00042	0.00008	-0.00043	1.00000	
73	0.36500	0.91261	-13.90930	0.43444	0.09287	-0.13377	-0.85847	0.20570	0.99989	0.01498	0.00233	-0.01499	0.99989	0.00162	-0.00231	-0.00166	1.00000		-0.08660	6.69978	0.65113	0.02223	0.00783	4.03274	1.68198	0.99752	-0.07033	-0.00014	0.07033	0.99752	0.00039	0.00011	-0.00040	1.00000	
74	0.37000	0.91224	-13.91042	0.44109	0.09122	-0.13450	-0.85235	0.20922	0.99989	0.01488	0.00235	-0.01488	0.99989	0.00159	-0.00232	-0.00163	1.00000		-0.06261	6.70461	0.63432	0.02208	0.00765	4.03549	1.67202	0.99752	-0.07037	-0.00013	0.07037	0.99752	0.00039	0.00011	-0.00039	1.00000	
75	0.37500	0.92825	-13.93221	0.43682	0.09092	-0.13922	-0.85660	0.21975	0.99989	0.01495	0.00243	-0.01495	0.99989	0.00159	-0.00241	-0.00162	1.00000		-0.10015	6.71116	0.62885	0.02118	0.01070	4.03526	1.66325	0.99752	-0.07037	-0.00019	0.07037	0.99752	0.00037	0.00016	-0.00038	1.00000	
76	0.38000	0.90720	-13.91728	0.45761	0.09087	-0.13595	-0.85427	0.20968	0.99989	0.01491	0.00237	-0.01491	0.99989	0.00159	-0.00235	-0.00162	1.00000		-0.12382	6.71221	0.63267	0.02045	0.01323	4.03601	1.67718	0.99752	-0.07038	-0.00023	0.07038	0.99752	0.00036	0.00021	-0.00037	1.00000	
77	0.38500	0.92665	-13.90771	0.45398	0.09580	-0.13283	-0.86082	0.19491	0.99988	0.01502	0.00232	-0.01503	0.99989	0.00167	-0.00229	-0.00171	1.00000		-0.07407	6.70533	0.62790	0.01941	0.01470	4.03284	1.68765	0.99752	-0.07033	-0.00026	0.07033	0.99752	0.00034	0.00023	-0.00036	1.00000	
78	0.39000	0.90876	-13.92215	0.45168	0.09428	-0.13761	-0.85844	0.20980	0.99988	0.01498	0.00240	-0.01499	0.99989	0.00165	-0.00238	-0.00168	1.00000		-0.10471	6.69033	0.62436	0.01748	0.01447	4.03388	1.67394	0.99752	-0.07035	-0.00025	0.07035	0.99752	0.00031	0.00023	-0.00032	1.00000	
79	0.39500	0.90818	-13.91598	0.47153	0.09778	-0.13387	-0.85994	0.20697	0.99988	0.01501	0.00234	-0.01501	0.99989	0.00171	-0.00231	-0.00174	1.00000		-0.08782	6.69532	0.62536	0.01607	0.01696	4.03280	1.67286	0.99752	-0.07033	-0.00030	0.07033	0.99752	0.00028	0.00028	-0.00030	1.00000	
80	0.40000	0.93270	-13.92010	0.46371	0.09727	-0.13779	-0.85720	0.21681	0.99989	0.01496	0.00240	-0.01496	0.99989	0.00170	-0.00238	-0.00173	1.00000		-0.09744	6.71431	0.63045	0.01754	0.01895	4.03244	1.67194	0.99752	-0.07032	-0.00033	0.07032	0.99752	0.00031	0.00031	-0.00033	1.00000	
81	0.40500	0.91108	-13.92217	0.45479	0.09898	-0.12993	-0.85979	0.20271	0.99988	0.01501	0.00227	-0.01501	0.99989	0.00173	-0.00224	-0.00176	1.00000		-0.12709	6.69762	0.60768	0.01524	0.02193	4.03303	1.67015	0.99752	-0.07033	-0.00038	0.07033	0.99752	0.00027	0.00036	-0.00029	1.00000	
82	0.41000	0.95204	-13.90838	0.47424	0.09929	-0.13436	-0.85605	0.21240	0.99989	0.01494	0.00235	-0.01494	0.99989	0.00173	-0.00232	-0.00177	1.00000		-0.12949	6.70567	0.62752	0.01500	0.02261	4.03272	1.66881	0.99752	-0.07033	-0.00039	0.07033	0.99752	0.00026	0.00038	-0.00029	1.00000	
83	0.41500	0.90966	-13.91332	0.47825	0.10275	-0.12969	-0.85735	0.19842	0.99989	0.01496	0.00226	-0.01497	0.99989	0.00179	-0.00224	-0.00183	1.00000		-0.11741	6.69080	0.62788	0.01431	0.02041	4.03352	1.68678	0.99752	-0.07034	-0.00036	0.07034	0.99752	0.00025	0.00034	-0.00027	1.00000	
84	0.42000	0.89301	-13.92338	0.48402	0.10243	-0.12723	-0.85906	0.20870	0.99989	0.01499	0.00222	-0.01500	0.99989	0.00179	-0.00219	-0.00182	1.00000		-0.11924	6.70256	0.60879	0.01462	0.02415	4.03295	1.66320	0.99752	-0.07033	-0.00042	0.07033	0.99752	0.00026	0.00040	-0.00028	1.00000	
85	0.42500	0.93854	-13.92431	0.47395	0.10392	-0.13062	-0.86097	0.22534	0.99988	0.01503	0.00228	-0.01503	0.99989	0.00181	-0.00225	-0.00185	1.00000		-0.12552	6.71236	0.62217	0.01504	0.02585	4.03639	1.67911	0.99752	-0.07039	-0.00045	0.07039	0.99752	0.00026	0.00043	-0.00029	1.00000	
86	0.43000	0.90454	-13.91219	0.47887	0.10788	-0.12944	-0.86223	0.19522	0.99988	0.01505	0.00226	-0.01505	0.99988	0.00188	-0.00223	-0.00192	1.00000		-0.10375	6.71743	0.62031	0.01723	0.02182	4.03259	1.67669	0.99752	-0.07032	-0.00038	0.07032	0.99752	0.00030	0.00036	-0.00033	1.00000	
87	0.43500	0.93536	-13.92590	0.48280	0.10643	-0.12856	-0.86055	0.20087	0.99988	0.01502	0.00224	-0.01502	0.99989	0.00186	-0.00222	-0.00189	1.00000		-0.10216	6.70337	0.62816	0.01301	0.02480	4.02982	1.68717	0.99753	-0.07028	-0.00043	0.07028	0.99753	0.00023	0.00042	-0.00026	1.00000	
88	0.44000	0.92812	-13.93343	0.48162	0.10752	-0.12991	-0.85953	0.20611	0.99988	0.01500	0.00227	-0.01501	0.99989	0.00188	-0.00224	-0.00191	1.00000		-0.14610	6.70302	0.61511	0.01375	0.02721	4.03372	1.67710	0.99752	-0.07034	-0.00047	0.07034	0.99752	0.00024	0.00046	-0.00027	1.00000	
89	0.44500	0.91152	-13.93202	0.48455	0.10932	-0.12021	-0.86191	0.20818	0.99988	0.01504	0.00210	-0.01505	0.99988	0.00191	-0.00207	-0.00194	1.00000		-0.12701	6.70823	0.61465	0.01558	0.02577	4.03367	1.69649	0.99752	-0.07034	-0.00045	0.07034	0.99752	0.00027	0.00043	-0.00030	1.00000	
90	0.45000	0.88856	-13.93384	0.47740	0.11273	-0.11720	-0.86433	0.19055	0.99988	0.01508	0.00205	-0.01509	0.99988	0.00197	-0.00202	-0.00200	1.00000		-0.10558	6.69940	0.60356	0.01603	0.02526	4.03513	1.67194	0.99752	-0.07037	-0.00044	0.07037	0.99752	0.00028	0.00042	-0.00031	1.00000	
91	0.45500	0.89618	-13.92293	0.49001	0.11352	-0.11731	-0.86275	0.20413	0.99988	0.01506	0.00205	-0.01506	0.99988	0.00198	-0.00202	-0.00201	1.00000		-0.14863	6.72063	0.61068	0.01673	0.02781	4.03469	1.65719	0.99752	-0.07036	-0.00049	0.07036	0.99752	0.00029	0.00046	-0.00033	1.00000	
92	0.46000	0.93459	-13.93346	0.47893	0.11485	-0.11855	-0.86139	0.21147	0.99988	0.01503	0.00207	-0.01504	0.99988	0.00200	-0.00204	-0.00204	1.00000		-0.08523	6.71022	0.60287	0.01740	0.02385	4.03619	1.67393	0.99752	-0.07039	-0.00042	0.07039	0.99752	0.00030	0.00039	-0.00033	1.00000	
93	0.46500	0.91681	-13.92350	0.48665	0.11720	-0.11466	-0.86201	0.21175	0.99988	0.01504	0.00200	-0.01505	0.99988	0.00205	-0.00197	-0.00208	1.00000		-0.12277	6.68843	0.60968	0.01392	0.02470	4.03476	1.67772	0.99752	-0.07036	-0.00043	0.07036	0.99752	0.00024	0.00041	-0.00027	1.00000	
94	0.47000	0.92100	-13.94107	0.47513	0.11608	-0.11122	-0.86430	0.20653	0.99988	0.01508	0.00194	-0.01509	0.99988	0.00203	-0.00191	-0.00206	1.00000		-0.11182	6.71301	0.60192	0.01599	0.02503	4.03579	1.66529	0.99752	-0.07038	-0.00044	0.07038	0.99752	0.00028	0.00042	-0.00031	1.00000	
95	0.47500	0.90760	-13.93590	0.48405	0.11964	-0.10647	-0.85948	0.19132	0.99989	0.01500	0.00186	-0.01500	0.99989	0.00209	-0.00183	-0.00212	1.00000		-0.10506	6.70609	0.61663	0.01853	0.02166	4.03366	1.67870	0.99752	-0.07034	-0.00038	0.07034	0.99752	0.00032	0.00035	-0.00035	1.00000	
96	0.48000	0.91054	-13.93397	0.48577	0.12138	-0.10633	-0.86458	0.20277	0.99988	0.01509	0.00186	-0.01509	0.99988	0.00212	-0.00182	-0.00215	1.00000		-0.10946	6.70552	0.61809	0.01775	0.02088	4.03484	1.67289	0.99752	-0.07036	-0.00036	0.07036	0.99752	0.00031	0.00034	-0.00033	1.00000	
97	0.48500	0.92722	-13.94245	0.47921	0.11970	-0.10409	-0.85990	0.21759	0.99989	0.01501	0.00182	-0.01501	0.99989	0.00209	-0.00179	-0.00212	1.00000		-0.08446	6.71461	0.60233	0.01953	0.02019	4.03469	1.68071	0.99752	-0.07036	-0.00035	0.07036	0.99752	0.00034	0.00033	-0.00036	1.00000	
98	0.49000	0.92704	-13.95551	0.47545	0.12152	-0.10277	-0.85681	0.19610	0.99989	0.01495	0.00179	-0.01496	0.99989	0.00212	-0.00176	-0.00215	1.00000		-0.05555	6.69837	0.60814	0.01804	0.01688	4.03597	1.68373	0.99752	-0.07038	-0.00029	0.07038	0.99752	0.00031	0.00027	-0.00033	1.00000	
99	0.49500	0.91003	-13.93810	0.47770	0.12613	-0.09887	-0.86082	0.19565	0.99989	0.01502	0.00173	-0.01503	0.99988	0.00220	-0.00169	-0.00223	1.00000		-0.11858	6.69195	0.60109	0.01765	0.02028	4.03460	1.68451	0.99752	-0.07036	-0.00035	0.07036	0.99752	0.00031	0.00033	-0.00033	1.00000	
100	0.50000	0.92750	-13.96003	0.47764	0.12349	-0.09545	-0.86406	0.19799	0.99988	0.01508	0.00167	-0.01508	0.99988	0.00216	-0.00163	-0.00218	1.00000		-0.08010	6.71054	0.60550	0.01888	0.01936	4.03455	1.68062	0.99752	-0.07036	-0.00034	0.07036	0.99752	0.00033	0.00031	-0.00035	1.00000	
101	0.50500	0.93398	-13.95759	0.46727	0.12554	-0.09439	-0.86488	0.19569	0.99988	0.01509	0.00165	-0.01510	0.99988	0.00219	-0.00161	-0.00222	1.00000		-0.09827	6.69643	0.59312	0.01857	0.02023	4.03389	1.68011	0.99752	-0.07035	-0.00035	0.07035	0.99752	0.00032	0.00033	-0.00035	1.00000	
102	0.51000	0.88570	-13.94604	0.47700	0.12731	-0.08920	-0.86385	0.19313	0.99989	0.01508	0.00156	-0.01508	0.99988	0.00222	-0.00152	-0.00225	1.00000		-0.06863	6.71080	0.60997	0.02156	0.01547	4.03650	1.65632	0.99752	-0.07039	-0.00027	0.07039	0.99752	0.00038	0.00024	-0.00039	1.00000	
103	0.51500	0.93640	-13.96214	0.47483	0.12780	-0.08847	-0.86343	0.21374	0.99989	0.01507	0.00154	-0.01507	0.99988	0.00223	-0.00151	-0.00225	1.00000		-0.08521	6.71242	0.60531	0.02319	0.01484	4.03610	1.68298	0.99752	-0.07038	-0.00026	0.07039	0.99752	0.00040	0.00023	-0.00042	1.00000	
104	0.52000	0.90639	-13.95955	0.47233	0.12816	-0.08269	-0.86427	0.20020	0.99989	0.01508	0.00144	-0.01509	0.99988	0.00224	-0.00141	-0.00226	1.00000		-0.05792	6.70657	0.60534	0.02312	0.01171	4.03456	1.68889	0.99752	-0.07036	-0.00020	0.07036	0.99752	0.00040	0.00018	-0.00042	1.00000	
105	0.52500	0.94948	-13.95996	0.45909	0.13080	-0.08248	-0.86242	0.21433	0.99989	0.01505	0.00144	-0.01505	0.99988	0.00228	-0.00140	-0.00230	1.00000		-0.06349	6.71295	0.61285	0.02478	0.01093	4.03389	1.68069	0.99752	-0.07035	-0.00019	0.07035	0.99752	0.00043	0.00016	-0.00044	1.00000	
106	0.53000	0.93434	-13.95953	0.46250	0.13262	-0.07764	-0.86814	0.19379	0.99988	0.01515	0.00136	-0.01515	0.99988	0.00231	-0.00132	-0.00233	1.00000		-0.04956	6.71514	0.62093	0.02525	0.00861	4.03310	1.70030	0.99752	-0.07033	-0.00015	0.07033	0.99752	0.00044	0.00012	-0.00045	1.00000	
107	0.53500	0.90616	-13.95548	0.45684	0.13240	-0.07628	-0.86309	0.21058	0.99989	0.01506	0.00133	-0.01507	0.99988	0.00231	-0.00130	-0.00233	1.00000		-0.05662	6.71801	0.62074	0.02644	0.00804	4.03316	1.69572	0.99752	-0.07033	-0.00014	0.07033	0.99752	0.00046	0.00011	-0.00047	1.00000	
108	0.54000	0.94243	-13.97816	0.47350	0.13035	-0.07437	-0.86271	0.19278	0.99989	0.01506	0.00130	-0.01506	0.99988	0.00228	-0.00126	-0.00229	1.00000		-0.01816	6.70498	0.62779	0.02529	0.00292	4.03139	1.70171	0.99753	-0.07030	-0.00005	0.07030	0.99753	0.00044	0.00002	-0.00044	1.00000	
109	0.54500	0.92690	-13.95935	0.45353	0.13371	-0.06861	-0.86272	0.20934	0.99989	0.01506	0.00120	-0.01506	0.99988	0.00233	-0.00116	-0.00235	1.00000		-0.01970	6.72357	0.61536	0.02781	0.00189	4.03288	1.69576	0.99752	-0.07033	-0.00003	0.07033	0.99752	0.00049	-0.00000	-0.00049	1.00000	
110	0.55000	0.89886	-13.95082	0.46173	0.13748	-0.06085	-0.86895	0.19269	0.99988	0.01517	0.00106	-0.01517	0.99988	0.00240	-0.00103	-0.00242	1.00000		-0.00520	6.70805	0.62653	0.02733	-0.00058	4.03687	1.69284	0.99752	-0.07040	0.00001	0.07040	0.99752	0.00048	-0.00004	-0.00048	1.00000	
111	0.55500	0.93592	-13.96169	0.44523	0.13712	-0.06098	-0.86892	0.19079	0.99988	0.01516	0.00106	-0.01517	0.99988	0.00239	-0.00103	-0.00241	1.00000		0.01525	6.69923	0.61696	0.02832	-0.00283	4.03650	1.68031	0.99752	-0.07039	0.00005	0.07039	0.99752	0.00049	-0.00008	-0.00049	1.00000	
112	0.56000	0.94546	-13.98372	0.44926	0.13060	-0.06572	-0.86779	0.19551	0.99988	0.01515	0.00115	-0.01515	0.99988	0.00228	-0.00111	-0.00230	1.00000		0.01708	6.71386	0.61936	0.02984	-0.00469	4.03416	1.69745	0.99752	-0.07035	0.00008	0.07035	0.99752	0.00052	-0.00012	-0.00051	1.00000	
113	0.56500	0.90566	-13.95958	0.44059	0.13747	-0.05349	-0.86512	0.19927	0.99989	0.01510	0.00093	-0.01510	0.99988	0.00240	-0.00090	-0.00241	1.00000		0.03226	6.71789	0.61609	0.03244	-0.00722	4.03589	1.69536	0.99752	-0.07038	0.00013	0.07038	0.99752	0.00057	-0.00017	-0.00056	1.00000	
114	0.57000	0.94800	-13.96332	0.43845	0.13741	-0.05355	-0.86640	0.20076	0.99989	0.01512	0.00093	-0.01512	0.99988	0.00240	-0.00090	-0.00241	1.00000		0.03214	6.70554	0.62620	0.03010	-0.01082	4.03367	1.70087	0.99752	-0.07034	0.00019	0.07034	0.99752	0.00053	-0.00023	-0.00051	1.00000	
115	0.57500	0.91224	-13.93610	0.41362	0.14281	-0.04705	-0.86641	0.21374	0.99989	0.01512	0.00082	-0.01512	0.99988	0.00249	-0.00078	-0.00250	1.00000		0.04202	6.72119	0.63662	0.03380	-0.01393	4.03541	1.69632	0.99752	-0.07037	0.00024	0.07037	0.99752	0.00059	-0.00028	-0.00057	1.00000	
116	0.58000	0.95294	-13.97613	0.42932	0.13709	-0.05023	-0.86743	0.20671	0.99989	0.01514	0.00088	-0.01514	0.99988	0.00239	-0.00084	-0.00241	1.00000		0.06941	6.72694	0.63727	0.03612	-0.01672	4.03773	1.69840	0.99752	-0.07041	0.00029	0.07041	0.99752	0.00063	-0.00034	-0.00061	1.00000	
117	0.58500	0.91820	-13.96647	0.43905	0.13896	-0.03917	-0.86753	0.22120	0.99989	0.01514	0.00068	-0.01514	0.99988	0.00243	-0.00065	-0.00244	1.00000		0.05866	6.72581	0.63683	0.03534	-0.01968	4.04037	1.68169	0.99751	-0.07046	0.00034	0.07046	0.99751	0.00062	-0.00039	-0.00059	1.00000	
118	0.59000	0.94113	-13.96958	0.41908	0.13905	-0.04298	-0.86838	0.21234	0.99988	0.01516	0.00075	-0.01516	0.99988	0.00243	-0.00071	-0.00244	1.00000		0.07230	6.72166	0.64160	0.03618	-0.02233	4.03897	1.68268	0.99752	-0.07044	0.00039	0.07043	0.99752	0.00063	-0.00043	-0.00060	1.00000	
119	0.59500	0.90736	-13.98601	0.41690	0.13717	-0.03581	-0.86637	0.20155	0.99989	0.01512	0.00063	-0.01512	0.99988	0.00239	-0.00059	-0.00240	1.00000		0.09574	6.72329	0.64731	0.03875	-0.02833	4.03604	1.69548	0.99752	-0.07038	0.00049	0.07038	0.99752	0.00068	-0.00054	-0.00064	1.00000	
120	0.60000	0.90011	-13.94480	0.40340	0.14322	-0.03230	-0.86788	0.19785	0.99989	0.01515	0.00056	-0.01515	0.99988	0.00250	-0.00053	-0.00251	1.00000		0.06850	6.73343	0.63295	0.03788	-0.02845	4.03620	1.70057	0.99752	-0.07039	0.00050	0.07039	0.99752	0.00066	-0.00054	-0.00062	1.00000	
121	0.60500	0.92101	-13.96480	0.40408	0.14084	-0.03311	-0.86810	0.21133	0.99989	0.01515	0.00058	-0.01515	0.99988	0.00246	-0.00054	-0.00247	1.00000		0.07541	6.74434	0.64225	0.04057	-0.03123	4.03627	1.69591	0.99752	-0.07039	0.00055	0.07039	0.99752	0.00071	-0.00059	-0.00067	1.00000	
122	0.61000	0.90867	-13.96764	0.39290	0.14195	-0.02688	-0.86678	0.20317	0.99989	0.01513	0.00047	-0.01513	0.99988	0.00248	-0.00043	-0.00248	1.00000		0.09062	6.75251	0.64478	0.04251	-0.03348	4.03990	1.69211	0.99752	-0.07045	0.00058	0.07045	0.99752	0.00074	-0.00064	-0.00070	1.00000	
123	0.61500	0.92111	-13.96991	0.39582	0.13979	-0.02932	-0.86942	0.20954	0.99988	0.01517	0.00051	-0.01517	0.99988	0.00244	-0.00047	-0.00245	1.00000		0.12139	6.75384	0.64727	0.04199	-0.03697	4.03703	1.69795	0.99752	-0.07040	0.00065	0.07040	0.99752	0.00073	-0.00070	-0.00069	1.00000	
124	0.62000	0.90906	-13.96344	0.37131	0.14246	-0.02576	-0.87393	0.20266	0.99988	0.01525	0.00045	-0.01525	0.99988	0.00249	-0.00041	-0.00249	1.00000		0.09759	6.74266	0.66333	0.04236	-0.03843	4.03851	1.68541	0.99752	-0.07043	0.00067	0.07043	0.99752	0.00074	-0.00072	-0.00069	1.00000	
125	0.62500	0.91476	-13.97033	0.38105	0.14040	-0.02116	-0.86491	0.20264	0.99989	0.01509	0.00037	-0.01510	0.99988	0.00245	-0.00033	-0.00246	1.00000		0.10736	6.74330	0.66652	0.04315	-0.04189	4.03688	1.69698	0.99752	-0.07040	0.00073	0.07040	0.99752	0.00075	-0.00078	-0.00070	1.00000	
126	0.63000	0.91395	-13.98794	0.39608	0.13609	-0.02291	-0.86933	0.19986	0.99988	0.01517	0.00040	-0.01517	0.99988	0.00238	-0.00036	-0.00238	1.00000		0.09670	6.75183	0.65559	0.04271	-0.04345	4.03474	1.68826	0.99752	-0.07036	0.00076	0.07036	0.99752	0.00075	-0.00081	-0.00069	1.00000	
127	0.63500	0.89100	-13.96202	0.37686	0.14175	-0.01683	-0.86457	0.20707	0.99989	0.01509	0.00029	-0.01509	0.99988	0.00247	-0.00026	-0.00248	1.00000		0.10771	6.75539	0.66007	0.04420	-0.04704	4.03463	1.68356	0.99752	-0.07036	0.00082	0.07036	0.99752	0.00077	-0.00087	-0.00071	1.00000	
128	0.64000	0.90531	-13.98258	0.36954	0.13901	-0.01700	-0.86586	0.22104	0.99989	0.01511	0.00030	-0.01511	0.99988	0.00243	-0.00026	-0.00243	1.00000		0.10683	6.73830	0.66859	0.04390	-0.04881	4.03727	1.69204	0.99752	-0.07041	0.00085	0.07040	0.99752	0.00077	-0.00090	-0.00070	1.00000	
129	0.64500	0.91064	-13.96551	0.36837	0.14231	-0.01215	-0.87050	0.21546	0.99988	0.01519	0.00021	-0.01519	0.99988	0.00248	-0.00017	-0.00249	1.00000		0.14196	6.76414	0.66355	0.04682	-0.05453	4.03436	1.67902	0.99752	-0.07035	0.00095	0.07035	0.99752	0.00082	-0.00101	-0.00075	1.00000	
130	0.65000	0.90815	-13.97594	0.34680	0.14060	-0.01076	-0.87120	0.21088	0.99988	0.01520	0.00019	-0.01521	0.99988	0.00245	-0.00015	-0.00246	1.00000		0.14282	6.75021	0.66682	0.04788	-0.05829	4.03699	1.68276	0.99752	-0.07040	0.00102	0.07040	0.99752	0.00084	-0.00107	-0.00076	1.00000	
131	0.65500	0.88290	-13.97071	0.35194	0.14193	-0.00827	-0.86808	0.22451	0.99989	0.01515	0.00014	-0.01515	0.99988	0.00248	-0.00011	-0.00248	1.00000		0.13026	6.76619	0.66475	0.04880	-0.05929	4.03595	1.69392	0.99752	-0.07038	0.00103	0.07038	0.99752	0.00085	-0.00109	-0.00078	1.00000	
132	0.66000	0.90375	-13.97544	0.34918	0.14102	-0.00939	-0.87172	0.20977	0.99988	0.01521	0.00016	-0.01521	0.99988	0.00246	-0.00013	-0.00246	1.00000		0.16298	6.73856	0.67141	0.04610	-0.06187	4.03659	1.68278	0.99752	-0.07039	0.00108	0.07039	0.99752	0.00080	-0.00113	-0.00073	1.00000	
133	0.66500	0.88658	-13.96657	0.34920	0.14082	-0.00915	-0.87025	0.22024	0.99988	0.01519	0.00016	-0.01519	0.99988	0.00246	-0.00012	-0.00246	1.00000		0.20888	6.76832	0.67694	0.04946	-0.07048	4.03759	1.69258	0.99752	-0.07041	0.00123	0.07041	0.99752	0.00086	-0.00129	-0.00077	1.00000	
134	0.67000	0.91583	-13.97634	0.34625	0.14020	-0.00600	-0.87568	0.20408	0.99988	0.01528	0.00010	-0.01528	0.99988	0.00245	-0.00007	-0.00245	1.00000		0.14402	6.77790	0.67407	0.05131	-0.06807	4.03914	1.67139	0.99752	-0.07044	0.00119	0.07044	0.99752	0.00090	-0.00125	-0.00081	1.00000	
135	0.67500	0.90215	-13.97832	0.33342	0.14004	-0.00644	-0.87488	0.20443	0.99988	0.01527	0.00011	-0.01527	0.99988	0.00244	-0.00007	-0.00245	1.00000		0.18813	6.76886	0.67448	0.05091	-0.07396	4.03778	1.67552	0.99752	-0.07041	0.00129	0.07041	0.99752	0.00089	-0.00135	-0.00080	1.00000	
136	0.68000	0.89749	-13.98273	0.34745	0.13780	-0.00289	-0.87266	0.20014	0.99988	0.01523	0.00005	-0.01523	0.99988	0.00241	-0.00001	-0.00241	1.00000		0.15622	6.77779	0.67829	0.05150	-0.07338	4.03942	1.68072	0.99752	-0.07044	0.00128	0.07044	0.99752	0.00090	-0.00134	-0.00081	1.00000	
137	0.68500	0.89805	-13.99318	0.33112	0.13627	-0.00104	-0.87042	0.22082	0.99988	0.01519	0.00002	-0.01519	0.99988	0.00238	0.00002	-0.00238	1.00000		0.21592	6.76568	0.68757	0.05237	-0.07884	4.03884	1.67560	0.99752	-0.07043	0.00138	0.07043	0.99752	0.00091	-0.00144	-0.00081	1.00000	
138	0.69000	0.91329	-13.97250	0.32837	0.13878	-0.00065	-0.87287	0.21130	0.99988	0.01523	0.00001	-0.01523	0.99988	0.00242	0.00003	-0.00242	1.00000		0.20848	6.75170	0.68851	0.05063	-0.08282	4.03763	1.69626	0.99752	-0.07041	0.00145	0.07041	0.99752	0.00088	-0.00150	-0.00078	1.00000	
139	0.69500	0.89413	-13.99587	0.33917	0.13596	-0.00088	-0.87482	0.22886	0.99988	0.01527	0.00002	-0.01527	0.99988	0.00237	0.00002	-0.00237	1.00000		0.23138	6.77471	0.68626	0.05344	-0.08605	4.03995	1.69237	0.99751	-0.07045	0.00150	0.07045	0.99751	0.00093	-0.00156	-0.00082	1.00000	
140	0.70000	0.95715	-14.01571	0.34047	0.12979	-0.00549	-0.87535	0.21395	0.99988	0.01528	0.00010	-0.01528	0.99988	0.00227	-0.00006	-0.00227	1.00000		0.22128	6.76405	0.68287	0.05288	-0.08485	4.03832	1.67651	0.99752	-0.07042	0.00148	0.07042	0.99752	0.00092	-0.00154	-0.00082	1.00000	
