NO_OF_FRAMES	12051
NO_OF_CAMERAS	8
NO_OF_BODIES	2
FREQUENCY	200
NO_OF_ANALOG	0
ANALOG_FREQUENCY	0
DESCRIPTION	--
TIME_STAMP	2013-07-05, 13:47:12	191245.50145564
DATA_INCLUDED	6D
BODY_NAMES	Ice 2 V2	Ice 3
Frame	Time	Ice 2 V2 X	Y	Z	Roll	Pitch	Yaw	Residual	Rot[0]	Rot[1]	Rot[2]	Rot[3]	Rot[4]	Rot[5]	Rot[6]	Rot[7]	Rot[8]	Ice 3 X	Y	Z	Roll	Pitch	Yaw	Residual	Rot[0]	Rot[1]	Rot[2]	Rot[3]	Rot[4]	Rot[5]	Rot[6]	Rot[7]	Rot[8]	
1	0.00500	-4.96638	27.07059	-1.21624	-0.35753	0.55141	-18.17363	0.38443	0.95007	0.31188	-0.00962	-0.31195	0.95008	-0.00624	0.00720	0.00893	0.99993		-2.73261	10.96993	-2.98080	-0.38344	-0.48971	12.42935	2.48295	0.97653	-0.21523	0.00855	0.21529	0.97653	-0.00669	-0.00691	0.00837	0.99994	
2	0.01000	-4.99231	27.21229	-1.25096	-0.33097	0.54473	-18.17510	0.38387	0.95006	0.31191	-0.00951	-0.31197	0.95007	-0.00578	0.00723	0.00845	0.99994		-2.70792	11.10948	-3.04696	-0.36898	-0.48774	12.42516	2.46231	0.97654	-0.21516	0.00851	0.21521	0.97655	-0.00644	-0.00693	0.00812	0.99994	
3	0.01500	-5.00124	27.31171	-1.29860	-0.31319	0.53620	-18.17363	0.37507	0.95007	0.31188	-0.00936	-0.31194	0.95009	-0.00547	0.00719	0.00811	0.99994		-2.70902	11.23130	-3.11452	-0.35748	-0.48531	12.42305	2.45826	0.97655	-0.21512	0.00847	0.21518	0.97656	-0.00624	-0.00693	0.00792	0.99994	
4	0.02000	-4.95100	27.40151	-1.32502	-0.29328	0.52835	-18.17845	0.36930	0.95005	0.31196	-0.00922	-0.31202	0.95006	-0.00512	0.00716	0.00774	0.99994		-2.64384	11.36949	-3.15512	-0.33738	-0.48617	12.42093	2.46983	0.97656	-0.21508	0.00849	0.21514	0.97657	-0.00589	-0.00702	0.00758	0.99995	
5	0.02500	-4.95679	27.49353	-1.35486	-0.27415	0.51490	-18.17362	0.36749	0.95008	0.31188	-0.00899	-0.31193	0.95009	-0.00478	0.00705	0.00735	0.99995		-2.68910	11.52584	-3.20736	-0.31927	-0.48346	12.42280	2.44343	0.97655	-0.21512	0.00844	0.21517	0.97656	-0.00557	-0.00704	0.00726	0.99995	
6	0.03000	-4.99447	27.57864	-1.38466	-0.25421	0.51288	-18.17917	0.38104	0.95005	0.31198	-0.00895	-0.31202	0.95006	-0.00444	0.00712	0.00701	0.99995		-2.67600	11.65593	-3.24584	-0.30150	-0.48292	12.41952	2.45136	0.97656	-0.21506	0.00843	0.21511	0.97658	-0.00526	-0.00710	0.00695	0.99995	
7	0.03500	-4.96250	27.65273	-1.39490	-0.23225	0.50402	-18.17647	0.36858	0.95006	0.31193	-0.00880	-0.31198	0.95008	-0.00405	0.00709	0.00660	0.99995		-2.61753	11.78037	-3.28097	-0.28130	-0.47996	12.41715	2.44249	0.97657	-0.21502	0.00838	0.21507	0.97659	-0.00491	-0.00713	0.00660	0.99995	
8	0.04000	-4.98606	27.72961	-1.43522	-0.21381	0.49310	-18.17774	0.38429	0.95006	0.31195	-0.00861	-0.31199	0.95008	-0.00373	0.00701	0.00623	0.99996		-2.64284	11.95598	-3.34219	-0.25952	-0.47975	12.41754	2.42953	0.97657	-0.21503	0.00837	0.21507	0.97659	-0.00453	-0.00720	0.00622	0.99995	
9	0.04500	-4.98154	27.78043	-1.45595	-0.18960	0.48729	-18.18291	0.38374	0.95003	0.31204	-0.00850	-0.31208	0.95005	-0.00331	0.00705	0.00580	0.99996		-2.65549	12.07163	-3.38384	-0.23990	-0.47365	12.41393	2.44925	0.97659	-0.21497	0.00827	0.21500	0.97660	-0.00419	-0.00717	0.00587	0.99996	
10	0.05000	-4.96592	27.83135	-1.49012	-0.16653	0.48058	-18.19512	0.40494	0.94997	0.31224	-0.00839	-0.31228	0.94999	-0.00291	0.00706	0.00538	0.99996		-2.63403	12.20958	-3.42187	-0.21742	-0.47060	12.41467	2.45418	0.97658	-0.21498	0.00821	0.21501	0.97660	-0.00379	-0.00721	0.00547	0.99996	
11	0.05500	-5.01320	27.89842	-1.51496	-0.14480	0.46777	-18.19637	0.39892	0.94996	0.31226	-0.00816	-0.31229	0.94998	-0.00253	0.00697	0.00495	0.99996		-2.63520	12.35553	-3.45894	-0.19457	-0.46853	12.41490	2.45874	0.97658	-0.21498	0.00818	0.21502	0.97660	-0.00340	-0.00726	0.00507	0.99996	
12	0.06000	-5.02561	28.00982	-1.56477	-0.09867	0.47945	-18.20756	0.39714	0.94990	0.31245	-0.00837	-0.31247	0.94992	-0.00172	0.00741	0.00425	0.99996		-2.62860	12.46844	-3.49245	-0.17112	-0.46543	12.41541	2.45916	0.97658	-0.21499	0.00812	0.21502	0.97660	-0.00299	-0.00729	0.00466	0.99996	
13	0.06500	-4.98885	28.06452	-1.58812	-0.07718	0.46358	-18.20561	0.38920	0.94991	0.31242	-0.00809	-0.31244	0.94994	-0.00135	0.00727	0.00381	0.99997		-2.63512	12.61954	-3.51529	-0.14648	-0.45894	12.41580	2.46208	0.97658	-0.21500	0.00801	0.21502	0.97661	-0.00256	-0.00727	0.00422	0.99996	
14	0.07000	-4.99499	28.08241	-1.60040	-0.05328	0.45687	-18.21202	0.40117	0.94988	0.31252	-0.00797	-0.31254	0.94990	-0.00093	0.00728	0.00338	0.99997		-2.64323	12.75600	-3.53523	-0.11875	-0.45426	12.41553	2.45996	0.97658	-0.21499	0.00793	0.21502	0.97661	-0.00207	-0.00730	0.00373	0.99997	
15	0.07500	-4.99294	28.10251	-1.63348	-0.02843	0.45117	-18.20521	0.39571	0.94991	0.31241	-0.00787	-0.31242	0.94994	-0.00050	0.00733	0.00293	0.99997		-2.65144	12.87939	-3.55702	-0.09268	-0.44835	12.41522	2.47596	0.97659	-0.21499	0.00783	0.21501	0.97661	-0.00162	-0.00729	0.00326	0.99997	
16	0.08000	-5.02342	28.16041	-1.64187	-0.00084	0.44421	-18.20628	0.40623	0.94991	0.31243	-0.00775	-0.31244	0.94994	-0.00001	0.00736	0.00244	0.99997		-2.66699	13.02851	-3.59453	-0.06650	-0.44351	12.41711	2.48415	0.97658	-0.21502	0.00774	0.21504	0.97661	-0.00116	-0.00731	0.00280	0.99997	
17	0.08500	-5.02613	28.18150	-1.67075	0.02660	0.43296	-18.20046	0.38474	0.94994	0.31233	-0.00756	-0.31234	0.94997	0.00046	0.00732	0.00192	0.99997		-2.67000	13.15994	-3.62687	-0.03550	-0.43654	12.41502	2.49051	0.97659	-0.21499	0.00762	0.21500	0.97661	-0.00062	-0.00731	0.00224	0.99997	
18	0.09000	-4.99514	28.20366	-1.70297	0.05619	0.42366	-18.19826	0.38555	0.94996	0.31230	-0.00739	-0.31230	0.94998	0.00098	0.00733	0.00138	0.99997		-2.67828	13.27602	-3.65136	-0.00559	-0.43039	12.41795	2.50981	0.97658	-0.21504	0.00751	0.21504	0.97660	-0.00010	-0.00731	0.00171	0.99997	
19	0.09500	-5.02739	28.24947	-1.70425	0.08227	0.41401	-18.19412	0.38312	0.94998	0.31223	-0.00723	-0.31223	0.95001	0.00144	0.00731	0.00089	0.99997		-2.71229	13.41086	-3.66822	0.01975	-0.42501	12.41618	2.51751	0.97658	-0.21501	0.00742	0.21501	0.97661	0.00034	-0.00732	0.00126	0.99997	
20	0.10000	-4.95978	28.22080	-1.69499	0.10582	0.40188	-18.19240	0.37852	0.94999	0.31220	-0.00701	-0.31220	0.95002	0.00185	0.00724	0.00044	0.99997		-2.69135	13.49137	-3.66532	0.04893	-0.41660	12.41866	2.52495	0.97658	-0.21505	0.00727	0.21505	0.97660	0.00085	-0.00728	0.00073	0.99997	
21	0.10500	-4.95128	28.21154	-1.71595	0.13092	0.38879	-18.19205	0.39044	0.94999	0.31220	-0.00679	-0.31219	0.95002	0.00228	0.00716	-0.00005	0.99997		-2.72043	13.63468	-3.66379	0.08154	-0.40944	12.42184	2.53468	0.97657	-0.21510	0.00715	0.21510	0.97659	0.00142	-0.00728	0.00015	0.99997	
22	0.11000	-5.00988	28.23533	-1.74201	0.15693	0.37993	-18.19233	0.38465	0.94999	0.31220	-0.00663	-0.31219	0.95002	0.00274	0.00715	-0.00053	0.99997		-2.76332	13.75329	-3.71286	0.11066	-0.40259	12.42460	2.55978	0.97656	-0.21515	0.00703	0.21514	0.97658	0.00193	-0.00728	-0.00037	0.99997	
23	0.11500	-4.96324	28.15941	-1.73690	0.18072	0.37334	-18.18781	0.38688	0.95002	0.31213	-0.00652	-0.31211	0.95004	0.00315	0.00717	-0.00096	0.99997		-2.74232	13.81424	-3.69528	0.13890	-0.39151	12.42488	2.59483	0.97656	-0.21515	0.00683	0.21514	0.97658	0.00242	-0.00719	-0.00090	0.99997	
24	0.12000	-5.01961	28.16659	-1.76295	0.20880	0.36495	-18.18963	0.38222	0.95001	0.31216	-0.00637	-0.31214	0.95003	0.00364	0.00719	-0.00147	0.99997		-2.80490	13.94568	-3.72971	0.17073	-0.38601	12.42586	2.62150	0.97655	-0.21517	0.00674	0.21516	0.97658	0.00298	-0.00722	-0.00146	0.99997	
25	0.12500	-5.03594	28.14518	-1.76264	0.23731	0.35747	-18.18262	0.38826	0.95005	0.31204	-0.00624	-0.31202	0.95007	0.00414	0.00722	-0.00199	0.99997		-2.80039	14.04479	-3.74175	0.20174	-0.37742	12.43130	2.62462	0.97653	-0.21526	0.00659	0.21524	0.97655	0.00352	-0.00719	-0.00202	0.99997	
26	0.13000	-4.96106	28.07983	-1.74573	0.25956	0.34929	-18.18857	0.40554	0.95002	0.31214	-0.00610	-0.31212	0.95003	0.00453	0.00721	-0.00240	0.99997		-2.74066	14.12435	-3.72690	0.23655	-0.37516	12.43211	2.66337	0.97653	-0.21528	0.00655	0.21525	0.97655	0.00413	-0.00728	-0.00262	0.99997	
27	0.13500	-5.06659	28.16884	-1.83619	0.30859	0.34965	-18.20263	0.38814	0.94994	0.31237	-0.00610	-0.31234	0.94995	0.00539	0.00748	-0.00321	0.99997		-2.87736	14.24270	-3.73617	0.26610	-0.36482	12.43258	2.67624	0.97653	-0.21529	0.00637	0.21526	0.97655	0.00464	-0.00722	-0.00316	0.99997	
28	0.14000	-4.98435	28.08538	-1.81456	0.33322	0.34243	-18.20569	0.39743	0.94992	0.31242	-0.00598	-0.31239	0.94994	0.00582	0.00749	-0.00366	0.99997		-2.79655	14.30642	-3.70045	0.29903	-0.35806	12.43729	2.69006	0.97651	-0.21537	0.00625	0.21534	0.97653	0.00522	-0.00723	-0.00375	0.99997	
29	0.14500	-4.99873	28.03867	-1.80395	0.35638	0.33638	-18.19965	0.39877	0.94996	0.31232	-0.00587	-0.31229	0.94997	0.00622	0.00752	-0.00408	0.99996		-2.85458	14.37417	-3.70005	0.32805	-0.35034	12.43688	2.74652	0.97652	-0.21536	0.00611	0.21533	0.97653	0.00573	-0.00720	-0.00427	0.99996	
30	0.15000	-5.01638	27.99777	-1.81871	0.38012	0.32475	-18.20797	0.39712	0.94991	0.31246	-0.00567	-0.31242	0.94992	0.00663	0.00746	-0.00453	0.99996		-2.90022	14.46463	-3.68929	0.35891	-0.34368	12.44226	2.75745	0.97650	-0.21545	0.00600	0.21541	0.97650	0.00626	-0.00721	-0.00482	0.99996	
31	0.15500	-4.97291	27.89804	-1.80335	0.40374	0.32010	-18.19900	0.39573	0.94996	0.31231	-0.00559	-0.31227	0.94997	0.00705	0.00751	-0.00495	0.99996		-2.92154	14.51713	-3.66446	0.39164	-0.33230	12.44373	2.79402	0.97649	-0.21548	0.00580	0.21544	0.97649	0.00684	-0.00714	-0.00543	0.99996	
32	0.16000	-5.02184	27.87726	-1.79865	0.42746	0.31119	-18.20177	0.39882	0.94995	0.31236	-0.00543	-0.31232	0.94995	0.00746	0.00749	-0.00539	0.99996		-2.96406	14.62992	-3.66409	0.42763	-0.32540	12.44721	2.82068	0.97648	-0.21554	0.00568	0.21549	0.97648	0.00746	-0.00715	-0.00606	0.99996	
33	0.16500	-4.99042	27.78332	-1.78389	0.45111	0.30536	-18.20132	0.39065	0.94995	0.31235	-0.00533	-0.31231	0.94995	0.00787	0.00752	-0.00581	0.99995		-2.93676	14.68702	-3.63339	0.46017	-0.31663	12.45231	2.85216	0.97646	-0.21562	0.00553	0.21558	0.97645	0.00803	-0.00713	-0.00665	0.99995	
34	0.17000	-4.99689	27.73206	-1.77817	0.47387	0.29814	-18.20133	0.39670	0.94995	0.31235	-0.00520	-0.31231	0.94995	0.00827	0.00753	-0.00623	0.99995		-2.96320	14.76888	-3.61688	0.49372	-0.31018	12.45198	2.88667	0.97646	-0.21562	0.00541	0.21557	0.97645	0.00862	-0.00714	-0.00725	0.99995	
35	0.17500	-5.03288	27.63397	-1.78100	0.49616	0.29632	-18.20147	0.40029	0.94995	0.31236	-0.00517	-0.31230	0.94994	0.00866	0.00762	-0.00661	0.99995		-3.01131	14.82835	-3.60135	0.52616	-0.29729	12.45789	2.91721	0.97644	-0.21572	0.00519	0.21567	0.97642	0.00918	-0.00705	-0.00785	0.99994	
36	0.18000	-4.99001	27.53806	-1.77851	0.51591	0.28487	-18.20586	0.38949	0.94993	0.31243	-0.00497	-0.31238	0.94992	0.00900	0.00754	-0.00700	0.99995		-3.01865	14.85925	-3.57262	0.55456	-0.28862	12.46170	2.97024	0.97643	-0.21578	0.00504	0.21573	0.97641	0.00968	-0.00701	-0.00836	0.99994	
37	0.18500	-5.06809	27.46951	-1.75362	0.53516	0.28490	-18.19868	0.39127	0.94997	0.31231	-0.00497	-0.31226	0.94995	0.00934	0.00764	-0.00732	0.99994		-3.08573	14.93056	-3.53640	0.58676	-0.28077	12.46363	3.01032	0.97642	-0.21582	0.00490	0.21576	0.97639	0.01024	-0.00699	-0.00894	0.99994	
38	0.19000	-5.00773	27.32821	-1.74472	0.55320	0.27615	-18.20333	0.39139	0.94994	0.31239	-0.00482	-0.31233	0.94992	0.00965	0.00759	-0.00767	0.99994		-3.10649	14.93520	-3.50487	0.61564	-0.26916	12.46824	3.05331	0.97641	-0.21590	0.00470	0.21584	0.97637	0.01074	-0.00691	-0.00948	0.99993	
39	0.19500	-5.04189	27.23009	-1.73870	0.56549	0.27335	-18.19910	0.39254	0.94997	0.31232	-0.00477	-0.31226	0.94995	0.00987	0.00761	-0.00789	0.99994		-3.13513	14.98995	-3.46936	0.64332	-0.25821	12.46962	3.08622	0.97640	-0.21592	0.00451	0.21586	0.97636	0.01123	-0.00682	-0.00999	0.99993	
40	0.20000	-5.05122	27.11663	-1.70178	0.58327	0.26710	-18.20241	0.39070	0.94995	0.31237	-0.00466	-0.31231	0.94992	0.01018	0.00761	-0.00821	0.99994		-3.18424	15.02142	-3.42634	0.67321	-0.24439	12.47588	3.10415	0.97638	-0.21603	0.00427	0.21596	0.97633	0.01175	-0.00670	-0.01055	0.99992	
41	0.20500	-5.05916	27.01249	-1.68430	0.59970	0.26333	-18.19849	0.38646	0.94997	0.31231	-0.00460	-0.31225	0.94994	0.01047	0.00763	-0.00851	0.99993		-3.21495	15.03044	-3.40775	0.70167	-0.23769	12.47815	3.16128	0.97637	-0.21607	0.00415	0.21600	0.97632	0.01225	-0.00670	-0.01106	0.99992	
42	0.21000	-5.06638	26.93281	-1.68251	0.61721	0.25557	-18.20204	0.39196	0.94995	0.31237	-0.00446	-0.31230	0.94992	0.01077	0.00760	-0.00884	0.99993		-3.25732	15.08052	-3.35921	0.73082	-0.22631	12.48080	3.19167	0.97636	-0.21611	0.00395	0.21605	0.97630	0.01275	-0.00661	-0.01160	0.99991	
43	0.21500	-5.04108	26.78694	-1.64134	0.63024	0.25476	-18.20103	0.40051	0.94996	0.31235	-0.00445	-0.31229	0.94992	0.01100	0.00766	-0.00906	0.99993		-3.29703	15.06724	-3.31594	0.75865	-0.21378	12.48590	3.22607	0.97634	-0.21620	0.00373	0.21613	0.97627	0.01324	-0.00651	-0.01212	0.99991	
44	0.22000	-5.06582	26.69217	-1.62725	0.64466	0.25158	-18.19874	0.40092	0.94997	0.31231	-0.00439	-0.31225	0.94993	0.01125	0.00768	-0.00932	0.99993		-3.36508	15.08130	-3.27945	0.78238	-0.20071	12.49174	3.27074	0.97632	-0.21630	0.00350	0.21623	0.97625	0.01365	-0.00637	-0.01257	0.99990	
45	0.22500	-5.08818	26.55989	-1.60454	0.65545	0.25400	-18.20100	0.40682	0.94996	0.31235	-0.00443	-0.31228	0.94992	0.01144	0.00778	-0.00948	0.99992		-3.41252	15.07955	-3.23209	0.80567	-0.19163	12.49660	3.31105	0.97630	-0.21638	0.00334	0.21631	0.97622	0.01406	-0.00631	-0.01300	0.99990	
46	0.23000	-5.08510	26.43874	-1.59096	0.66609	0.25002	-18.19944	0.40448	0.94997	0.31232	-0.00436	-0.31226	0.94993	0.01163	0.00778	-0.00968	0.99992		-3.45056	15.06332	-3.18644	0.83162	-0.18307	12.49790	3.35626	0.97630	-0.21640	0.00320	0.21634	0.97621	0.01451	-0.00626	-0.01348	0.99989	
47	0.23500	-5.08241	26.31038	-1.57251	0.67546	0.24678	-18.19925	0.39479	0.94997	0.31232	-0.00431	-0.31225	0.94993	0.01179	0.00777	-0.00985	0.99992		-3.50268	15.05769	-3.13141	0.85372	-0.17368	12.49953	3.39755	0.97629	-0.21643	0.00303	0.21636	0.97620	0.01490	-0.00618	-0.01389	0.99988	
48	0.24000	-5.10276	26.19103	-1.54811	0.68353	0.24544	-18.20246	0.39811	0.94995	0.31237	-0.00428	-0.31230	0.94991	0.01193	0.00780	-0.00999	0.99992		-3.56407	15.05299	-3.07540	0.87529	-0.16061	12.50677	3.44685	0.97627	-0.21655	0.00280	0.21649	0.97617	0.01528	-0.00604	-0.01431	0.99988	
49	0.24500	-5.09839	26.05678	-1.52181	0.69336	0.24127	-18.20203	0.39711	0.94995	0.31237	-0.00421	-0.31230	0.94991	0.01210	0.00778	-0.01018	0.99992		-3.60852	14.99981	-3.02683	0.89651	-0.14870	12.51227	3.48737	0.97625	-0.21665	0.00260	0.21658	0.97614	0.01565	-0.00592	-0.01471	0.99987	
50	0.25000	-5.12931	25.92244	-1.49043	0.69899	0.24315	-18.20513	0.40308	0.94994	0.31242	-0.00424	-0.31235	0.94989	0.01220	0.00784	-0.01026	0.99992		-3.69995	14.99487	-2.96904	0.91744	-0.13771	12.51488	3.53429	0.97624	-0.21669	0.00240	0.21663	0.97612	0.01601	-0.00582	-0.01511	0.99987	
51	0.25500	-5.16228	25.79280	-1.47815	0.70525	0.24235	-18.20510	0.40268	0.94994	0.31242	-0.00423	-0.31235	0.94989	0.01231	0.00786	-0.01037	0.99992		-3.72762	14.96426	-2.91779	0.93538	-0.12647	12.51728	3.57985	0.97623	-0.21673	0.00221	0.21667	0.97611	0.01632	-0.00569	-0.01546	0.99986	
52	0.26000	-5.09599	25.66498	-1.45775	0.70990	0.23625	-18.20390	0.39203	0.94994	0.31240	-0.00412	-0.31233	0.94989	0.01239	0.00779	-0.01048	0.99991		-3.75566	14.88934	-2.86508	0.95400	-0.11623	12.52222	3.63838	0.97621	-0.21682	0.00203	0.21676	0.97608	0.01665	-0.00559	-0.01581	0.99986	
53	0.26500	-5.16316	25.53084	-1.43565	0.71113	0.23631	-18.20777	0.39219	0.94992	0.31246	-0.00412	-0.31239	0.94987	0.01241	0.00780	-0.01050	0.99991		-3.86481	14.86527	-2.81588	0.96777	-0.10474	12.52691	3.66268	0.97619	-0.21690	0.00183	0.21684	0.97606	0.01689	-0.00545	-0.01609	0.99986	
54	0.27000	-5.11296	25.38267	-1.39644	0.71270	0.23788	-18.20731	0.39015	0.94992	0.31245	-0.00415	-0.31238	0.94987	0.01244	0.00783	-0.01052	0.99991		-3.86790	14.79926	-2.74220	0.98311	-0.09185	12.53172	3.70724	0.97617	-0.21698	0.00160	0.21692	0.97604	0.01716	-0.00529	-0.01640	0.99985	
55	0.27500	-5.15039	25.24008	-1.37297	0.71115	0.23384	-18.20706	0.39571	0.94993	0.31245	-0.00408	-0.31238	0.94988	0.01241	0.00775	-0.01052	0.99991		-3.94093	14.74449	-2.69184	0.99557	-0.07769	12.53091	3.75970	0.97618	-0.21697	0.00136	0.21691	0.97604	0.01738	-0.00509	-0.01667	0.99985	
56	0.28000	-5.19048	25.10175	-1.34167	0.70964	0.24067	-18.20274	0.39468	0.94995	0.31238	-0.00420	-0.31231	0.94990	0.01239	0.00786	-0.01045	0.99991		-4.07522	14.69437	-2.63038	1.00600	-0.06272	12.53837	3.78460	0.97615	-0.21709	0.00109	0.21704	0.97600	0.01756	-0.00488	-0.01690	0.99985	
57	0.28500	-5.15109	24.93995	-1.29865	0.70428	0.23489	-18.20494	0.39320	0.94994	0.31241	-0.00410	-0.31235	0.94989	0.01229	0.00773	-0.01040	0.99992		-4.07408	14.60904	-2.55648	1.01757	-0.05301	12.54091	3.84435	0.97614	-0.21714	0.00093	0.21709	0.97599	0.01776	-0.00476	-0.01713	0.99984	
58	0.29000	-5.21085	24.82194	-1.29586	0.70572	0.24393	-18.20554	0.39895	0.94993	0.31242	-0.00426	-0.31235	0.94989	0.01232	0.00789	-0.01037	0.99992		-4.18878	14.56293	-2.51348	1.02723	-0.04155	12.54336	3.88298	0.97613	-0.21718	0.00073	0.21713	0.97598	0.01793	-0.00460	-0.01734	0.99984	
59	0.29500	-5.17180	24.66732	-1.24849	0.70018	0.24421	-18.20873	0.39387	0.94992	0.31248	-0.00426	-0.31241	0.94987	0.01222	0.00787	-0.01028	0.99992		-4.21212	14.46805	-2.44738	1.03617	-0.03469	12.54909	3.92238	0.97611	-0.21728	0.00061	0.21723	0.97595	0.01808	-0.00452	-0.01752	0.99984	
60	0.30000	-5.20493	24.50247	-1.21415	0.69355	0.24894	-18.20898	0.40357	0.94991	0.31248	-0.00434	-0.31241	0.94987	0.01210	0.00791	-0.01014	0.99992		-4.28323	14.38382	-2.37570	1.04341	-0.01976	12.55349	3.96304	0.97609	-0.21735	0.00034	0.21731	0.97593	0.01821	-0.00429	-0.01770	0.99983	
61	0.30500	-5.21946	24.37360	-1.20321	0.68550	0.25098	-18.20762	0.39865	0.94992	0.31246	-0.00438	-0.31239	0.94988	0.01196	0.00790	-0.01000	0.99992		-4.37700	14.29971	-2.34104	1.04634	-0.00790	12.55862	3.99819	0.97607	-0.21744	0.00014	0.21740	0.97591	0.01826	-0.00411	-0.01779	0.99983	
62	0.31000	-5.18054	24.19039	-1.14322	0.67665	0.25660	-18.20625	0.39084	0.94993	0.31244	-0.00448	-0.31237	0.94989	0.01181	0.00794	-0.00982	0.99992		-4.38791	14.20736	-2.24348	1.05377	0.00013	12.56161	4.04632	0.97606	-0.21749	-0.00000	0.21745	0.97590	0.01839	-0.00400	-0.01795	0.99983	
63	0.31500	-5.23188	24.04866	-1.09972	0.66270	0.26081	-18.21236	0.42023	0.94989	0.31254	-0.00455	-0.31247	0.94986	0.01157	0.00794	-0.00956	0.99992		-4.50476	14.10853	-2.19977	1.05253	0.01310	12.56306	4.07928	0.97606	-0.21751	-0.00023	0.21748	0.97589	0.01837	-0.00377	-0.01798	0.99983	
64	0.32000	-5.23379	23.90490	-1.06526	0.65602	0.26636	-18.21119	0.40724	0.94990	0.31252	-0.00465	-0.31245	0.94987	0.01145	0.00799	-0.00942	0.99992		-4.50409	13.99465	-2.13385	1.05685	0.01699	12.57084	4.08529	0.97603	-0.21765	-0.00030	0.21761	0.97586	0.01844	-0.00373	-0.01807	0.99983	
65	0.32500	-5.20668	23.75382	-1.04034	0.64386	0.27010	-18.20949	0.41618	0.94991	0.31249	-0.00471	-0.31242	0.94988	0.01124	0.00799	-0.00920	0.99993		-4.55492	13.88279	-2.06908	1.05588	0.02391	12.57260	4.13095	0.97602	-0.21768	-0.00042	0.21765	0.97585	0.01843	-0.00360	-0.01808	0.99983	
66	0.33000	-5.22659	23.62300	-1.01800	0.63254	0.26990	-18.21039	0.39899	0.94990	0.31250	-0.00471	-0.31244	0.94987	0.01104	0.00792	-0.00901	0.99993		-4.62239	13.79353	-2.00778	1.05323	0.03403	12.57314	4.16010	0.97602	-0.21769	-0.00059	0.21766	0.97585	0.01838	-0.00342	-0.01807	0.99983	
67	0.33500	-5.22414	23.47177	-0.98600	0.62031	0.27710	-18.20941	0.40588	0.94991	0.31249	-0.00484	-0.31242	0.94988	0.01083	0.00798	-0.00877	0.99993		-4.64853	13.65535	-1.95011	1.04762	0.04116	12.57780	4.20240	0.97600	-0.21777	-0.00072	0.21774	0.97584	0.01828	-0.00328	-0.01800	0.99983	
68	0.34000	-5.25985	23.32986	-0.94348	0.60762	0.28661	-18.20967	0.40818	0.94991	0.31249	-0.00500	-0.31243	0.94988	0.01060	0.00807	-0.00851	0.99993		-4.69526	13.53963	-1.86417	1.04278	0.05031	12.58187	4.18679	0.97599	-0.21783	-0.00088	0.21781	0.97582	0.01820	-0.00311	-0.01795	0.99983	
69	0.34500	-5.27925	23.20280	-0.91758	0.59347	0.29089	-18.21080	0.40888	0.94990	0.31251	-0.00508	-0.31245	0.94988	0.01036	0.00806	-0.00825	0.99993		-4.77397	13.44903	-1.81393	1.04036	0.05916	12.58520	4.22406	0.97597	-0.21789	-0.00103	0.21787	0.97581	0.01816	-0.00295	-0.01795	0.99983	
70	0.35000	-5.24503	23.05752	-0.88257	0.57695	0.29029	-18.21119	0.41354	0.94990	0.31252	-0.00507	-0.31246	0.94988	0.01007	0.00796	-0.00798	0.99994		-4.80876	13.29905	-1.74280	1.03297	0.06382	12.58974	4.23763	0.97596	-0.21797	-0.00111	0.21795	0.97579	0.01803	-0.00284	-0.01784	0.99984	
71	0.35500	-5.24500	22.91067	-0.83902	0.55539	0.29432	-18.20264	0.41227	0.94995	0.31237	-0.00514	-0.31232	0.94993	0.00969	0.00791	-0.00760	0.99994		-4.83793	13.17858	-1.67619	1.02409	0.06808	12.59075	4.25215	0.97595	-0.21799	-0.00119	0.21797	0.97579	0.01787	-0.00274	-0.01770	0.99984	
72	0.36000	-5.28220	22.71276	-0.76040	0.52043	0.29094	-18.19304	0.41578	0.95000	0.31222	-0.00508	-0.31216	0.94999	0.00908	0.00766	-0.00704	0.99995		-4.86650	13.07021	-1.61871	1.01602	0.07301	12.59561	4.26627	0.97593	-0.21807	-0.00127	0.21806	0.97578	0.01773	-0.00262	-0.01758	0.99984	
73	0.36500	-5.25279	22.55881	-0.71919	0.49915	0.29814	-18.18627	0.41926	0.95003	0.31210	-0.00520	-0.31205	0.95002	0.00871	0.00766	-0.00665	0.99995		-4.90264	12.90390	-1.55316	1.00181	0.08000	12.59536	4.27549	0.97593	-0.21806	-0.00140	0.21805	0.97578	0.01748	-0.00245	-0.01737	0.99985	
74	0.37000	-5.24318	22.44904	-0.68073	0.48044	0.30181	-18.19448	0.41612	0.94999	0.31224	-0.00527	-0.31219	0.94998	0.00839	0.00762	-0.00632	0.99995		-4.95683	12.79817	-1.49095	0.98962	0.08748	12.60001	4.29863	0.97592	-0.21814	-0.00153	0.21814	0.97577	0.01727	-0.00228	-0.01719	0.99985	
75	0.37500	-5.28358	22.29598	-0.66046	0.45716	0.31416	-18.18814	0.42518	0.95002	0.31213	-0.00548	-0.31209	0.95002	0.00798	0.00770	-0.00587	0.99995		-5.00228	12.65504	-1.44540	0.97668	0.08885	12.60389	4.31176	0.97590	-0.21821	-0.00155	0.21820	0.97575	0.01705	-0.00221	-0.01697	0.99985	
76	0.38000	-5.22361	22.17575	-0.63338	0.43900	0.31460	-18.19134	0.40441	0.95000	0.31219	-0.00549	-0.31214	0.95000	0.00766	0.00761	-0.00556	0.99996		-5.03479	12.48710	-1.36623	0.95827	0.09680	12.60420	4.32574	0.97590	-0.21821	-0.00169	0.21821	0.97576	0.01672	-0.00200	-0.01669	0.99986	
77	0.38500	-5.30928	22.07875	-0.59111	0.42002	0.32787	-18.18583	0.42152	0.95003	0.31209	-0.00572	-0.31205	0.95004	0.00733	0.00772	-0.00518	0.99996		-5.04116	12.37187	-1.33932	0.94195	0.09240	12.60644	4.34107	0.97589	-0.21825	-0.00161	0.21825	0.97575	0.01644	-0.00201	-0.01640	0.99986	
78	0.39000	-5.28198	21.94157	-0.55944	0.40043	0.33367	-18.18835	0.41586	0.95002	0.31214	-0.00582	-0.31210	0.95003	0.00699	0.00771	-0.00482	0.99996		-5.03737	12.22003	-1.29200	0.92592	0.09485	12.60683	4.34526	0.97589	-0.21826	-0.00166	0.21826	0.97576	0.01616	-0.00191	-0.01613	0.99987	
79	0.39500	-5.26264	21.85020	-0.52862	0.37580	0.33777	-18.18692	0.41127	0.95003	0.31211	-0.00590	-0.31207	0.95004	0.00656	0.00765	-0.00439	0.99996		-5.02906	12.08351	-1.23562	0.90465	0.09193	12.60577	4.35494	0.97589	-0.21824	-0.00160	0.21824	0.97577	0.01579	-0.00188	-0.01576	0.99987	
80	0.40000	-5.29938	21.74844	-0.48208	0.35885	0.35169	-18.18781	0.42769	0.95002	0.31213	-0.00614	-0.31209	0.95003	0.00626	0.00779	-0.00403	0.99996		-5.09216	11.93367	-1.17533	0.88387	0.09564	12.60987	4.35390	0.97588	-0.21831	-0.00167	0.21831	0.97576	0.01543	-0.00174	-0.01542	0.99988	
81	0.40500	-5.26422	21.62152	-0.46466	0.33182	0.35473	-18.19022	0.40848	0.95001	0.31217	-0.00619	-0.31213	0.95002	0.00579	0.00769	-0.00357	0.99996		-5.05055	11.74965	-1.12709	0.85953	0.09075	12.61201	4.34338	0.97587	-0.21835	-0.00158	0.21835	0.97576	0.01500	-0.00173	-0.01498	0.99989	
82	0.41000	-5.27994	21.52532	-0.43398	0.30858	0.36388	-18.18842	0.41660	0.95002	0.31214	-0.00635	-0.31211	0.95003	0.00539	0.00771	-0.00313	0.99997		-5.06599	11.63058	-1.09361	0.83825	0.08555	12.61077	4.35109	0.97587	-0.21833	-0.00149	0.21832	0.97577	0.01463	-0.00174	-0.01460	0.99989	
83	0.41500	-5.26803	21.43818	-0.37544	0.28737	0.37655	-18.18883	0.42352	0.95001	0.31214	-0.00657	-0.31211	0.95003	0.00502	0.00781	-0.00271	0.99997		-5.02332	11.45728	-1.03913	0.81312	0.08254	12.61339	4.34379	0.97586	-0.21837	-0.00144	0.21837	0.97576	0.01419	-0.00169	-0.01416	0.99990	
84	0.42000	-5.29429	21.33228	-0.34985	0.26232	0.38427	-18.19374	0.41687	0.94998	0.31222	-0.00671	-0.31220	0.95001	0.00458	0.00780	-0.00226	0.99997		-5.04498	11.32302	-1.01569	0.78916	0.07274	12.61208	4.33538	0.97587	-0.21835	-0.00127	0.21835	0.97577	0.01377	-0.00177	-0.01372	0.99990	
85	0.42500	-5.29553	21.25190	-0.32620	0.23897	0.39560	-18.18893	0.41464	0.95001	0.31214	-0.00690	-0.31212	0.95003	0.00417	0.00786	-0.00181	0.99997		-5.01823	11.17075	-0.97390	0.76259	0.06949	12.61311	4.31462	0.97587	-0.21837	-0.00121	0.21836	0.97578	0.01331	-0.00172	-0.01325	0.99991	
86	0.43000	-5.30657	21.16507	-0.29269	0.21342	0.40788	-18.18574	0.43150	0.95003	0.31209	-0.00712	-0.31207	0.95005	0.00372	0.00793	-0.00132	0.99997		-4.99469	11.01194	-0.95214	0.73568	0.05963	12.61129	4.31476	0.97587	-0.21834	-0.00104	0.21833	0.97579	0.01284	-0.00179	-0.01276	0.99992	
87	0.43500	-5.32872	21.07498	-0.25619	0.18695	0.41835	-18.18648	0.43344	0.95002	0.31210	-0.00730	-0.31209	0.95005	0.00326	0.00796	-0.00082	0.99997		-5.00627	10.85963	-0.91321	0.70664	0.05291	12.61603	4.30251	0.97586	-0.21842	-0.00092	0.21841	0.97578	0.01233	-0.00179	-0.01224	0.99992	
88	0.44000	-5.31501	21.00674	-0.23477	0.16368	0.42655	-18.18455	0.42224	0.95003	0.31207	-0.00744	-0.31206	0.95006	0.00286	0.00796	-0.00039	0.99997		-4.93081	10.69062	-0.88737	0.67549	0.04555	12.61172	4.29948	0.97587	-0.21834	-0.00079	0.21834	0.97580	0.01179	-0.00180	-0.01168	0.99993	
89	0.44500	-5.28971	20.86008	-0.16730	0.11710	0.42314	-18.16789	0.42230	0.95012	0.31179	-0.00739	-0.31179	0.95015	0.00204	0.00765	0.00036	0.99997		-4.92200	10.55145	-0.85413	0.64566	0.03537	12.61116	4.28424	0.97587	-0.21833	-0.00062	0.21833	0.97581	0.01127	-0.00186	-0.01113	0.99994	
90	0.45000	-5.33258	20.80384	-0.15042	0.09243	0.43558	-18.16180	0.42762	0.95015	0.31169	-0.00760	-0.31169	0.95018	0.00161	0.00773	0.00084	0.99997		-4.89868	10.36313	-0.85408	0.61015	0.02629	12.61283	4.27023	0.97587	-0.21836	-0.00046	0.21835	0.97581	0.01065	-0.00188	-0.01049	0.99994	
91	0.45500	-5.29870	20.74191	-0.10811	0.06809	0.44307	-18.16415	0.42985	0.95014	0.31173	-0.00773	-0.31173	0.95017	0.00119	0.00772	0.00128	0.99997		-4.86995	10.21498	-0.80239	0.57788	0.01753	12.61111	4.26839	0.97587	-0.21833	-0.00031	0.21832	0.97582	0.01009	-0.00190	-0.00991	0.99995	
92	0.46000	-5.28253	20.67830	-0.08649	0.04057	0.45079	-18.16450	0.41126	0.95014	0.31174	-0.00787	-0.31174	0.95017	0.00071	0.00770	0.00178	0.99997		-4.82453	10.04367	-0.78777	0.54503	0.00334	12.60893	4.22846	0.97588	-0.21830	-0.00006	0.21829	0.97584	0.00951	-0.00202	-0.00930	0.99995	
93	0.46500	-5.35994	20.64909	-0.07284	0.01768	0.46462	-18.16342	0.40572	0.95014	0.31172	-0.00811	-0.31173	0.95017	0.00031	0.00780	0.00223	0.99997		-4.82264	9.89130	-0.78019	0.51253	-0.01280	12.61009	4.21182	0.97588	-0.21832	0.00022	0.21830	0.97584	0.00895	-0.00217	-0.00868	0.99996	
94	0.47000	-5.31141	20.61130	-0.04358	-0.00657	0.47748	-18.16502	0.41594	0.95013	0.31174	-0.00833	-0.31176	0.95016	-0.00011	0.00788	0.00271	0.99997		-4.71387	9.76122	-0.77598	0.48001	-0.02428	12.60815	4.18903	0.97589	-0.21828	0.00042	0.21827	0.97585	0.00838	-0.00224	-0.00808	0.99996	
95	0.47500	-5.35116	20.57039	-0.01318	-0.03079	0.48497	-18.16437	0.41329	0.95013	0.31173	-0.00846	-0.31175	0.95016	-0.00054	0.00787	0.00315	0.99996		-4.70724	9.59546	-0.74064	0.44443	-0.03494	12.60987	4.17151	0.97588	-0.21831	0.00061	0.21830	0.97585	0.00776	-0.00229	-0.00744	0.99997	
96	0.48000	-5.39586	20.56452	-0.01955	-0.05455	0.49501	-18.16418	0.40916	0.95013	0.31173	-0.00864	-0.31175	0.95016	-0.00095	0.00791	0.00360	0.99996		-4.70726	9.47281	-0.76421	0.41030	-0.04872	12.60383	4.14384	0.97590	-0.21821	0.00085	0.21820	0.97588	0.00716	-0.00239	-0.00680	0.99997	
97	0.48500	-5.29707	20.52215	0.03760	-0.07937	0.50509	-18.15839	0.41181	0.95016	0.31163	-0.00882	-0.31166	0.95019	-0.00139	0.00794	0.00406	0.99996		-4.57938	9.29748	-0.72684	0.37331	-0.06307	12.60428	4.12150	0.97590	-0.21822	0.00110	0.21820	0.97588	0.00652	-0.00250	-0.00612	0.99998	
98	0.49000	-5.36559	20.51332	0.03519	-0.10343	0.51452	-18.17008	0.40152	0.95010	0.31183	-0.00898	-0.31185	0.95013	-0.00181	0.00797	0.00452	0.99996		-4.60834	9.16320	-0.72617	0.33650	-0.07741	12.60055	4.09907	0.97591	-0.21815	0.00135	0.21814	0.97590	0.00587	-0.00260	-0.00544	0.99998	
99	0.49500	-5.37248	20.50354	0.05420	-0.12608	0.53007	-18.16629	0.40588	0.95012	0.31176	-0.00925	-0.31179	0.95015	-0.00220	0.00810	0.00498	0.99995		-4.55451	9.03163	-0.72386	0.29903	-0.08859	12.59753	4.06508	0.97592	-0.21810	0.00155	0.21809	0.97591	0.00522	-0.00265	-0.00476	0.99999	
100	0.50000	-5.32839	20.48259	0.09596	-0.15050	0.53630	-18.16572	0.40417	0.95012	0.31175	-0.00936	-0.31179	0.95015	-0.00263	0.00807	0.00541	0.99995		-4.47781	8.89120	-0.71184	0.26404	-0.10004	12.59923	4.02798	0.97592	-0.21813	0.00175	0.21812	0.97591	0.00461	-0.00271	-0.00412	0.99999	
101	0.50500	-5.37991	20.48063	0.09595	-0.17816	0.54788	-18.16687	0.40192	0.95011	0.31177	-0.00956	-0.31181	0.95014	-0.00311	0.00812	0.00594	0.99995		-4.49086	8.79060	-0.71531	0.22969	-0.11242	12.59550	4.01268	0.97593	-0.21807	0.00196	0.21806	0.97593	0.00401	-0.00279	-0.00348	0.99999	
102	0.51000	-5.33907	20.47002	0.11307	-0.20611	0.55442	-18.16310	0.41441	0.95013	0.31171	-0.00968	-0.31175	0.95016	-0.00360	0.00807	0.00643	0.99995		-4.39877	8.64763	-0.72743	0.19107	-0.12696	12.59119	3.98808	0.97595	-0.21799	0.00222	0.21798	0.97595	0.00333	-0.00289	-0.00277	0.99999	
103	0.51500	-5.34776	20.49148	0.13724	-0.22673	0.56581	-18.16354	0.40871	0.95012	0.31172	-0.00988	-0.31176	0.95015	-0.00396	0.00815	0.00684	0.99994		-4.38024	8.52845	-0.72656	0.15537	-0.13997	12.59241	3.94989	0.97594	-0.21801	0.00244	0.21801	0.97594	0.00271	-0.00298	-0.00211	0.99999	
104	0.52000	-5.38098	20.51293	0.11825	-0.24953	0.57603	-18.16225	0.39709	0.95013	0.31169	-0.01005	-0.31175	0.95015	-0.00435	0.00819	0.00727	0.99994		-4.32489	8.40069	-0.74316	0.11777	-0.15818	12.58661	3.89794	0.97596	-0.21791	0.00276	0.21791	0.97597	0.00206	-0.00314	-0.00140	0.99999	
105	0.52500	-5.37367	20.53563	0.15286	-0.27186	0.58926	-18.15863	0.40490	0.95015	0.31163	-0.01028	-0.31169	0.95017	-0.00474	0.00829	0.00771	0.99994		-4.21951	8.27322	-0.74573	0.08124	-0.17766	12.58338	3.86212	0.97598	-0.21786	0.00310	0.21786	0.97598	0.00142	-0.00334	-0.00071	0.99999	
106	0.53000	-5.38049	20.58938	0.14837	-0.29366	0.59635	-18.15569	0.39431	0.95016	0.31158	-0.01041	-0.31165	0.95018	-0.00513	0.00829	0.00811	0.99993		-4.20330	8.19679	-0.74698	0.04643	-0.19250	12.58083	3.81797	0.97598	-0.21782	0.00336	0.21781	0.97599	0.00081	-0.00346	-0.00006	0.99999	
107	0.53500	-5.33270	20.52626	0.20313	-0.33583	0.59214	-18.14606	0.40062	0.95021	0.31142	-0.01033	-0.31149	0.95023	-0.00586	0.00799	0.00879	0.99993		-4.11097	8.08251	-0.76157	0.01092	-0.21118	12.57613	3.77752	0.97600	-0.21774	0.00369	0.21774	0.97601	0.00019	-0.00364	0.00062	0.99999	
108	0.54000	-5.35155	20.56710	0.21063	-0.35690	0.60329	-18.13782	0.40421	0.95026	0.31129	-0.01053	-0.31136	0.95027	-0.00623	0.00807	0.00920	0.99993		-4.08608	7.99004	-0.78042	-0.02546	-0.22476	12.57165	3.73794	0.97602	-0.21766	0.00392	0.21766	0.97602	-0.00044	-0.00373	0.00129	0.99999	
109	0.54500	-5.33333	20.62495	0.22690	-0.37722	0.60393	-18.13755	0.40060	0.95026	0.31128	-0.01054	-0.31136	0.95027	-0.00658	0.00797	0.00954	0.99992		-4.02450	7.90715	-0.79322	-0.05850	-0.23866	12.57105	3.69712	0.97602	-0.21765	0.00417	0.21765	0.97603	-0.00102	-0.00384	0.00190	0.99999	
110	0.55000	-5.36025	20.66283	0.21772	-0.39790	0.61577	-18.14132	0.40597	0.95024	0.31134	-0.01075	-0.31143	0.95025	-0.00694	0.00805	0.00995	0.99992		-3.96017	7.83192	-0.80772	-0.08960	-0.25469	12.56646	3.66771	0.97603	-0.21757	0.00445	0.21758	0.97604	-0.00156	-0.00400	0.00249	0.99999	
111	0.55500	-5.37393	20.73880	0.22757	-0.41432	0.62559	-18.13930	0.39143	0.95025	0.31131	-0.01092	-0.31140	0.95025	-0.00723	0.00812	0.01027	0.99991		-3.89686	7.75098	-0.82785	-0.12445	-0.27074	12.56449	3.62031	0.97604	-0.21754	0.00473	0.21755	0.97605	-0.00217	-0.00414	0.00315	0.99999	
112	0.56000	-5.36321	20.80955	0.22777	-0.43349	0.63338	-18.13864	0.39613	0.95025	0.31130	-0.01105	-0.31139	0.95025	-0.00757	0.00815	0.01063	0.99991		-3.83233	7.66989	-0.84083	-0.15950	-0.28559	12.55667	3.59492	0.97607	-0.21740	0.00498	0.21742	0.97607	-0.00278	-0.00426	0.00380	0.99998	
113	0.56500	-5.37891	20.87047	0.20632	-0.45009	0.63563	-18.14173	0.38830	0.95023	0.31135	-0.01109	-0.31144	0.95023	-0.00785	0.00810	0.01092	0.99991		-3.80141	7.59232	-0.89804	-0.19331	-0.30089	12.55571	3.56832	0.97607	-0.21739	0.00525	0.21740	0.97608	-0.00337	-0.00439	0.00443	0.99998	
114	0.57000	-5.38263	20.96203	0.21133	-0.46706	0.64449	-18.14285	0.39780	0.95022	0.31137	-0.01125	-0.31146	0.95022	-0.00815	0.00815	0.01125	0.99990		-3.72783	7.54398	-0.90223	-0.22287	-0.31764	12.55030	3.52237	0.97609	-0.21729	0.00554	0.21732	0.97609	-0.00389	-0.00457	0.00500	0.99998	
115	0.57500	-5.35906	21.04065	0.21308	-0.48078	0.65548	-18.14775	0.40562	0.95019	0.31145	-0.01144	-0.31155	0.95019	-0.00839	0.00826	0.01154	0.99990		-3.68517	7.47130	-0.94642	-0.25659	-0.32839	12.54848	3.46237	0.97610	-0.21726	0.00573	0.21729	0.97610	-0.00448	-0.00462	0.00562	0.99997	
116	0.58000	-5.40032	21.14322	0.18473	-0.49439	0.66010	-18.13976	0.39403	0.95024	0.31132	-0.01152	-0.31142	0.95023	-0.00863	0.00826	0.01179	0.99990		-3.66685	7.43764	-0.98587	-0.28648	-0.34239	12.54114	3.41336	0.97612	-0.21714	0.00598	0.21717	0.97612	-0.00500	-0.00475	0.00618	0.99997	
117	0.58500	-5.35734	21.24705	0.17341	-0.50673	0.66589	-18.14112	0.38294	0.95023	0.31134	-0.01162	-0.31144	0.95022	-0.00884	0.00829	0.01202	0.99989		-3.58934	7.38954	-1.00623	-0.31722	-0.35456	12.53738	3.38087	0.97614	-0.21707	0.00619	0.21711	0.97613	-0.00554	-0.00484	0.00675	0.99997	
118	0.59000	-5.36621	21.33239	0.14142	-0.52064	0.67156	-18.14368	0.38519	0.95021	0.31138	-0.01172	-0.31149	0.95021	-0.00909	0.00831	0.01228	0.99989		-3.56052	7.35760	-1.03524	-0.34442	-0.36482	12.53424	3.34630	0.97615	-0.21702	0.00637	0.21706	0.97614	-0.00601	-0.00491	0.00725	0.99996	
119	0.59500	-5.39449	21.44451	0.12408	-0.53413	0.67949	-18.14074	0.39127	0.95023	0.31133	-0.01186	-0.31144	0.95022	-0.00932	0.00837	0.01255	0.99989		-3.52858	7.31881	-1.06498	-0.37228	-0.37933	12.52965	3.30283	0.97616	-0.21694	0.00662	0.21698	0.97615	-0.00650	-0.00505	0.00778	0.99996	
120	0.60000	-5.32051	21.54622	0.12009	-0.55072	0.67727	-18.14229	0.39002	0.95022	0.31136	-0.01182	-0.31147	0.95021	-0.00961	0.00824	0.01281	0.99988		-3.46552	7.29221	-1.09821	-0.39857	-0.39352	12.52466	3.25839	0.97618	-0.21685	0.00687	0.21690	0.97617	-0.00696	-0.00520	0.00828	0.99995	
121	0.60500	-5.30516	21.64350	0.09845	-0.56384	0.67971	-18.14475	0.39341	0.95021	0.31140	-0.01186	-0.31151	0.95019	-0.00984	0.00821	0.01305	0.99988		-3.44619	7.26293	-1.13827	-0.42697	-0.40572	12.51939	3.21400	0.97620	-0.21676	0.00708	0.21682	0.97618	-0.00745	-0.00530	0.00881	0.99995	
122	0.61000	-5.36004	21.78178	0.06830	-0.57253	0.68276	-18.14647	0.39881	0.95020	0.31143	-0.01192	-0.31154	0.95018	-0.00999	0.00821	0.01321	0.99988		-3.43022	7.26775	-1.18194	-0.45090	-0.41581	12.51826	3.17388	0.97620	-0.21675	0.00726	0.21680	0.97618	-0.00787	-0.00538	0.00926	0.99994	
123	0.61500	-5.33654	21.89706	0.05794	-0.57711	0.69137	-18.13995	0.39287	0.95023	0.31132	-0.01207	-0.31144	0.95021	-0.01007	0.00833	0.01333	0.99988		-3.35677	7.25984	-1.20078	-0.47162	-0.42916	12.51416	3.14981	0.97622	-0.21667	0.00749	0.21673	0.97620	-0.00823	-0.00553	0.00966	0.99994	
124	0.62000	-5.34155	22.02372	0.03789	-0.58772	0.69088	-18.14380	0.38276	0.95021	0.31138	-0.01206	-0.31150	0.95019	-0.01026	0.00826	0.01350	0.99987		-3.34304	7.28873	-1.24961	-0.48922	-0.43964	12.51239	3.12137	0.97622	-0.21664	0.00767	0.21671	0.97620	-0.00854	-0.00564	0.01000	0.99993	
125	0.62500	-5.37183	22.17536	-0.00723	-0.59069	0.69275	-18.14149	0.37917	0.95022	0.31134	-0.01209	-0.31147	0.95020	-0.01031	0.00828	0.01356	0.99987		-3.32964	7.27988	-1.28317	-0.51577	-0.44848	12.50470	3.08363	0.97625	-0.21651	0.00783	0.21658	0.97622	-0.00900	-0.00569	0.01048	0.99993	
126	0.63000	-5.29069	22.29598	-0.01941	-0.59846	0.69292	-18.14303	0.38335	0.95021	0.31137	-0.01209	-0.31149	0.95019	-0.01044	0.00824	0.01369	0.99987		-3.19654	7.30631	-1.33106	-0.52971	-0.46375	12.50108	3.04373	0.97626	-0.21645	0.00809	0.21652	0.97623	-0.00924	-0.00590	0.01078	0.99992	
127	0.63500	-5.37952	22.43100	-0.04682	-0.60794	0.69880	-18.14049	0.38961	0.95023	0.31132	-0.01220	-0.31145	0.95020	-0.01061	0.00829	0.01388	0.99987		-3.24098	7.35633	-1.38816	-0.54749	-0.46906	12.49931	3.00141	0.97627	-0.21642	0.00819	0.21649	0.97624	-0.00956	-0.00592	0.01110	0.99992	
128	0.64000	-5.35897	22.56977	-0.07329	-0.61004	0.69770	-18.13795	0.38550	0.95024	0.31128	-0.01218	-0.31141	0.95022	-0.01065	0.00826	0.01391	0.99987		-3.16804	7.37286	-1.41966	-0.56377	-0.47976	12.49484	2.96418	0.97628	-0.21634	0.00837	0.21642	0.97625	-0.00984	-0.00605	0.01142	0.99992	
129	0.64500	-5.34880	22.70397	-0.10814	-0.61110	0.69679	-18.14157	0.39327	0.95022	0.31134	-0.01216	-0.31147	0.95020	-0.01066	0.00823	0.01392	0.99987		-3.13186	7.42928	-1.46665	-0.57701	-0.48481	12.48960	2.94229	0.97630	-0.21625	0.00846	0.21633	0.97627	-0.01007	-0.00608	0.01166	0.99991	
130	0.65000	-5.33857	22.85380	-0.14234	-0.61682	0.69587	-18.14191	0.39996	0.95022	0.31135	-0.01215	-0.31148	0.95019	-0.01076	0.00819	0.01401	0.99987		-3.10969	7.47350	-1.52569	-0.59037	-0.49611	12.48696	2.90924	0.97631	-0.21621	0.00866	0.21629	0.97627	-0.01030	-0.00623	0.01193	0.99991	
131	0.65500	-5.31139	22.99729	-0.16612	-0.61773	0.69870	-18.14294	0.40146	0.95021	0.31137	-0.01219	-0.31150	0.95019	-0.01078	0.00823	0.01404	0.99987		-3.06281	7.52603	-1.56754	-0.59971	-0.50595	12.48607	2.87865	0.97631	-0.21619	0.00883	0.21628	0.97628	-0.01047	-0.00636	0.01213	0.99991	
132	0.66000	-5.36960	23.15429	-0.20500	-0.61744	0.70349	-18.14142	0.40022	0.95022	0.31134	-0.01228	-0.31147	0.95019	-0.01078	0.00831	0.01406	0.99987		-3.00534	7.58764	-1.61944	-0.60979	-0.51430	12.48027	2.85687	0.97633	-0.21609	0.00898	0.21618	0.97629	-0.01064	-0.00646	0.01233	0.99990	
133	0.66500	-5.36219	23.32674	-0.24811	-0.61620	0.69786	-18.14225	0.40522	0.95022	0.31135	-0.01218	-0.31148	0.95019	-0.01075	0.00822	0.01401	0.99987		-2.99502	7.64684	-1.66792	-0.62133	-0.52176	12.47180	2.83313	0.97636	-0.21595	0.00911	0.21604	0.97632	-0.01084	-0.00655	0.01255	0.99990	
134	0.67000	-5.30903	23.46527	-0.28826	-0.61675	0.69068	-18.14059	0.40037	0.95023	0.31133	-0.01205	-0.31145	0.95020	-0.01076	0.00810	0.01398	0.99987		-3.01168	7.71896	-1.72416	-0.62867	-0.52235	12.47114	2.78049	0.97636	-0.21594	0.00912	0.21603	0.97632	-0.01097	-0.00653	0.01268	0.99990	
135	0.67500	-5.28916	23.61312	-0.32942	-0.61466	0.68818	-18.13984	0.38662	0.95023	0.31131	-0.01201	-0.31144	0.95020	-0.01073	0.00807	0.01393	0.99987		-2.93625	7.79690	-1.77210	-0.63380	-0.53297	12.46599	2.76006	0.97638	-0.21585	0.00930	0.21595	0.97634	-0.01106	-0.00669	0.01281	0.99990	
136	0.68000	-5.33963	23.78220	-0.37902	-0.60736	0.68606	-18.14465	0.39824	0.95021	0.31139	-0.01197	-0.31152	0.95018	-0.01060	0.00808	0.01380	0.99987		-2.95381	7.87977	-1.81826	-0.63884	-0.53465	12.46172	2.73899	0.97640	-0.21578	0.00933	0.21588	0.97636	-0.01115	-0.00670	0.01290	0.99989	
137	0.68500	-5.29757	23.92391	-0.40408	-0.60370	0.68297	-18.14824	0.38597	0.95019	0.31145	-0.01192	-0.31158	0.95016	-0.01054	0.00804	0.01372	0.99987		-2.89294	7.96786	-1.87994	-0.64155	-0.54253	12.45492	2.71553	0.97642	-0.21566	0.00947	0.21576	0.97638	-0.01120	-0.00683	0.01298	0.99989	
138	0.69000	-5.33068	24.07117	-0.44799	-0.60013	0.68184	-18.14510	0.39376	0.95020	0.31140	-0.01190	-0.31153	0.95018	-0.01047	0.00805	0.01366	0.99987		-2.85505	8.05367	-1.92474	-0.64241	-0.54960	12.45591	2.68673	0.97642	-0.21568	0.00959	0.21578	0.97638	-0.01121	-0.00695	0.01302	0.99989	
