NO_OF_FRAMES	12036
NO_OF_CAMERAS	8
NO_OF_BODIES	2
FREQUENCY	200
NO_OF_ANALOG	0
ANALOG_FREQUENCY	0
DESCRIPTION	--
TIME_STAMP	2013-07-04, 17:16:31	117406.15617671
DATA_INCLUDED	6D
BODY_NAMES	Ice 2 V2	Ice 3
Frame	Time	Ice 2 V2 X	Y	Z	Roll	Pitch	Yaw	Residual	Rot[0]	Rot[1]	Rot[2]	Rot[3]	Rot[4]	Rot[5]	Rot[6]	Rot[7]	Rot[8]	Ice 3 X	Y	Z	Roll	Pitch	Yaw	Residual	Rot[0]	Rot[1]	Rot[2]	Rot[3]	Rot[4]	Rot[5]	Rot[6]	Rot[7]	Rot[8]	
1	0.00500	-6.36408	0.72306	0.45438	0.18065	-0.12134	-1.06299	1.90455	0.99983	0.01855	0.00212	-0.01856	0.99982	0.00315	-0.00206	-0.00319	0.99999		-1.48978	3.78969	0.16460	0.19920	0.02741	4.10416	0.18878	0.99744	-0.07157	-0.00048	0.07157	0.99743	0.00348	0.00023	-0.00350	0.99999	
2	0.01000	-6.35494	0.69381	0.46712	0.18215	-0.12118	-1.06366	1.87824	0.99983	0.01856	0.00212	-0.01857	0.99982	0.00318	-0.00206	-0.00322	0.99999		-1.49162	3.69079	0.19081	0.18748	0.02457	4.09763	0.12799	0.99744	-0.07146	-0.00043	0.07146	0.99744	0.00327	0.00019	-0.00329	0.99999	
3	0.01500	-6.36404	0.70509	0.46446	0.18773	-0.11847	-1.06578	1.87497	0.99982	0.01860	0.00207	-0.01861	0.99982	0.00328	-0.00201	-0.00331	0.99999		-1.45175	3.70009	0.19484	0.19109	0.02290	4.09879	0.14218	0.99744	-0.07148	-0.00040	0.07148	0.99744	0.00334	0.00016	-0.00336	0.99999	
4	0.02000	-6.37726	0.69833	0.45926	0.19210	-0.11766	-1.06730	1.86059	0.99982	0.01863	0.00205	-0.01863	0.99982	0.00335	-0.00199	-0.00339	0.99999		-1.48133	3.69800	0.20756	0.19162	0.02241	4.09602	0.13006	0.99745	-0.07143	-0.00039	0.07143	0.99744	0.00334	0.00015	-0.00336	0.99999	
5	0.02500	-6.37536	0.68669	0.47161	0.19566	-0.11574	-1.06889	1.87080	0.99982	0.01865	0.00202	-0.01866	0.99982	0.00341	-0.00196	-0.00345	0.99999		-1.44604	3.68887	0.23780	0.19320	0.02264	4.09598	0.13258	0.99745	-0.07143	-0.00040	0.07143	0.99744	0.00337	0.00015	-0.00339	0.99999	
6	0.03000	-6.38522	0.69323	0.46425	0.19917	-0.11389	-1.06848	1.86653	0.99982	0.01865	0.00199	-0.01865	0.99982	0.00348	-0.00192	-0.00351	0.99999		-1.47881	3.65264	0.23691	0.18923	0.02552	4.09867	0.13483	0.99744	-0.07147	-0.00045	0.07148	0.99744	0.00330	0.00021	-0.00333	0.99999	
7	0.03500	-6.39813	0.67431	0.48763	0.20023	-0.11325	-1.06650	1.87040	0.99982	0.01861	0.00198	-0.01862	0.99982	0.00349	-0.00191	-0.00353	0.99999		-1.44261	3.63207	0.23705	0.18925	0.02554	4.09868	0.13541	0.99744	-0.07147	-0.00045	0.07148	0.99744	0.00330	0.00021	-0.00333	0.99999	
8	0.04000	-6.38635	0.68705	0.49469	0.20488	-0.11271	-1.06715	1.89059	0.99982	0.01862	0.00197	-0.01863	0.99982	0.00358	-0.00190	-0.00361	0.99999		-1.42795	3.66585	0.26422	0.19386	0.02063	4.09340	0.12493	0.99745	-0.07138	-0.00036	0.07138	0.99744	0.00338	0.00012	-0.00340	0.99999	
9	0.04500	-6.37739	0.67113	0.49739	0.20436	-0.11285	-1.06593	1.86805	0.99983	0.01860	0.00197	-0.01861	0.99982	0.00357	-0.00190	-0.00360	0.99999		-1.48505	3.64032	0.26197	0.19079	0.02201	4.09820	0.13805	0.99744	-0.07147	-0.00038	0.07147	0.99744	0.00333	0.00015	-0.00335	0.99999	
10	0.05000	-6.40526	0.68860	0.49744	0.21345	-0.10647	-1.06844	1.87654	0.99982	0.01865	0.00186	-0.01865	0.99982	0.00373	-0.00179	-0.00376	0.99999		-1.46329	3.61560	0.26434	0.18941	0.02250	4.09918	0.14100	0.99744	-0.07148	-0.00039	0.07148	0.99744	0.00331	0.00016	-0.00333	0.99999	
11	0.05500	-6.41280	0.66941	0.51612	0.20940	-0.10839	-1.06786	1.89254	0.99982	0.01864	0.00189	-0.01864	0.99982	0.00365	-0.00182	-0.00369	0.99999		-1.46508	3.57837	0.27642	0.18398	0.02594	4.09827	0.14956	0.99744	-0.07147	-0.00045	0.07147	0.99744	0.00321	0.00022	-0.00324	0.99999	
12	0.06000	-6.40144	0.67106	0.51814	0.21284	-0.10909	-1.06704	1.87447	0.99982	0.01862	0.00190	-0.01863	0.99982	0.00371	-0.00183	-0.00375	0.99999		-1.45161	3.55457	0.27946	0.18085	0.02390	4.09857	0.14910	0.99744	-0.07147	-0.00042	0.07147	0.99744	0.00316	0.00019	-0.00318	0.99999	
13	0.06500	-6.37070	0.64009	0.54241	0.21208	-0.10862	-1.06713	1.85893	0.99982	0.01862	0.00190	-0.01863	0.99982	0.00370	-0.00183	-0.00374	0.99999		-1.47270	3.57546	0.29985	0.18471	0.02245	4.09584	0.14431	0.99745	-0.07143	-0.00039	0.07143	0.99744	0.00322	0.00016	-0.00324	0.99999	
14	0.07000	-6.37637	0.65504	0.52970	0.21470	-0.10850	-1.06647	1.86519	0.99983	0.01861	0.00189	-0.01862	0.99982	0.00375	-0.00182	-0.00378	0.99999		-1.47988	3.59467	0.31189	0.18458	0.01806	4.09506	0.13255	0.99745	-0.07141	-0.00032	0.07141	0.99744	0.00322	0.00008	-0.00324	0.99999	
15	0.07500	-6.39116	0.65004	0.55403	0.21888	-0.10589	-1.07307	1.86393	0.99982	0.01873	0.00185	-0.01873	0.99982	0.00382	-0.00178	-0.00385	0.99999		-1.42732	3.57796	0.33543	0.18421	0.01674	4.09778	0.12708	0.99744	-0.07146	-0.00029	0.07146	0.99744	0.00322	0.00006	-0.00323	0.99999	
16	0.08000	-6.40237	0.63021	0.55038	0.21749	-0.10532	-1.06987	1.86523	0.99982	0.01867	0.00184	-0.01868	0.99982	0.00380	-0.00177	-0.00383	0.99999		-1.48425	3.54134	0.32639	0.17628	0.02019	4.09536	0.14414	0.99745	-0.07142	-0.00035	0.07142	0.99744	0.00308	0.00013	-0.00309	1.00000	
17	0.08500	-6.43967	0.64070	0.57348	0.21954	-0.09699	-1.06761	1.87613	0.99982	0.01863	0.00169	-0.01864	0.99982	0.00383	-0.00162	-0.00386	0.99999		-1.48250	3.54862	0.34111	0.17637	0.01438	4.09460	0.12180	0.99745	-0.07140	-0.00025	0.07140	0.99744	0.00308	0.00003	-0.00309	1.00000	
18	0.09000	-6.42145	0.62144	0.57562	0.21939	-0.10177	-1.06814	1.85277	0.99982	0.01864	0.00178	-0.01865	0.99982	0.00383	-0.00170	-0.00386	0.99999		-1.49072	3.53062	0.34669	0.17291	0.01735	4.09473	0.13914	0.99745	-0.07141	-0.00030	0.07141	0.99744	0.00302	0.00009	-0.00303	1.00000	
19	0.09500	-6.41763	0.63067	0.58804	0.22068	-0.10394	-1.06733	1.88952	0.99982	0.01863	0.00181	-0.01863	0.99982	0.00385	-0.00174	-0.00388	0.99999		-1.45641	3.51762	0.35740	0.17157	0.01260	4.09533	0.14637	0.99745	-0.07142	-0.00022	0.07142	0.99744	0.00299	0.00001	-0.00300	1.00000	
20	0.10000	-6.42305	0.61917	0.60418	0.22159	-0.09705	-1.06991	1.86839	0.99982	0.01867	0.00169	-0.01868	0.99982	0.00387	-0.00162	-0.00390	0.99999		-1.45063	3.51180	0.37509	0.16980	0.00971	4.09454	0.13649	0.99745	-0.07140	-0.00017	0.07140	0.99744	0.00296	-0.00004	-0.00297	1.00000	
21	0.10500	-6.42713	0.60962	0.62234	0.22051	-0.09773	-1.06761	1.87644	0.99982	0.01863	0.00171	-0.01864	0.99982	0.00385	-0.00163	-0.00388	0.99999		-1.45333	3.45031	0.37201	0.16085	0.00833	4.09710	0.15557	0.99744	-0.07145	-0.00015	0.07145	0.99744	0.00281	-0.00006	-0.00281	1.00000	
22	0.11000	-6.39604	0.60043	0.62623	0.22091	-0.09762	-1.07362	1.86478	0.99982	0.01874	0.00170	-0.01874	0.99982	0.00386	-0.00163	-0.00389	0.99999		-1.43259	3.48184	0.39216	0.16327	0.00540	4.09459	0.15822	0.99745	-0.07140	-0.00009	0.07140	0.99744	0.00285	-0.00011	-0.00285	1.00000	
23	0.11500	-6.48254	0.61107	0.63663	0.22218	-0.08793	-1.06946	1.87488	0.99982	0.01866	0.00153	-0.01867	0.99982	0.00388	-0.00146	-0.00391	0.99999		-1.43528	3.45292	0.40206	0.15815	0.00351	4.09371	0.14223	0.99745	-0.07139	-0.00006	0.07139	0.99744	0.00276	-0.00014	-0.00276	1.00000	
24	0.12000	-6.52835	0.44896	0.35652	0.18564	-0.07431	-1.06633	1.84971	0.99983	0.01861	0.00130	-0.01861	0.99982	0.00324	-0.00124	-0.00326	0.99999		-1.16063	3.44158	0.72088	0.15857	-0.03754	4.09755	0.21098	0.99744	-0.07145	0.00066	0.07145	0.99744	0.00277	-0.00085	-0.00271	1.00000	
25	0.12500	-6.50385	0.44112	0.36724	0.18642	-0.07132	-1.06801	1.83207	0.99983	0.01864	0.00124	-0.01864	0.99982	0.00325	-0.00118	-0.00328	0.99999		-1.18151	3.39550	0.70821	0.15044	-0.03456	4.09877	0.22893	0.99744	-0.07148	0.00060	0.07147	0.99744	0.00263	-0.00079	-0.00258	1.00000	
26	0.13000	-6.50454	0.42389	0.37659	0.18684	-0.06921	-1.07345	1.83291	0.99982	0.01873	0.00121	-0.01874	0.99982	0.00326	-0.00115	-0.00328	0.99999		-1.14882	3.39677	0.73816	0.14859	-0.04061	4.09961	0.19649	0.99744	-0.07149	0.00071	0.07149	0.99744	0.00259	-0.00089	-0.00254	1.00000	
27	0.13500	-6.51766	0.41195	0.39078	0.18257	-0.06740	-1.06692	1.84702	0.99983	0.01862	0.00118	-0.01862	0.99982	0.00319	-0.00112	-0.00321	0.99999		-1.15032	3.39807	0.77356	0.14635	-0.04548	4.10021	0.20251	0.99744	-0.07150	0.00079	0.07150	0.99744	0.00255	-0.00097	-0.00249	1.00000	
28	0.14000	-6.53957	0.39873	0.39813	0.18078	-0.06482	-1.06784	1.84157	0.99983	0.01864	0.00113	-0.01864	0.99982	0.00316	-0.00107	-0.00318	0.99999		-1.13646	3.36085	0.76851	0.13950	-0.04770	4.09984	0.21263	0.99744	-0.07149	0.00083	0.07149	0.99744	0.00243	-0.00100	-0.00237	1.00000	
29	0.14500	-6.53304	0.38644	0.41549	0.17860	-0.06226	-1.07208	1.82243	0.99982	0.01871	0.00109	-0.01871	0.99982	0.00312	-0.00103	-0.00314	0.99999		-1.10611	3.40437	0.80298	0.14205	-0.05527	4.09773	0.21648	0.99744	-0.07146	0.00096	0.07146	0.99744	0.00248	-0.00114	-0.00240	1.00000	
30	0.15000	-6.53204	0.39195	0.41062	0.17899	-0.05990	-1.07164	1.82608	0.99982	0.01870	0.00105	-0.01871	0.99982	0.00312	-0.00099	-0.00314	0.99999		-1.10488	3.37930	0.82248	0.13671	-0.05566	4.09713	0.22496	0.99744	-0.07145	0.00097	0.07144	0.99744	0.00239	-0.00114	-0.00231	1.00000	
31	0.15500	-6.54911	0.39613	0.42644	0.17876	-0.05809	-1.07102	1.81819	0.99982	0.01869	0.00101	-0.01869	0.99982	0.00312	-0.00096	-0.00314	0.99999		-1.11982	3.37550	0.83631	0.13182	-0.06240	4.09696	0.22375	0.99744	-0.07144	0.00109	0.07144	0.99744	0.00230	-0.00125	-0.00222	1.00000	
32	0.16000	-6.54968	0.37869	0.42255	0.17639	-0.05564	-1.07271	1.82618	0.99982	0.01872	0.00097	-0.01872	0.99982	0.00308	-0.00091	-0.00310	0.99999		-1.08725	3.33138	0.85270	0.12528	-0.06518	4.09782	0.24902	0.99744	-0.07146	0.00114	0.07146	0.99744	0.00219	-0.00129	-0.00210	1.00000	
33	0.16500	-6.55732	0.36442	0.43087	0.17291	-0.05499	-1.07435	1.81973	0.99982	0.01875	0.00096	-0.01875	0.99982	0.00302	-0.00090	-0.00304	0.99999		-1.04835	3.37253	0.86850	0.12798	-0.06992	4.09762	0.22762	0.99744	-0.07146	0.00122	0.07145	0.99744	0.00223	-0.00138	-0.00214	1.00000	
34	0.17000	-6.54407	0.37689	0.44812	0.17232	-0.05501	-1.07157	1.84044	0.99982	0.01870	0.00096	-0.01870	0.99982	0.00301	-0.00090	-0.00302	1.00000		-1.03554	3.33004	0.88365	0.12017	-0.07611	4.09616	0.20345	0.99744	-0.07143	0.00133	0.07143	0.99744	0.00210	-0.00147	-0.00200	1.00000	
35	0.17500	-6.55573	0.36544	0.45913	0.17200	-0.04890	-1.07376	1.81241	0.99982	0.01874	0.00085	-0.01874	0.99982	0.00300	-0.00080	-0.00302	1.00000		-1.01984	3.31195	0.89511	0.11527	-0.07998	4.09612	0.22438	0.99744	-0.07143	0.00140	0.07143	0.99744	0.00201	-0.00154	-0.00191	1.00000	
36	0.18000	-6.61792	0.37927	0.46375	0.17254	-0.04294	-1.06941	1.81478	0.99983	0.01866	0.00075	-0.01867	0.99982	0.00301	-0.00069	-0.00302	1.00000		-1.06637	3.29585	0.90150	0.10918	-0.07688	4.09626	0.23793	0.99744	-0.07143	0.00134	0.07143	0.99744	0.00191	-0.00147	-0.00180	1.00000	
37	0.18500	-6.60245	0.37157	0.48466	0.16895	-0.04317	-1.07531	1.81415	0.99982	0.01877	0.00075	-0.01877	0.99982	0.00295	-0.00070	-0.00296	1.00000		-0.97642	3.34628	0.95894	0.11519	-0.08984	4.09909	0.24932	0.99744	-0.07148	0.00157	0.07148	0.99744	0.00201	-0.00171	-0.00189	1.00000	
38	0.19000	-6.55040	0.35582	0.48554	0.16424	-0.04744	-1.07232	1.82489	0.99982	0.01871	0.00083	-0.01872	0.99982	0.00287	-0.00077	-0.00288	1.00000		-1.01494	3.31929	0.93462	0.10519	-0.08872	4.09540	0.23466	0.99745	-0.07142	0.00155	0.07141	0.99745	0.00184	-0.00168	-0.00172	1.00000	
39	0.19500	-6.55975	0.34129	0.50375	0.16228	-0.04015	-1.07632	1.81613	0.99982	0.01878	0.00070	-0.01879	0.99982	0.00283	-0.00065	-0.00284	1.00000		-0.97532	3.30655	0.98409	0.10394	-0.09418	4.09607	0.24379	0.99744	-0.07143	0.00164	0.07143	0.99744	0.00181	-0.00177	-0.00169	1.00000	
40	0.20000	-6.59861	0.35845	0.49940	0.16238	-0.03714	-1.07137	1.82634	0.99982	0.01870	0.00065	-0.01870	0.99982	0.00283	-0.00060	-0.00285	1.00000		-0.97841	3.31889	0.99851	0.10136	-0.09876	4.09590	0.26313	0.99744	-0.07143	0.00172	0.07142	0.99744	0.00177	-0.00185	-0.00164	1.00000	
41	0.20500	-6.58300	0.32976	0.51787	0.15764	-0.03465	-1.07598	1.81693	0.99982	0.01878	0.00060	-0.01878	0.99982	0.00275	-0.00055	-0.00276	1.00000		-0.97507	3.34057	1.01204	0.09948	-0.10494	4.09252	0.24554	0.99745	-0.07137	0.00183	0.07136	0.99745	0.00174	-0.00195	-0.00160	1.00000	
42	0.21000	-6.58222	0.33888	0.53163	0.15725	-0.03416	-1.07311	1.80670	0.99982	0.01873	0.00060	-0.01873	0.99982	0.00274	-0.00054	-0.00276	1.00000		-0.96528	3.34558	1.02988	0.09669	-0.10683	4.09561	0.25891	0.99744	-0.07142	0.00186	0.07142	0.99745	0.00169	-0.00198	-0.00155	1.00000	
43	0.21500	-6.58123	0.34124	0.51498	0.15488	-0.03045	-1.06992	1.81665	0.99983	0.01867	0.00053	-0.01867	0.99982	0.00270	-0.00048	-0.00271	1.00000		-0.90091	3.33733	1.04204	0.09263	-0.11193	4.09500	0.25083	0.99745	-0.07141	0.00195	0.07141	0.99745	0.00162	-0.00206	-0.00147	1.00000	
44	0.22000	-6.58228	0.32691	0.53160	0.15099	-0.03226	-1.07255	1.82055	0.99982	0.01872	0.00056	-0.01872	0.99982	0.00264	-0.00051	-0.00265	1.00000		-0.94713	3.32953	1.04813	0.08894	-0.11331	4.09280	0.26186	0.99745	-0.07137	0.00198	0.07137	0.99745	0.00155	-0.00208	-0.00141	1.00000	
45	0.22500	-6.60493	0.33956	0.54457	0.15249	-0.02669	-1.07619	1.80443	0.99982	0.01878	0.00047	-0.01878	0.99982	0.00266	-0.00042	-0.00267	1.00000		-0.93118	3.30987	1.04849	0.08238	-0.11686	4.09398	0.25369	0.99745	-0.07139	0.00204	0.07139	0.99745	0.00144	-0.00214	-0.00129	1.00000	
46	0.23000	-6.58355	0.31756	0.56118	0.14711	-0.02775	-1.07533	1.82044	0.99982	0.01877	0.00048	-0.01877	0.99982	0.00257	-0.00044	-0.00258	1.00000		-0.91372	3.32909	1.07478	0.08130	-0.11924	4.09159	0.26492	0.99745	-0.07135	0.00208	0.07135	0.99745	0.00142	-0.00218	-0.00127	1.00000	
47	0.23500	-6.61827	0.33191	0.55090	0.14733	-0.02182	-1.07604	1.81933	0.99982	0.01878	0.00038	-0.01878	0.99982	0.00257	-0.00033	-0.00258	1.00000		-0.90513	3.33512	1.07828	0.07843	-0.12506	4.09354	0.24587	0.99745	-0.07138	0.00218	0.07138	0.99745	0.00137	-0.00227	-0.00121	1.00000	
48	0.24000	-6.63214	0.31578	0.58149	0.14182	-0.02174	-1.07441	1.81395	0.99982	0.01875	0.00038	-0.01875	0.99982	0.00248	-0.00033	-0.00248	1.00000		-0.83032	3.34984	1.09879	0.07545	-0.13174	4.09025	0.23351	0.99745	-0.07133	0.00230	0.07132	0.99745	0.00132	-0.00239	-0.00115	1.00000	
49	0.24500	-6.61364	0.32998	0.58202	0.14237	-0.01899	-1.07724	1.79996	0.99982	0.01880	0.00033	-0.01880	0.99982	0.00248	-0.00028	-0.00249	1.00000		-0.86033	3.32251	1.09492	0.06804	-0.13098	4.09069	0.24936	0.99745	-0.07134	0.00229	0.07133	0.99745	0.00119	-0.00236	-0.00102	1.00000	
50	0.25000	-6.64438	0.30924	0.58446	0.13390	-0.01752	-1.07178	1.79740	0.99983	0.01871	0.00031	-0.01871	0.99982	0.00234	-0.00026	-0.00234	1.00000		-0.88236	3.31792	1.10545	0.06430	-0.13369	4.08888	0.23004	0.99745	-0.07130	0.00233	0.07130	0.99745	0.00112	-0.00241	-0.00095	1.00000	
51	0.25500	-6.61626	0.31728	0.58614	0.13441	-0.01782	-1.07189	1.80612	0.99982	0.01871	0.00031	-0.01871	0.99982	0.00235	-0.00027	-0.00235	1.00000		-0.87529	3.28673	1.10089	0.05862	-0.13438	4.09049	0.25780	0.99745	-0.07133	0.00235	0.07133	0.99745	0.00102	-0.00241	-0.00085	1.00000	
52	0.26000	-6.63334	0.31933	0.58254	0.13075	-0.01399	-1.07417	1.79255	0.99982	0.01875	0.00024	-0.01875	0.99982	0.00228	-0.00020	-0.00229	1.00000		-0.86637	3.30433	1.11704	0.05549	-0.14013	4.09172	0.25297	0.99745	-0.07135	0.00245	0.07135	0.99745	0.00097	-0.00251	-0.00079	1.00000	
53	0.26500	-6.65912	0.31492	0.58668	0.12920	-0.00943	-1.07406	1.80153	0.99982	0.01874	0.00016	-0.01875	0.99982	0.00226	-0.00012	-0.00226	1.00000		-0.87402	3.29585	1.12141	0.05038	-0.13910	4.08941	0.27104	0.99745	-0.07131	0.00243	0.07131	0.99745	0.00088	-0.00248	-0.00070	1.00000	
54	0.27000	-6.67068	0.32301	0.59561	0.12608	-0.00729	-1.07289	1.80830	0.99982	0.01872	0.00013	-0.01872	0.99982	0.00220	-0.00009	-0.00220	1.00000		-0.84438	3.30925	1.13246	0.04957	-0.14612	4.09134	0.24831	0.99745	-0.07135	0.00255	0.07134	0.99745	0.00087	-0.00261	-0.00068	1.00000	
55	0.27500	-6.63062	0.32794	0.59819	0.12288	-0.01150	-1.07345	1.80297	0.99982	0.01873	0.00020	-0.01873	0.99982	0.00214	-0.00016	-0.00215	1.00000		-0.83520	3.32723	1.14019	0.04604	-0.14859	4.09037	0.23562	0.99745	-0.07133	0.00259	0.07133	0.99745	0.00080	-0.00264	-0.00062	1.00000	
56	0.28000	-6.63924	0.31282	0.60828	0.11830	-0.00701	-1.07112	1.80123	0.99983	0.01869	0.00012	-0.01869	0.99982	0.00206	-0.00008	-0.00207	1.00000		-0.82981	3.32939	1.13794	0.04170	-0.15112	4.08818	0.24802	0.99745	-0.07129	0.00264	0.07129	0.99746	0.00073	-0.00268	-0.00054	1.00000	
57	0.28500	-6.65610	0.30861	0.61144	0.11233	-0.00531	-1.07497	1.78721	0.99982	0.01876	0.00009	-0.01876	0.99982	0.00196	-0.00006	-0.00196	1.00000		-0.81678	3.31060	1.13652	0.03534	-0.15414	4.09017	0.24179	0.99745	-0.07133	0.00269	0.07132	0.99745	0.00062	-0.00273	-0.00042	1.00000	
58	0.29000	-6.64048	0.30867	0.60754	0.11111	-0.00751	-1.07726	1.79370	0.99982	0.01880	0.00013	-0.01880	0.99982	0.00194	-0.00009	-0.00194	1.00000		-0.83478	3.28770	1.12737	0.02871	-0.15497	4.09078	0.26166	0.99745	-0.07134	0.00270	0.07134	0.99745	0.00050	-0.00273	-0.00031	1.00000	
59	0.29500	-6.66069	0.31866	0.60640	0.10752	-0.00170	-1.07857	1.79174	0.99982	0.01882	0.00003	-0.01882	0.99982	0.00188	0.00001	-0.00188	1.00000		-0.79652	3.28452	1.15641	0.02584	-0.15850	4.08950	0.22455	0.99745	-0.07131	0.00277	0.07131	0.99745	0.00045	-0.00279	-0.00025	1.00000	
60	0.30000	-6.64124	0.32801	0.63554	0.10556	-0.00426	-1.07607	1.80103	0.99982	0.01878	0.00007	-0.01878	0.99982	0.00184	-0.00004	-0.00184	1.00000		-0.76717	3.32088	1.16932	0.02582	-0.16557	4.08792	0.25589	0.99745	-0.07129	0.00289	0.07129	0.99746	0.00045	-0.00291	-0.00024	1.00000	
61	0.30500	-6.66310	0.32508	0.62723	0.10366	-0.00253	-1.07835	1.80996	0.99982	0.01882	0.00004	-0.01882	0.99982	0.00181	-0.00001	-0.00181	1.00000		-0.78545	3.29117	1.14081	0.01854	-0.16542	4.08613	0.24808	0.99745	-0.07126	0.00289	0.07125	0.99746	0.00032	-0.00290	-0.00012	1.00000	
62	0.31000	-6.67410	0.32243	0.63351	0.09584	-0.00086	-1.07864	1.79979	0.99982	0.01882	0.00001	-0.01882	0.99982	0.00167	0.00002	-0.00167	1.00000		-0.76703	3.30916	1.16948	0.01556	-0.16858	4.08741	0.25767	0.99745	-0.07128	0.00294	0.07128	0.99746	0.00027	-0.00295	-0.00006	1.00000	
63	0.31500	-6.64856	0.32852	0.64116	0.09105	-0.00430	-1.07572	1.77971	0.99982	0.01877	0.00008	-0.01877	0.99982	0.00159	-0.00005	-0.00159	1.00000		-0.77316	3.27468	1.15679	0.00808	-0.16965	4.08705	0.26976	0.99745	-0.07127	0.00296	0.07127	0.99746	0.00014	-0.00296	0.00007	1.00000	
64	0.32000	-6.66188	0.32556	0.62998	0.08877	-0.00159	-1.08009	1.78178	0.99982	0.01885	0.00003	-0.01885	0.99982	0.00155	0.00000	-0.00155	1.00000		-0.73781	3.32858	1.16497	0.01175	-0.17541	4.08709	0.25759	0.99745	-0.07127	0.00306	0.07127	0.99746	0.00020	-0.00307	0.00001	1.00000	
65	0.32500	-6.66097	0.33735	0.64686	0.08614	0.00173	-1.07812	1.77465	0.99982	0.01882	-0.00003	-0.01882	0.99982	0.00150	0.00006	-0.00150	1.00000		-0.69987	3.33949	1.16583	0.00866	-0.17984	4.08752	0.26238	0.99745	-0.07128	0.00314	0.07128	0.99746	0.00015	-0.00314	0.00007	1.00000	
66	0.33000	-6.64838	0.34195	0.64028	0.08235	-0.00538	-1.07706	1.78512	0.99982	0.01880	0.00009	-0.01880	0.99982	0.00144	-0.00007	-0.00144	1.00000		-0.72445	3.35006	1.17162	0.00699	-0.18210	4.08564	0.24341	0.99745	-0.07125	0.00318	0.07125	0.99746	0.00012	-0.00318	0.00010	0.99999	
67	0.33500	-6.63186	0.32319	0.64218	0.07643	-0.00358	-1.07642	1.77544	0.99982	0.01879	0.00006	-0.01879	0.99982	0.00133	-0.00004	-0.00133	1.00000		-0.68982	3.37479	1.17499	0.00589	-0.18581	4.08679	0.25201	0.99745	-0.07127	0.00324	0.07127	0.99746	0.00010	-0.00324	0.00013	0.99999	
68	0.34000	-6.64212	0.34871	0.65537	0.07276	-0.00563	-1.07515	1.78501	0.99982	0.01876	0.00010	-0.01876	0.99982	0.00127	-0.00007	-0.00127	1.00000		-0.71632	3.35793	1.16846	-0.00118	-0.18760	4.08550	0.25718	0.99745	-0.07124	0.00327	0.07125	0.99746	-0.00002	-0.00326	0.00025	0.99999	
69	0.34500	-6.67063	0.33420	0.65454	0.06846	-0.00168	-1.07651	1.78593	0.99982	0.01879	0.00003	-0.01879	0.99982	0.00119	-0.00001	-0.00120	1.00000		-0.68476	3.39672	1.17772	0.00108	-0.19137	4.08519	0.23471	0.99745	-0.07124	0.00334	0.07124	0.99746	0.00002	-0.00333	0.00022	0.99999	
70	0.35000	-6.65843	0.35917	0.65497	0.06471	-0.00461	-1.07618	1.77651	0.99982	0.01878	0.00008	-0.01878	0.99982	0.00113	-0.00006	-0.00113	1.00000		-0.68124	3.40745	1.16743	-0.00100	-0.19238	4.08816	0.24841	0.99745	-0.07129	0.00336	0.07129	0.99746	-0.00002	-0.00335	0.00026	0.99999	
71	0.35500	-6.67376	0.34299	0.65914	0.06071	-0.00204	-1.07621	1.76150	0.99982	0.01878	0.00004	-0.01878	0.99982	0.00106	-0.00002	-0.00106	1.00000		-0.65865	3.39383	1.16872	-0.00492	-0.19227	4.08567	0.25603	0.99745	-0.07125	0.00336	0.07125	0.99746	-0.00009	-0.00334	0.00032	0.99999	
72	0.36000	-6.66993	0.35240	0.65019	0.05409	-0.00624	-1.07601	1.76841	0.99982	0.01878	0.00011	-0.01878	0.99982	0.00094	-0.00009	-0.00095	1.00000		-0.66918	3.41955	1.16960	-0.00489	-0.19774	4.08513	0.25335	0.99745	-0.07124	0.00345	0.07124	0.99746	-0.00009	-0.00344	0.00033	0.99999	
73	0.36500	-6.67352	0.34166	0.65462	0.04714	-0.01031	-1.07875	1.77735	0.99982	0.01883	0.00018	-0.01883	0.99982	0.00082	-0.00016	-0.00083	1.00000		-0.64226	3.45510	1.16615	-0.00473	-0.20046	4.08532	0.25874	0.99745	-0.07124	0.00350	0.07124	0.99746	-0.00008	-0.00348	0.00033	0.99999	
74	0.37000	-6.68897	0.35433	0.64733	0.04294	-0.01053	-1.07540	1.78077	0.99982	0.01877	0.00018	-0.01877	0.99982	0.00075	-0.00017	-0.00075	1.00000		-0.65457	3.44384	1.17362	-0.00823	-0.20251	4.08458	0.24964	0.99745	-0.07123	0.00353	0.07123	0.99746	-0.00014	-0.00352	0.00040	0.99999	
75	0.37500	-6.64684	0.35606	0.65344	0.04035	-0.01673	-1.07570	1.77987	0.99982	0.01877	0.00029	-0.01877	0.99982	0.00070	-0.00028	-0.00071	1.00000		-0.64788	3.48443	1.17174	-0.00640	-0.20695	4.08209	0.24642	0.99746	-0.07119	0.00361	0.07119	0.99746	-0.00011	-0.00359	0.00037	0.99999	
76	0.38000	-6.67914	0.36824	0.67532	0.03336	-0.01401	-1.07203	1.77189	0.99982	0.01871	0.00024	-0.01871	0.99982	0.00058	-0.00023	-0.00059	1.00000		-0.65859	3.45575	1.14861	-0.01413	-0.20638	4.08495	0.24878	0.99745	-0.07123	0.00360	0.07124	0.99746	-0.00025	-0.00358	0.00050	0.99999	
77	0.38500	-6.67488	0.36458	0.66726	0.02979	-0.02021	-1.07322	1.77424	0.99982	0.01873	0.00035	-0.01873	0.99982	0.00052	-0.00034	-0.00053	1.00000		-0.60585	3.48679	1.15782	-0.01247	-0.21197	4.08189	0.26270	0.99746	-0.07118	0.00370	0.07118	0.99746	-0.00022	-0.00367	0.00048	0.99999	
78	0.39000	-6.67798	0.37937	0.66742	0.02653	-0.01640	-1.07851	1.75027	0.99982	0.01882	0.00029	-0.01882	0.99982	0.00046	-0.00028	-0.00047	1.00000		-0.58370	3.50930	1.16203	-0.01079	-0.21546	4.08582	0.27057	0.99745	-0.07125	0.00376	0.07125	0.99746	-0.00019	-0.00374	0.00046	0.99999	
79	0.39500	-6.65965	0.38488	0.67201	0.02094	-0.02325	-1.07418	1.76476	0.99982	0.01875	0.00041	-0.01875	0.99982	0.00037	-0.00040	-0.00037	1.00000		-0.57917	3.52768	1.17580	-0.01134	-0.21814	4.08302	0.25582	0.99745	-0.07120	0.00381	0.07120	0.99746	-0.00020	-0.00378	0.00047	0.99999	
80	0.40000	-6.66301	0.37156	0.68406	0.01318	-0.02261	-1.07328	1.77384	0.99982	0.01873	0.00039	-0.01873	0.99982	0.00023	-0.00039	-0.00024	1.00000		-0.60977	3.51297	1.14376	-0.01488	-0.21697	4.08533	0.28254	0.99745	-0.07124	0.00379	0.07124	0.99746	-0.00026	-0.00376	0.00053	0.99999	
81	0.40500	-6.67202	0.40117	0.67688	0.01163	-0.03123	-1.07318	1.76269	0.99982	0.01873	0.00054	-0.01873	0.99982	0.00020	-0.00054	-0.00021	1.00000		-0.61020	3.54814	1.13771	-0.01429	-0.21803	4.08486	0.25725	0.99745	-0.07123	0.00381	0.07123	0.99746	-0.00025	-0.00378	0.00052	0.99999	
82	0.41000	-6.67288	0.40043	0.67810	0.00761	-0.03023	-1.07432	1.76972	0.99982	0.01875	0.00053	-0.01875	0.99982	0.00013	-0.00053	-0.00014	1.00000		-0.58628	3.55107	1.16618	-0.01357	-0.22124	4.08522	0.26439	0.99745	-0.07124	0.00386	0.07124	0.99746	-0.00024	-0.00383	0.00051	0.99999	
83	0.41500	-6.72736	0.41910	0.68663	0.00320	-0.02858	-1.07051	1.77236	0.99983	0.01868	0.00050	-0.01868	0.99983	0.00006	-0.00050	-0.00007	1.00000		-0.62611	3.57208	1.13418	-0.01356	-0.22080	4.08514	0.26304	0.99745	-0.07124	0.00385	0.07124	0.99746	-0.00024	-0.00383	0.00051	0.99999	
84	0.42000	-6.71390	0.42441	0.68493	-0.00127	-0.03001	-1.07244	1.75350	0.99982	0.01872	0.00052	-0.01872	0.99982	-0.00002	-0.00052	0.00001	1.00000		-0.57405	3.63877	1.14863	-0.00584	-0.22758	4.08302	0.27782	0.99745	-0.07120	0.00397	0.07120	0.99746	-0.00010	-0.00395	0.00038	0.99999	
85	0.42500	-6.69586	0.41968	0.68761	-0.00633	-0.03708	-1.07231	1.76007	0.99982	0.01871	0.00065	-0.01871	0.99982	-0.00011	-0.00065	0.00010	1.00000		-0.57001	3.62651	1.15723	-0.00736	-0.22811	4.08397	0.27908	0.99745	-0.07122	0.00398	0.07122	0.99746	-0.00013	-0.00396	0.00041	0.99999	
86	0.43000	-6.70817	0.42306	0.67993	-0.01251	-0.03788	-1.06948	1.76431	0.99983	0.01866	0.00066	-0.01866	0.99983	-0.00022	-0.00067	0.00021	1.00000		-0.59398	3.64738	1.13086	-0.00890	-0.22502	4.08006	0.27663	0.99746	-0.07115	0.00393	0.07115	0.99747	-0.00016	-0.00391	0.00043	0.99999	
87	0.43500	-6.70892	0.42037	0.68334	-0.01660	-0.04036	-1.07097	1.77297	0.99983	0.01869	0.00070	-0.01869	0.99983	-0.00029	-0.00071	0.00028	1.00000		-0.61531	3.66635	1.13605	-0.00699	-0.22793	4.08529	0.25710	0.99745	-0.07124	0.00398	0.07124	0.99746	-0.00012	-0.00396	0.00041	0.99999	
88	0.44000	-6.72666	0.43799	0.69840	-0.01989	-0.04108	-1.07046	1.76412	0.99983	0.01868	0.00072	-0.01868	0.99983	-0.00035	-0.00072	0.00033	1.00000		-0.59254	3.67337	1.13475	-0.00570	-0.23098	4.08563	0.26455	0.99745	-0.07125	0.00403	0.07125	0.99746	-0.00010	-0.00401	0.00039	0.99999	
89	0.44500	-6.72417	0.44676	0.69897	-0.02202	-0.04532	-1.07146	1.75820	0.99982	0.01870	0.00079	-0.01870	0.99983	-0.00038	-0.00080	0.00037	1.00000		-0.58675	3.69395	1.13479	-0.00490	-0.23179	4.08376	0.26101	0.99745	-0.07121	0.00405	0.07122	0.99746	-0.00009	-0.00403	0.00037	0.99999	
90	0.45000	-6.73137	0.44836	0.70697	-0.02630	-0.04797	-1.07147	1.77210	0.99982	0.01870	0.00084	-0.01870	0.99983	-0.00046	-0.00085	0.00044	1.00000		-0.59240	3.71830	1.13030	-0.00158	-0.23081	4.08360	0.26344	0.99745	-0.07121	0.00403	0.07121	0.99746	-0.00003	-0.00402	0.00031	0.99999	
91	0.45500	-6.76199	0.45110	0.69556	-0.03161	-0.04725	-1.06890	1.76862	0.99983	0.01865	0.00082	-0.01865	0.99983	-0.00055	-0.00083	0.00054	1.00000		-0.61849	3.68915	1.09775	-0.00557	-0.22997	4.08115	0.26959	0.99746	-0.07117	0.00401	0.07117	0.99746	-0.00010	-0.00400	0.00038	0.99999	
92	0.46000	-6.76835	0.44946	0.68280	-0.03636	-0.04979	-1.06917	1.78223	0.99983	0.01866	0.00087	-0.01866	0.99983	-0.00063	-0.00088	0.00062	1.00000		-0.62133	3.70015	1.09935	-0.00070	-0.23075	4.08488	0.27718	0.99745	-0.07123	0.00403	0.07123	0.99746	-0.00001	-0.00402	0.00030	0.99999	
93	0.46500	-6.72997	0.46049	0.68991	-0.03765	-0.05742	-1.07231	1.77091	0.99982	0.01871	0.00100	-0.01871	0.99982	-0.00066	-0.00101	0.00064	1.00000		-0.64037	3.72779	1.09003	0.00215	-0.22954	4.08483	0.28303	0.99745	-0.07123	0.00401	0.07123	0.99746	0.00004	-0.00400	0.00025	0.99999	
94	0.47000	-6.76849	0.49768	0.68360	-0.03553	-0.05601	-1.07125	1.77868	0.99982	0.01870	0.00098	-0.01870	0.99983	-0.00062	-0.00099	0.00060	1.00000		-0.54314	3.79907	1.12683	0.01227	-0.24046	4.08497	0.26200	0.99745	-0.07124	0.00420	0.07123	0.99746	0.00021	-0.00420	0.00009	0.99999	
95	0.47500	-6.76189	0.47225	0.68549	-0.04465	-0.06005	-1.07307	1.76813	0.99982	0.01873	0.00105	-0.01873	0.99982	-0.00078	-0.00106	0.00076	1.00000		-0.63003	3.76811	1.09566	0.00976	-0.23057	4.08557	0.28008	0.99745	-0.07125	0.00402	0.07125	0.99746	0.00017	-0.00403	0.00012	0.99999	
96	0.48000	-6.80436	0.50075	0.69295	-0.04593	-0.05929	-1.06867	1.77773	0.99983	0.01865	0.00103	-0.01865	0.99983	-0.00080	-0.00105	0.00078	1.00000		-0.61970	3.80683	1.10141	0.01611	-0.23369	4.08540	0.26639	0.99745	-0.07124	0.00408	0.07124	0.99746	0.00028	-0.00409	0.00001	0.99999	
97	0.48500	-6.82372	0.51062	0.69066	-0.04573	-0.05983	-1.07228	1.76475	0.99982	0.01871	0.00104	-0.01871	0.99982	-0.00080	-0.00106	0.00078	1.00000		-0.61515	3.82475	1.09479	0.01970	-0.23211	4.08632	0.28121	0.99745	-0.07126	0.00405	0.07126	0.99746	0.00034	-0.00407	-0.00005	0.99999	
98	0.49000	-6.78432	0.50570	0.68015	-0.05094	-0.06716	-1.07141	1.77075	0.99982	0.01870	0.00117	-0.01870	0.99982	-0.00089	-0.00119	0.00087	1.00000		-0.58230	3.84107	1.09553	0.02602	-0.23580	4.08385	0.28308	0.99745	-0.07122	0.00412	0.07121	0.99746	0.00045	-0.00414	-0.00016	0.99999	
99	0.49500	-6.82562	0.52144	0.66603	-0.05251	-0.06780	-1.07178	1.79032	0.99982	0.01871	0.00118	-0.01870	0.99982	-0.00092	-0.00120	0.00089	1.00000		-0.72462	3.77644	1.03635	0.01531	-0.22141	4.08641	0.26834	0.99745	-0.07126	0.00386	0.07126	0.99746	0.00027	-0.00387	0.00001	0.99999	
100	0.50000	-6.81397	0.50769	0.67301	-0.05589	-0.06938	-1.06694	1.78579	0.99983	0.01862	0.00121	-0.01862	0.99983	-0.00098	-0.00123	0.00095	1.00000		-0.65274	3.85110	1.07129	0.02986	-0.22743	4.08650	0.27049	0.99745	-0.07126	0.00397	0.07126	0.99746	0.00052	-0.00400	-0.00024	0.99999	
101	0.50500	-6.83433	0.53827	0.68444	-0.05595	-0.07229	-1.06353	1.78982	0.99983	0.01856	0.00126	-0.01856	0.99983	-0.00098	-0.00128	0.00095	1.00000		-0.63290	3.89047	1.08150	0.03716	-0.23018	4.08615	0.25307	0.99745	-0.07126	0.00402	0.07125	0.99746	0.00065	-0.00405	-0.00036	0.99999	
102	0.51000	-6.83805	0.52708	0.67593	-0.05901	-0.06972	-1.06774	1.79721	0.99983	0.01863	0.00122	-0.01863	0.99983	-0.00103	-0.00124	0.00101	1.00000		-0.66760	3.94181	1.06720	0.04536	-0.22905	4.08437	0.26542	0.99745	-0.07122	0.00400	0.07122	0.99746	0.00079	-0.00404	-0.00050	0.99999	
103	0.51500	-6.85383	0.54483	0.68782	-0.05785	-0.07048	-1.06498	1.79605	0.99983	0.01859	0.00123	-0.01859	0.99983	-0.00101	-0.00125	0.00099	1.00000		-0.69053	3.91201	1.03978	0.04421	-0.22388	4.08777	0.27494	0.99745	-0.07128	0.00391	0.07128	0.99746	0.00077	-0.00395	-0.00049	0.99999	
104	0.52000	-6.86182	0.53316	0.68119	-0.06254	-0.07687	-1.06580	1.79333	0.99983	0.01860	0.00134	-0.01860	0.99983	-0.00109	-0.00136	0.00107	1.00000		-0.73023	3.91995	1.01795	0.04705	-0.22088	4.08567	0.27170	0.99745	-0.07125	0.00385	0.07124	0.99746	0.00082	-0.00390	-0.00054	0.99999	
105	0.52500	-6.86956	0.55018	0.67666	-0.06102	-0.07909	-1.06505	1.77734	0.99983	0.01859	0.00138	-0.01859	0.99983	-0.00107	-0.00140	0.00104	1.00000		-0.72771	3.89616	0.99161	0.04774	-0.21678	4.08462	0.23206	0.99745	-0.07123	0.00378	0.07123	0.99746	0.00083	-0.00383	-0.00056	0.99999	
106	0.53000	-6.87792	0.53583	0.66991	-0.06403	-0.07735	-1.06587	1.81062	0.99983	0.01860	0.00135	-0.01860	0.99983	-0.00112	-0.00137	0.00109	1.00000		-0.73179	3.93367	0.99551	0.05876	-0.21565	4.08775	0.22092	0.99745	-0.07128	0.00376	0.07128	0.99746	0.00103	-0.00383	-0.00075	0.99999	
107	0.53500	-6.83875	0.53309	0.66832	-0.06534	-0.08714	-1.06683	1.79342	0.99983	0.01862	0.00152	-0.01862	0.99983	-0.00114	-0.00154	0.00111	1.00000		-0.71960	3.96672	1.03189	0.06717	-0.21703	4.08939	0.27093	0.99745	-0.07131	0.00379	0.07131	0.99745	0.00117	-0.00386	-0.00090	0.99999	
108	0.54000	-6.85586	0.55578	0.65904	-0.06405	-0.08882	-1.06108	1.80149	0.99983	0.01852	0.00155	-0.01852	0.99983	-0.00112	-0.00157	0.00109	1.00000		-0.73732	3.91045	0.96385	0.06341	-0.21006	4.08935	0.23774	0.99745	-0.07131	0.00367	0.07131	0.99745	0.00111	-0.00374	-0.00084	0.99999	
109	0.54500	-6.88758	0.55960	0.65709	-0.06084	-0.08390	-1.06820	1.79641	0.99983	0.01864	0.00146	-0.01864	0.99983	-0.00106	-0.00148	0.00103	1.00000		-0.79454	3.92815	0.95672	0.06991	-0.20384	4.09098	0.26042	0.99745	-0.07134	0.00356	0.07134	0.99745	0.00122	-0.00364	-0.00096	0.99999	
110	0.55000	-6.88336	0.54688	0.65767	-0.06652	-0.08854	-1.06370	1.80405	0.99983	0.01856	0.00155	-0.01856	0.99983	-0.00116	-0.00157	0.00113	1.00000		-0.78756	3.94494	0.95352	0.07595	-0.20396	4.08809	0.25425	0.99745	-0.07129	0.00356	0.07129	0.99746	0.00133	-0.00365	-0.00107	0.99999	
111	0.55500	-6.89552	0.55795	0.64842	-0.05925	-0.08621	-1.06617	1.78737	0.99983	0.01861	0.00150	-0.01861	0.99983	-0.00103	-0.00152	0.00101	1.00000		-0.78298	3.96844	0.96931	0.08249	-0.20129	4.08725	0.22957	0.99745	-0.07128	0.00351	0.07127	0.99746	0.00144	-0.00361	-0.00119	0.99999	
112	0.56000	-6.93041	0.56325	0.64398	-0.05960	-0.08547	-1.06539	1.79626	0.99983	0.01859	0.00149	-0.01859	0.99983	-0.00104	-0.00151	0.00101	1.00000		-0.83411	3.95352	0.94652	0.08681	-0.19583	4.09184	0.26006	0.99745	-0.07136	0.00342	0.07135	0.99745	0.00152	-0.00352	-0.00127	0.99999	
113	0.56500	-6.93029	0.56104	0.65032	-0.05775	-0.08488	-1.06409	1.78274	0.99983	0.01857	0.00148	-0.01857	0.99983	-0.00101	-0.00150	0.00098	1.00000		-0.79080	3.99381	0.94566	0.09724	-0.19622	4.09248	0.25972	0.99744	-0.07137	0.00342	0.07136	0.99745	0.00170	-0.00354	-0.00145	0.99999	
114	0.57000	-6.97018	0.56764	0.62836	-0.05753	-0.08128	-1.05907	1.80419	0.99983	0.01848	0.00142	-0.01848	0.99983	-0.00100	-0.00144	0.00098	1.00000		-0.86693	3.96774	0.92977	0.09802	-0.18633	4.09273	0.26014	0.99744	-0.07137	0.00325	0.07137	0.99745	0.00171	-0.00337	-0.00147	0.99999	
115	0.57500	-6.96414	0.58077	0.63755	-0.05428	-0.08217	-1.05977	1.80521	0.99983	0.01850	0.00143	-0.01849	0.99983	-0.00095	-0.00145	0.00092	1.00000		-0.83016	4.01914	0.96182	0.11009	-0.19225	4.09001	0.24557	0.99745	-0.07132	0.00336	0.07132	0.99745	0.00192	-0.00348	-0.00168	0.99999	
116	0.58000	-6.93729	0.55245	0.63473	-0.05475	-0.08574	-1.06032	1.80162	0.99983	0.01850	0.00150	-0.01850	0.99983	-0.00096	-0.00151	0.00093	1.00000		-0.84016	3.98849	0.94449	0.11263	-0.18517	4.09488	0.25179	0.99744	-0.07141	0.00323	0.07140	0.99745	0.00197	-0.00336	-0.00173	0.99999	
117	0.58500	-6.95491	0.56952	0.62635	-0.05145	-0.08401	-1.06408	1.81017	0.99983	0.01857	0.00147	-0.01857	0.99983	-0.00090	-0.00148	0.00087	1.00000		-0.85208	4.02278	0.94233	0.12072	-0.18271	4.09077	0.24051	0.99745	-0.07134	0.00319	0.07133	0.99745	0.00211	-0.00333	-0.00187	0.99999	
118	0.59000	-6.96764	0.56242	0.61205	-0.04765	-0.08337	-1.06189	1.81102	0.99983	0.01853	0.00146	-0.01853	0.99983	-0.00083	-0.00147	0.00080	1.00000		-0.86351	3.99846	0.94197	0.12408	-0.17835	4.09138	0.24355	0.99745	-0.07135	0.00311	0.07134	0.99745	0.00217	-0.00326	-0.00194	0.99999	
119	0.59500	-6.97244	0.58003	0.60923	-0.04172	-0.08392	-1.06557	1.81064	0.99983	0.01860	0.00146	-0.01860	0.99983	-0.00073	-0.00148	0.00070	1.00000		-0.86190	4.01336	0.92485	0.13320	-0.17608	4.09643	0.24478	0.99744	-0.07143	0.00307	0.07143	0.99744	0.00232	-0.00323	-0.00210	0.99999	
120	0.60000	-7.01295	0.58330	0.60057	-0.03810	-0.07790	-1.06443	1.82622	0.99983	0.01858	0.00136	-0.01858	0.99983	-0.00067	-0.00137	0.00064	1.00000		-0.89962	3.99951	0.92978	0.13663	-0.17011	4.09568	0.23274	0.99744	-0.07142	0.00297	0.07141	0.99744	0.00238	-0.00313	-0.00217	0.99999	
121	0.60500	-6.97291	0.55811	0.59141	-0.03757	-0.07846	-1.06115	1.81190	0.99983	0.01852	0.00137	-0.01852	0.99983	-0.00066	-0.00138	0.00063	1.00000		-0.87621	4.02398	0.92356	0.14591	-0.16848	4.09399	0.25160	0.99744	-0.07139	0.00294	0.07139	0.99745	0.00255	-0.00311	-0.00233	0.99999	
122	0.61000	-7.02387	0.57106	0.58455	-0.03457	-0.07927	-1.05952	1.80521	0.99983	0.01849	0.00138	-0.01849	0.99983	-0.00060	-0.00139	0.00058	1.00000		-0.89255	4.02656	0.92654	0.15120	-0.16388	4.09807	0.25649	0.99744	-0.07146	0.00286	0.07146	0.99744	0.00264	-0.00304	-0.00243	0.99999	
123	0.61500	-7.00992	0.57911	0.56528	-0.02951	-0.07585	-1.05762	1.81257	0.99983	0.01846	0.00132	-0.01846	0.99983	-0.00052	-0.00133	0.00049	1.00000		-0.92125	3.97885	0.90818	0.15109	-0.15741	4.09850	0.25320	0.99744	-0.07147	0.00275	0.07146	0.99744	0.00264	-0.00293	-0.00243	0.99999	
124	0.62000	-7.00366	0.53414	0.57132	-0.02907	-0.07526	-1.05960	1.81717	0.99983	0.01849	0.00131	-0.01849	0.99983	-0.00051	-0.00132	0.00048	1.00000		-0.93864	3.99952	0.89744	0.16050	-0.15196	4.09801	0.25820	0.99744	-0.07146	0.00265	0.07146	0.99744	0.00280	-0.00285	-0.00260	0.99999	
125	0.62500	-7.02532	0.57433	0.55300	-0.02131	-0.07655	-1.05837	1.81081	0.99983	0.01847	0.00134	-0.01847	0.99983	-0.00037	-0.00134	0.00035	1.00000		-0.92869	3.99575	0.91344	0.16435	-0.14819	4.09825	0.24250	0.99744	-0.07147	0.00259	0.07146	0.99744	0.00287	-0.00278	-0.00268	0.99999	
126	0.63000	-7.03888	0.57172	0.54957	-0.01374	-0.07235	-1.06253	1.80127	0.99983	0.01854	0.00126	-0.01854	0.99983	-0.00024	-0.00127	0.00022	1.00000		-0.95324	4.00598	0.90146	0.17100	-0.14487	4.10008	0.26613	0.99744	-0.07150	0.00253	0.07149	0.99744	0.00298	-0.00274	-0.00280	0.99999	
127	0.63500	-7.02886	0.54829	0.52974	-0.01454	-0.07374	-1.05896	1.82287	0.99983	0.01848	0.00129	-0.01848	0.99983	-0.00025	-0.00129	0.00023	1.00000		-0.93542	4.03670	0.91331	0.18037	-0.14042	4.09915	0.24698	0.99744	-0.07148	0.00245	0.07147	0.99744	0.00315	-0.00267	-0.00296	0.99999	
128	0.64000	-7.02224	0.55389	0.52432	-0.00732	-0.07226	-1.05737	1.81840	0.99983	0.01845	0.00126	-0.01845	0.99983	-0.00013	-0.00126	0.00010	1.00000		-1.01429	3.97296	0.87979	0.17896	-0.13221	4.10205	0.22948	0.99744	-0.07153	0.00231	0.07153	0.99743	0.00312	-0.00253	-0.00295	0.99999	
129	0.64500	-7.07660	0.54681	0.52887	-0.00315	-0.06349	-1.06069	1.82567	0.99983	0.01851	0.00111	-0.01851	0.99983	-0.00005	-0.00111	0.00003	1.00000		-1.03292	3.96468	0.88476	0.18301	-0.12614	4.10386	0.26709	0.99743	-0.07156	0.00220	0.07156	0.99743	0.00319	-0.00242	-0.00303	0.99999	
130	0.65000	-7.04707	0.54444	0.49548	0.00424	-0.06344	-1.05949	1.82546	0.99983	0.01849	0.00111	-0.01849	0.99983	0.00007	-0.00111	-0.00009	1.00000		-0.98263	3.96788	0.91418	0.18982	-0.12840	4.10333	0.23016	0.99743	-0.07156	0.00224	0.07155	0.99743	0.00331	-0.00247	-0.00314	0.99999	
131	0.65500	-7.08018	0.53790	0.48942	0.00893	-0.05926	-1.06558	1.81375	0.99983	0.01860	0.00103	-0.01860	0.99983	0.00016	-0.00103	-0.00018	1.00000		-1.03656	3.93665	0.87702	0.19008	-0.11791	4.10383	0.25177	0.99743	-0.07156	0.00206	0.07156	0.99743	0.00332	-0.00229	-0.00316	0.99999	
132	0.66000	-7.05986	0.52413	0.49128	0.01421	-0.05982	-1.06170	1.82851	0.99983	0.01853	0.00104	-0.01853	0.99983	0.00025	-0.00104	-0.00027	1.00000		-1.06066	3.94757	0.88927	0.19489	-0.11389	4.10046	0.23588	0.99744	-0.07151	0.00199	0.07150	0.99743	0.00340	-0.00223	-0.00325	0.99999	
133	0.66500	-7.08054	0.51255	0.47391	0.01893	-0.05855	-1.06166	1.82195	0.99983	0.01853	0.00102	-0.01853	0.99983	0.00033	-0.00102	-0.00035	1.00000		-1.10730	3.91381	0.86951	0.19573	-0.10647	4.10086	0.23750	0.99744	-0.07151	0.00186	0.07151	0.99743	0.00342	-0.00210	-0.00327	0.99999	
134	0.67000	-7.08332	0.51908	0.45574	0.02302	-0.05655	-1.05899	1.81708	0.99983	0.01848	0.00099	-0.01848	0.99983	0.00040	-0.00098	-0.00042	1.00000		-1.06990	3.92154	0.88379	0.20306	-0.10761	4.10461	0.24789	0.99743	-0.07158	0.00188	0.07157	0.99743	0.00354	-0.00213	-0.00340	0.99999	
135	0.67500	-7.11347	0.51917	0.43236	0.03009	-0.04976	-1.05941	1.83101	0.99983	0.01849	0.00087	-0.01849	0.99983	0.00053	-0.00086	-0.00054	1.00000		-1.05678	3.91760	0.90882	0.20693	-0.10428	4.10490	0.23388	0.99743	-0.07158	0.00182	0.07158	0.99743	0.00361	-0.00207	-0.00347	0.99999	
136	0.68000	-7.09966	0.52280	0.41974	0.03884	-0.05107	-1.06014	1.83872	0.99983	0.01850	0.00089	-0.01850	0.99983	0.00068	-0.00088	-0.00069	1.00000		-1.13817	3.84327	0.87216	0.20132	-0.09376	4.10728	0.24709	0.99743	-0.07162	0.00164	0.07162	0.99743	0.00351	-0.00188	-0.00339	0.99999	
137	0.68500	-7.10745	0.52663	0.41822	0.04545	-0.04744	-1.06140	1.82041	0.99983	0.01852	0.00083	-0.01852	0.99983	0.00079	-0.00081	-0.00081	1.00000		-1.14252	3.88062	0.89407	0.20933	-0.09381	4.10448	0.25013	0.99743	-0.07158	0.00164	0.07157	0.99743	0.00365	-0.00189	-0.00353	0.99999	
138	0.69000	-7.14903	0.53589	0.40610	0.05510	-0.03739	-1.06165	1.82750	0.99983	0.01853	0.00065	-0.01853	0.99983	0.00096	-0.00063	-0.00097	1.00000		-1.09828	3.92061	0.92751	0.21973	-0.09431	4.10514	0.25025	0.99743	-0.07159	0.00165	0.07158	0.99743	0.00383	-0.00192	-0.00371	0.99999	
139	0.69500	-7.14118	0.51856	0.39116	0.05917	-0.03796	-1.06500	1.81922	0.99983	0.01859	0.00066	-0.01859	0.99983	0.00103	-0.00064	-0.00104	1.00000		-1.13961	3.87889	0.89370	0.21823	-0.08717	4.10773	0.22098	0.99743	-0.07163	0.00152	0.07163	0.99742	0.00381	-0.00179	-0.00369	0.99999	
140	0.70000	-7.11451	0.53107	0.36709	0.06806	-0.03783	-1.06813	1.82164	0.99983	0.01864	0.00066	-0.01864	0.99983	0.00119	-0.00064	-0.00120	1.00000		-1.12648	3.90378	0.91036	0.22350	-0.08518	4.10757	0.22895	0.99743	-0.07163	0.00149	0.07162	0.99742	0.00390	-0.00176	-0.00378	0.99999	
