NO_OF_FRAMES	12035
NO_OF_CAMERAS	8
NO_OF_BODIES	2
FREQUENCY	200
NO_OF_ANALOG	0
ANALOG_FREQUENCY	0
DESCRIPTION	--
TIME_STAMP	2013-07-04, 17:33:32	118427.55028139
DATA_INCLUDED	6D
BODY_NAMES	Ice 2 V2	Ice 3
Frame	Time	Ice 2 V2 X	Y	Z	Roll	Pitch	Yaw	Residual	Rot[0]	Rot[1]	Rot[2]	Rot[3]	Rot[4]	Rot[5]	Rot[6]	Rot[7]	Rot[8]	Ice 3 X	Y	Z	Roll	Pitch	Yaw	Residual	Rot[0]	Rot[1]	Rot[2]	Rot[3]	Rot[4]	Rot[5]	Rot[6]	Rot[7]	Rot[8]	
1	0.00500	-1.25277	0.39812	0.42851	0.32079	-0.13164	-0.83839	1.75323	0.99989	0.01463	0.00230	-0.01464	0.99988	0.00560	-0.00222	-0.00563	0.99998		-0.20042	5.49490	0.24848	0.40820	0.00979	4.21333	0.17876	0.99730	-0.07347	-0.00017	0.07347	0.99727	0.00712	-0.00035	-0.00712	0.99997	
2	0.01000	-1.23908	0.35153	0.43430	0.31196	-0.13606	-0.83938	1.74186	0.99989	0.01465	0.00237	-0.01466	0.99988	0.00544	-0.00229	-0.00548	0.99998		-0.21136	5.41030	0.22600	0.40357	0.01418	4.21079	0.16400	0.99730	-0.07343	-0.00025	0.07343	0.99728	0.00704	-0.00027	-0.00704	0.99998	
3	0.01500	-1.27777	0.35343	0.43058	0.30839	-0.13394	-0.83609	1.73407	0.99989	0.01459	0.00234	-0.01460	0.99988	0.00538	-0.00226	-0.00542	0.99998		-0.23869	5.35400	0.23143	0.40483	0.01375	4.21314	0.16461	0.99730	-0.07347	-0.00024	0.07347	0.99727	0.00707	-0.00028	-0.00706	0.99997	
4	0.02000	-1.28165	0.35861	0.41839	0.30792	-0.13546	-0.83379	1.75314	0.99989	0.01455	0.00236	-0.01456	0.99988	0.00537	-0.00229	-0.00541	0.99998		-0.25405	5.27340	0.25558	0.40137	0.01257	4.21558	0.15612	0.99729	-0.07351	-0.00022	0.07351	0.99727	0.00701	-0.00030	-0.00700	0.99998	
5	0.02500	-1.26300	0.32640	0.42349	0.30266	-0.13633	-0.83498	1.75635	0.99989	0.01457	0.00238	-0.01458	0.99988	0.00528	-0.00230	-0.00532	0.99998		-0.22328	5.21516	0.25748	0.40218	0.01079	4.21764	0.16511	0.99729	-0.07355	-0.00019	0.07354	0.99727	0.00702	-0.00033	-0.00701	0.99998	
6	0.03000	-1.27214	0.33025	0.41520	0.29872	-0.13842	-0.83257	1.76865	0.99989	0.01453	0.00242	-0.01454	0.99988	0.00521	-0.00234	-0.00525	0.99998		-0.25605	5.15242	0.26998	0.40230	0.01117	4.21996	0.16346	0.99729	-0.07359	-0.00019	0.07359	0.99726	0.00702	-0.00032	-0.00702	0.99998	
7	0.03500	-1.27639	0.33518	0.40575	0.29440	-0.14055	-0.82333	1.79516	0.99989	0.01437	0.00245	-0.01438	0.99988	0.00514	-0.00238	-0.00517	0.99998		-0.24403	5.10444	0.28878	0.40417	0.00903	4.21845	0.14073	0.99729	-0.07356	-0.00016	0.07356	0.99727	0.00705	-0.00036	-0.00705	0.99998	
8	0.04000	-1.28058	0.32568	0.40762	0.29130	-0.13612	-0.81905	1.80942	0.99990	0.01429	0.00238	-0.01431	0.99988	0.00508	-0.00230	-0.00512	0.99998		-0.22121	5.03244	0.30481	0.40404	0.00475	4.21996	0.15115	0.99729	-0.07359	-0.00008	0.07358	0.99726	0.00705	-0.00044	-0.00704	0.99998	
9	0.04500	-1.30148	0.32176	0.40132	0.28372	-0.13983	-0.81969	1.81477	0.99989	0.01431	0.00244	-0.01432	0.99989	0.00495	-0.00237	-0.00499	0.99998		-0.26925	4.95300	0.30908	0.39924	0.00732	4.21866	0.15919	0.99729	-0.07356	-0.00013	0.07356	0.99727	0.00697	-0.00039	-0.00696	0.99998	
10	0.05000	-1.32290	0.30830	0.40592	0.28111	-0.13771	-0.81646	1.82580	0.99990	0.01425	0.00240	-0.01426	0.99989	0.00491	-0.00233	-0.00494	0.99999		-0.29861	4.89022	0.32982	0.39973	0.00825	4.21742	0.16938	0.99729	-0.07354	-0.00014	0.07354	0.99727	0.00698	-0.00037	-0.00697	0.99998	
11	0.05500	-1.35801	0.31858	0.41266	0.27608	-0.13733	-0.80971	1.84911	0.99990	0.01413	0.00240	-0.01414	0.99989	0.00482	-0.00233	-0.00485	0.99999		-0.28901	4.81274	0.33710	0.39549	0.00671	4.21945	0.16012	0.99729	-0.07358	-0.00012	0.07358	0.99727	0.00690	-0.00039	-0.00689	0.99998	
12	0.06000	-1.37091	0.30170	0.40346	0.27139	-0.13672	-0.81110	1.85882	0.99990	0.01416	0.00239	-0.01417	0.99989	0.00474	-0.00232	-0.00477	0.99999		-0.29017	4.73714	0.36200	0.39451	0.00636	4.22115	0.16256	0.99729	-0.07361	-0.00011	0.07361	0.99726	0.00689	-0.00040	-0.00687	0.99998	
13	0.06500	-1.34894	0.30124	0.40205	0.26337	-0.13696	-0.80241	1.87364	0.99990	0.01400	0.00239	-0.01402	0.99989	0.00460	-0.00233	-0.00463	0.99999		-0.31992	4.65388	0.36812	0.38953	0.00615	4.22194	0.16806	0.99729	-0.07362	-0.00011	0.07362	0.99726	0.00680	-0.00039	-0.00679	0.99998	
14	0.07000	-1.39515	0.31327	0.41075	0.25813	-0.13356	-0.80405	1.87645	0.99990	0.01403	0.00233	-0.01404	0.99989	0.00451	-0.00227	-0.00454	0.99999		-0.30181	4.57472	0.38517	0.38709	0.00416	4.22083	0.16839	0.99729	-0.07360	-0.00007	0.07360	0.99726	0.00676	-0.00042	-0.00674	0.99998	
15	0.07500	-1.40286	0.30809	0.39902	0.25315	-0.13273	-0.79705	1.89396	0.99990	0.01391	0.00232	-0.01392	0.99989	0.00442	-0.00225	-0.00445	0.99999		-0.32007	4.49502	0.40035	0.38423	0.00404	4.22781	0.14972	0.99728	-0.07372	-0.00007	0.07372	0.99726	0.00671	-0.00042	-0.00669	0.99998	
16	0.08000	-1.40366	0.29488	0.40911	0.24430	-0.13312	-0.79000	1.93077	0.99990	0.01379	0.00232	-0.01380	0.99990	0.00426	-0.00226	-0.00430	0.99999		-0.32488	4.41922	0.42079	0.38058	0.00263	4.22719	0.16701	0.99728	-0.07371	-0.00005	0.07371	0.99726	0.00664	-0.00044	-0.00663	0.99998	
17	0.08500	-1.42478	0.26833	0.42412	0.23393	-0.13118	-0.78621	1.92150	0.99990	0.01372	0.00229	-0.01373	0.99990	0.00408	-0.00223	-0.00411	0.99999		-0.32666	4.32570	0.43212	0.37551	0.00046	4.22584	0.14690	0.99728	-0.07369	-0.00001	0.07369	0.99726	0.00655	-0.00047	-0.00654	0.99998	
18	0.09000	-1.41044	0.28039	0.40956	0.23312	-0.13169	-0.78313	1.95287	0.99990	0.01367	0.00230	-0.01368	0.99990	0.00407	-0.00224	-0.00410	0.99999		-0.33949	4.25401	0.44737	0.37246	0.00075	4.22526	0.15556	0.99728	-0.07368	-0.00001	0.07368	0.99726	0.00650	-0.00047	-0.00648	0.99998	
19	0.09500	-1.43833	0.29359	0.40575	0.22770	-0.12768	-0.78010	1.95000	0.99990	0.01361	0.00223	-0.01362	0.99990	0.00397	-0.00217	-0.00400	0.99999		-0.32626	4.17355	0.46258	0.36851	-0.00010	4.22737	0.14664	0.99728	-0.07371	0.00000	0.07371	0.99726	0.00643	-0.00048	-0.00641	0.99998	
20	0.10000	-1.48122	0.28617	0.42795	0.21883	-0.12558	-0.77373	1.97409	0.99991	0.01350	0.00219	-0.01351	0.99990	0.00382	-0.00214	-0.00385	0.99999		-0.34462	4.08225	0.47548	0.36238	0.00095	4.22899	0.14806	0.99728	-0.07374	-0.00002	0.07374	0.99726	0.00632	-0.00045	-0.00631	0.99998	
21	0.10500	-1.47834	0.29935	0.42371	0.21558	-0.12138	-0.77514	1.97145	0.99991	0.01353	0.00212	-0.01354	0.99990	0.00376	-0.00207	-0.00379	0.99999		-0.30856	4.01832	0.49404	0.35980	-0.00334	4.22972	0.14436	0.99728	-0.07376	0.00006	0.07375	0.99726	0.00628	-0.00052	-0.00626	0.99998	
22	0.11000	-1.48155	0.26775	0.42423	0.20362	-0.12375	-0.76910	2.00622	0.99991	0.01342	0.00216	-0.01343	0.99990	0.00355	-0.00211	-0.00358	0.99999		-0.34996	3.91755	0.51526	0.35308	-0.00231	4.22878	0.15546	0.99728	-0.07374	0.00004	0.07374	0.99726	0.00616	-0.00049	-0.00614	0.99998	
23	0.11500	-1.47411	0.26525	0.43131	0.19661	-0.12431	-0.76737	2.00709	0.99991	0.01339	0.00217	-0.01340	0.99990	0.00343	-0.00212	-0.00346	0.99999		-0.32816	3.83983	0.52560	0.34637	-0.00418	4.22829	0.15038	0.99728	-0.07373	0.00007	0.07373	0.99726	0.00605	-0.00052	-0.00602	0.99998	
24	0.12000	-1.58337	0.08153	0.08510	0.15114	-0.09605	-0.76396	1.98326	0.99991	0.01333	0.00168	-0.01334	0.99991	0.00264	-0.00164	-0.00266	1.00000		-0.26669	3.57457	0.74158	0.31104	-0.02065	4.22747	0.21944	0.99728	-0.07372	0.00036	0.07371	0.99726	0.00543	-0.00076	-0.00539	0.99999	
25	0.12500	-1.58923	0.05641	0.08594	0.13968	-0.09706	-0.76300	1.98379	0.99991	0.01332	0.00169	-0.01332	0.99991	0.00244	-0.00166	-0.00246	1.00000		-0.28244	3.47566	0.76680	0.29942	-0.01839	4.22556	0.23216	0.99728	-0.07368	0.00032	0.07368	0.99727	0.00523	-0.00071	-0.00519	0.99999	
26	0.13000	-1.64189	0.07153	0.09428	0.13543	-0.09380	-0.75747	1.99656	0.99991	0.01322	0.00164	-0.01322	0.99991	0.00236	-0.00161	-0.00239	1.00000		-0.27666	3.41281	0.80241	0.29668	-0.02095	4.22598	0.24179	0.99728	-0.07369	0.00037	0.07369	0.99727	0.00518	-0.00075	-0.00514	0.99999	
27	0.13500	-1.62499	0.05776	0.10035	0.12666	-0.08922	-0.75074	2.01361	0.99991	0.01310	0.00156	-0.01311	0.99991	0.00221	-0.00153	-0.00223	1.00000		-0.27598	3.32232	0.81796	0.28782	-0.01938	4.22760	0.25076	0.99728	-0.07372	0.00034	0.07372	0.99727	0.00502	-0.00071	-0.00498	0.99999	
28	0.14000	-1.66351	0.06991	0.10020	0.12337	-0.08319	-0.74915	2.01470	0.99991	0.01307	0.00145	-0.01308	0.99991	0.00215	-0.00142	-0.00217	1.00000		-0.25061	3.23371	0.82787	0.27880	-0.02345	4.22939	0.22665	0.99728	-0.07375	0.00041	0.07375	0.99727	0.00487	-0.00077	-0.00482	0.99999	
29	0.14500	-1.67732	0.04028	0.11238	0.11233	-0.08286	-0.74477	2.03337	0.99991	0.01300	0.00145	-0.01300	0.99991	0.00196	-0.00142	-0.00198	1.00000		-0.25734	3.16317	0.85619	0.27216	-0.02208	4.22838	0.23936	0.99728	-0.07373	0.00039	0.07373	0.99727	0.00475	-0.00073	-0.00471	0.99999	
30	0.15000	-1.72072	0.07784	0.11248	0.11343	-0.07516	-0.74786	2.03823	0.99991	0.01305	0.00131	-0.01305	0.99991	0.00198	-0.00129	-0.00200	1.00000		-0.26774	3.05972	0.86725	0.25854	-0.02371	4.22853	0.24728	0.99728	-0.07373	0.00041	0.07373	0.99727	0.00451	-0.00075	-0.00447	0.99999	
31	0.15500	-1.68520	0.05156	0.10729	0.10592	-0.08037	-0.74253	2.03905	0.99992	0.01296	0.00140	-0.01296	0.99991	0.00185	-0.00138	-0.00187	1.00000		-0.25566	2.99072	0.89731	0.25193	-0.02357	4.23094	0.25494	0.99727	-0.07378	0.00041	0.07377	0.99727	0.00440	-0.00073	-0.00435	0.99999	
32	0.16000	-1.70293	0.04614	0.11136	0.10214	-0.07336	-0.74384	2.05057	0.99991	0.01298	0.00128	-0.01298	0.99991	0.00178	-0.00126	-0.00180	1.00000		-0.27075	2.91062	0.91078	0.24035	-0.02422	4.22791	0.24738	0.99728	-0.07372	0.00042	0.07372	0.99727	0.00419	-0.00073	-0.00415	0.99999	
33	0.16500	-1.71425	0.05229	0.11534	0.09599	-0.06994	-0.73616	2.06902	0.99992	0.01285	0.00122	-0.01285	0.99992	0.00168	-0.00120	-0.00169	1.00000		-0.26267	2.83115	0.94533	0.23269	-0.02174	4.23056	0.25067	0.99728	-0.07377	0.00038	0.07377	0.99727	0.00406	-0.00068	-0.00402	0.99999	
34	0.17000	-1.69843	0.04193	0.12618	0.08932	-0.06982	-0.73947	2.06138	0.99992	0.01291	0.00122	-0.01291	0.99992	0.00156	-0.00120	-0.00157	1.00000		-0.24427	2.75505	0.95238	0.22066	-0.02434	4.22832	0.25387	0.99728	-0.07373	0.00042	0.07373	0.99727	0.00385	-0.00071	-0.00381	0.99999	
35	0.17500	-1.75197	0.05278	0.13646	0.08885	-0.06322	-0.73838	2.08138	0.99992	0.01289	0.00110	-0.01289	0.99992	0.00155	-0.00108	-0.00156	1.00000		-0.26321	2.68074	0.95633	0.21014	-0.02087	4.22728	0.27405	0.99728	-0.07371	0.00036	0.07371	0.99727	0.00367	-0.00063	-0.00363	0.99999	
36	0.18000	-1.79540	0.05805	0.15662	0.08034	-0.05693	-0.73161	2.09271	0.99992	0.01277	0.00099	-0.01277	0.99992	0.00140	-0.00098	-0.00141	1.00000		-0.26511	2.60320	0.98092	0.19875	-0.02154	4.22826	0.25244	0.99728	-0.07373	0.00038	0.07373	0.99727	0.00347	-0.00063	-0.00343	0.99999	
37	0.18500	-1.78461	0.04371	0.16103	0.07647	-0.05767	-0.73540	2.10122	0.99992	0.01283	0.00101	-0.01284	0.99992	0.00133	-0.00099	-0.00135	1.00000		-0.25524	2.52817	0.98052	0.18543	-0.01901	4.22772	0.26998	0.99728	-0.07372	0.00033	0.07372	0.99727	0.00324	-0.00057	-0.00320	0.99999	
38	0.19000	-1.76612	0.05508	0.16851	0.07382	-0.05727	-0.73041	2.10635	0.99992	0.01275	0.00100	-0.01275	0.99992	0.00129	-0.00098	-0.00130	1.00000		-0.24196	2.45225	0.98035	0.17009	-0.02047	4.22362	0.27319	0.99728	-0.07365	0.00036	0.07365	0.99728	0.00297	-0.00058	-0.00293	1.00000	
39	0.19500	-1.77745	0.05918	0.16034	0.07173	-0.05273	-0.73261	2.11009	0.99992	0.01279	0.00092	-0.01279	0.99992	0.00125	-0.00090	-0.00126	1.00000		-0.28571	2.39009	0.99363	0.15891	-0.01518	4.22806	0.26872	0.99728	-0.07373	0.00026	0.07373	0.99727	0.00277	-0.00047	-0.00275	1.00000	
40	0.20000	-1.78262	0.05060	0.18156	0.06731	-0.05208	-0.73332	2.08977	0.99992	0.01280	0.00091	-0.01280	0.99992	0.00117	-0.00089	-0.00119	1.00000		-0.25440	2.31192	1.00936	0.14623	-0.01786	4.22874	0.26997	0.99728	-0.07374	0.00031	0.07374	0.99727	0.00255	-0.00050	-0.00252	1.00000	
41	0.20500	-1.80154	0.05116	0.18858	0.06378	-0.04513	-0.72919	2.10390	0.99992	0.01273	0.00079	-0.01273	0.99992	0.00111	-0.00077	-0.00112	1.00000		-0.24699	2.26605	1.02645	0.13541	-0.01936	4.22718	0.26593	0.99728	-0.07371	0.00034	0.07371	0.99728	0.00236	-0.00051	-0.00233	1.00000	
42	0.21000	-1.81459	0.05394	0.17534	0.06261	-0.04155	-0.72951	2.10389	0.99992	0.01273	0.00073	-0.01273	0.99992	0.00109	-0.00071	-0.00110	1.00000		-0.28043	2.20799	1.01789	0.12062	-0.01403	4.22662	0.28190	0.99728	-0.07370	0.00024	0.07370	0.99728	0.00211	-0.00040	-0.00208	1.00000	
43	0.21500	-1.82743	0.04931	0.19590	0.05889	-0.03939	-0.72923	2.11271	0.99992	0.01273	0.00069	-0.01273	0.99992	0.00103	-0.00067	-0.00104	1.00000		-0.24739	2.13334	1.04034	0.10503	-0.01690	4.22351	0.27388	0.99728	-0.07365	0.00029	0.07365	0.99728	0.00183	-0.00043	-0.00181	1.00000	
44	0.22000	-1.83937	0.05339	0.19743	0.05709	-0.03446	-0.73274	2.08790	0.99992	0.01279	0.00060	-0.01279	0.99992	0.00100	-0.00059	-0.00100	1.00000		-0.27895	2.09854	1.05672	0.09437	-0.01486	4.22445	0.28300	0.99728	-0.07366	0.00026	0.07366	0.99728	0.00165	-0.00038	-0.00162	1.00000	
45	0.22500	-1.82712	0.03684	0.20221	0.05079	-0.03674	-0.72909	2.09686	0.99992	0.01272	0.00064	-0.01273	0.99992	0.00089	-0.00063	-0.00089	1.00000		-0.23952	2.02704	1.06069	0.07750	-0.01652	4.22540	0.26967	0.99728	-0.07368	0.00029	0.07368	0.99728	0.00135	-0.00039	-0.00133	1.00000	
46	0.23000	-1.86018	0.04326	0.23433	0.05148	-0.03145	-0.73149	2.09939	0.99992	0.01277	0.00055	-0.01277	0.99992	0.00090	-0.00054	-0.00091	1.00000		-0.25533	1.97746	1.07543	0.06258	-0.01733	4.22215	0.26702	0.99729	-0.07362	0.00030	0.07362	0.99729	0.00109	-0.00038	-0.00107	1.00000	
47	0.23500	-1.83230	0.05207	0.22368	0.04942	-0.03592	-0.72885	2.10779	0.99992	0.01272	0.00063	-0.01272	0.99992	0.00086	-0.00062	-0.00087	1.00000		-0.24969	1.95395	1.09157	0.05127	-0.01757	4.22411	0.26525	0.99728	-0.07366	0.00031	0.07366	0.99728	0.00089	-0.00037	-0.00087	1.00000	
48	0.24000	-1.85174	0.04602	0.23715	0.04791	-0.02881	-0.73243	2.09533	0.99992	0.01278	0.00050	-0.01278	0.99992	0.00084	-0.00049	-0.00084	1.00000		-0.22636	1.91176	1.09392	0.03579	-0.01602	4.22242	0.27476	0.99729	-0.07363	0.00028	0.07363	0.99729	0.00062	-0.00032	-0.00060	1.00000	
49	0.24500	-1.84145	0.05448	0.24889	0.04517	-0.02759	-0.73443	2.10168	0.99992	0.01282	0.00048	-0.01282	0.99992	0.00079	-0.00047	-0.00079	1.00000		-0.23278	1.87397	1.09513	0.02248	-0.01620	4.22203	0.27022	0.99729	-0.07362	0.00028	0.07362	0.99729	0.00039	-0.00031	-0.00037	1.00000	
50	0.25000	-1.86347	0.04455	0.26027	0.04135	-0.02566	-0.73429	2.08308	0.99992	0.01282	0.00045	-0.01282	0.99992	0.00072	-0.00044	-0.00073	1.00000		-0.23798	1.81026	1.11297	0.00225	-0.01521	4.21982	0.27498	0.99729	-0.07358	0.00027	0.07358	0.99729	0.00004	-0.00027	-0.00002	1.00000	
51	0.25500	-1.83155	0.05548	0.26891	0.04073	-0.02148	-0.73378	2.09014	0.99992	0.01281	0.00037	-0.01281	0.99992	0.00071	-0.00037	-0.00072	1.00000		-0.23089	1.78333	1.11880	-0.01210	-0.01734	4.21951	0.27942	0.99729	-0.07358	0.00030	0.07358	0.99729	-0.00021	-0.00029	0.00023	1.00000	
52	0.26000	-1.83561	0.04925	0.27811	0.03830	-0.02237	-0.73356	2.08298	0.99992	0.01280	0.00039	-0.01280	0.99992	0.00067	-0.00038	-0.00067	1.00000		-0.19636	1.76572	1.11540	-0.02589	-0.01668	4.22232	0.27700	0.99729	-0.07363	0.00029	0.07363	0.99729	-0.00045	-0.00026	0.00047	1.00000	
53	0.26500	-1.85972	0.06225	0.29743	0.03852	-0.01856	-0.73602	2.05722	0.99992	0.01285	0.00032	-0.01285	0.99992	0.00067	-0.00032	-0.00068	1.00000		-0.18901	1.74123	1.12379	-0.03867	-0.01899	4.21891	0.26948	0.99729	-0.07357	0.00033	0.07357	0.99729	-0.00067	-0.00028	0.00070	1.00000	
54	0.27000	-1.88752	0.06949	0.28659	0.03609	-0.01574	-0.73580	2.08147	0.99992	0.01284	0.00027	-0.01284	0.99992	0.00063	-0.00027	-0.00063	1.00000		-0.21696	1.72706	1.12227	-0.05301	-0.01834	4.21745	0.27868	0.99729	-0.07354	0.00032	0.07354	0.99729	-0.00093	-0.00025	0.00095	1.00000	
55	0.27500	-1.87726	0.07050	0.30240	0.03660	-0.01021	-0.73964	2.06028	0.99992	0.01291	0.00018	-0.01291	0.99992	0.00064	-0.00017	-0.00064	1.00000		-0.21201	1.70795	1.13909	-0.06775	-0.01976	4.21638	0.27192	0.99729	-0.07352	0.00034	0.07352	0.99729	-0.00118	-0.00026	0.00120	1.00000	
56	0.28000	-1.86268	0.08164	0.30939	0.03605	-0.00650	-0.74001	2.05906	0.99992	0.01292	0.00011	-0.01292	0.99992	0.00063	-0.00011	-0.00063	1.00000		-0.20168	1.68712	1.13041	-0.08288	-0.01886	4.21382	0.27146	0.99730	-0.07348	0.00033	0.07348	0.99730	-0.00145	-0.00022	0.00147	1.00000	
57	0.28500	-1.87462	0.06057	0.31323	0.03206	-0.00281	-0.74073	2.05361	0.99992	0.01293	0.00005	-0.01293	0.99992	0.00056	-0.00004	-0.00056	1.00000		-0.16750	1.68792	1.13790	-0.09621	-0.02299	4.21337	0.26425	0.99730	-0.07347	0.00040	0.07347	0.99730	-0.00168	-0.00028	0.00170	1.00000	
58	0.29000	-1.86018	0.06803	0.32687	0.03036	-0.00513	-0.74500	2.04099	0.99992	0.01300	0.00009	-0.01300	0.99992	0.00053	-0.00008	-0.00053	1.00000		-0.16528	1.68890	1.12747	-0.10813	-0.02528	4.21446	0.25717	0.99730	-0.07349	0.00044	0.07349	0.99729	-0.00189	-0.00030	0.00191	1.00000	
59	0.29500	-1.82519	0.08508	0.32600	0.03191	-0.00487	-0.74706	2.02952	0.99991	0.01304	0.00008	-0.01304	0.99991	0.00056	-0.00008	-0.00056	1.00000		-0.18269	1.68182	1.14074	-0.12189	-0.02441	4.21290	0.27065	0.99730	-0.07346	0.00043	0.07346	0.99730	-0.00213	-0.00027	0.00215	1.00000	
60	0.30000	-1.86551	0.10232	0.33990	0.03219	0.00199	-0.74572	2.04136	0.99992	0.01301	-0.00003	-0.01301	0.99992	0.00056	0.00004	-0.00056	1.00000		-0.14573	1.66538	1.14863	-0.13728	-0.02756	4.21267	0.26606	0.99730	-0.07346	0.00048	0.07346	0.99730	-0.00240	-0.00030	0.00242	1.00000	
61	0.30500	-1.85417	0.10005	0.34856	0.03014	0.00384	-0.74968	2.02440	0.99991	0.01308	-0.00007	-0.01308	0.99991	0.00053	0.00007	-0.00053	1.00000		-0.12412	1.64826	1.13423	-0.15245	-0.03018	4.21021	0.25905	0.99730	-0.07342	0.00053	0.07342	0.99730	-0.00266	-0.00033	0.00269	1.00000	
62	0.31000	-1.86041	0.09892	0.36931	0.02874	0.00531	-0.75655	2.00449	0.99991	0.01320	-0.00009	-0.01320	0.99991	0.00050	0.00010	-0.00050	1.00000		-0.16537	1.67985	1.13453	-0.16447	-0.02761	4.20989	0.26683	0.99730	-0.07341	0.00048	0.07341	0.99730	-0.00287	-0.00027	0.00290	1.00000	
63	0.31500	-1.83546	0.10858	0.36726	0.02789	0.00712	-0.75541	2.01401	0.99991	0.01318	-0.00012	-0.01318	0.99991	0.00049	0.00013	-0.00049	1.00000		-0.14902	1.67934	1.14041	-0.17786	-0.03093	4.20589	0.27257	0.99731	-0.07334	0.00054	0.07334	0.99730	-0.00310	-0.00031	0.00314	1.00000	
64	0.32000	-1.85829	0.13314	0.35372	0.02820	0.00968	-0.75976	2.00309	0.99991	0.01326	-0.00017	-0.01326	0.99991	0.00049	0.00018	-0.00049	1.00000		-0.15120	1.67938	1.12564	-0.19251	-0.03055	4.20492	0.27837	0.99731	-0.07332	0.00053	0.07333	0.99730	-0.00336	-0.00029	0.00339	0.99999	
65	0.32500	-1.85972	0.13969	0.37131	0.02395	0.00880	-0.75712	1.98242	0.99991	0.01321	-0.00015	-0.01321	0.99991	0.00042	0.00016	-0.00042	1.00000		-0.13534	1.70733	1.12369	-0.20283	-0.03325	4.19922	0.27917	0.99732	-0.07322	0.00058	0.07323	0.99731	-0.00354	-0.00032	0.00357	0.99999	
66	0.33000	-1.87435	0.14372	0.39647	0.02337	0.01649	-0.76105	1.96408	0.99991	0.01328	-0.00029	-0.01328	0.99991	0.00041	0.00029	-0.00040	1.00000		-0.11275	1.72276	1.12429	-0.21360	-0.03518	4.20023	0.28791	0.99731	-0.07324	0.00061	0.07324	0.99731	-0.00373	-0.00034	0.00376	0.99999	
67	0.33500	-1.87492	0.15176	0.35950	0.02149	0.01568	-0.75552	1.97421	0.99991	0.01319	-0.00027	-0.01319	0.99991	0.00038	0.00028	-0.00037	1.00000		-0.08955	1.75224	1.12314	-0.22434	-0.04174	4.20114	0.27156	0.99731	-0.07326	0.00073	0.07326	0.99731	-0.00392	-0.00044	0.00396	0.99999	
68	0.34000	-1.84074	0.15297	0.39064	0.01728	0.01432	-0.76334	1.96002	0.99991	0.01332	-0.00025	-0.01332	0.99991	0.00030	0.00025	-0.00030	1.00000		-0.08135	1.76708	1.11134	-0.23666	-0.04322	4.19795	0.28687	0.99732	-0.07320	0.00075	0.07321	0.99731	-0.00413	-0.00045	0.00417	0.99999	
69	0.34500	-1.84116	0.14077	0.38957	0.01485	0.01864	-0.76494	1.96052	0.99991	0.01335	-0.00033	-0.01335	0.99991	0.00026	0.00033	-0.00025	1.00000		-0.07102	1.77373	1.09726	-0.24437	-0.04699	4.19982	0.27151	0.99731	-0.07324	0.00082	0.07324	0.99731	-0.00427	-0.00051	0.00431	0.99999	
70	0.35000	-1.87365	0.18984	0.40392	0.01640	0.02470	-0.76642	1.95089	0.99991	0.01338	-0.00043	-0.01338	0.99991	0.00029	0.00043	-0.00028	1.00000		-0.07842	1.82287	1.09586	-0.25294	-0.05325	4.20059	0.25447	0.99731	-0.07325	0.00093	0.07325	0.99730	-0.00441	-0.00060	0.00447	0.99999	
71	0.35500	-1.88043	0.17512	0.39417	0.01036	0.03042	-0.76322	1.95880	0.99991	0.01332	-0.00053	-0.01332	0.99991	0.00018	0.00053	-0.00017	1.00000		-0.06580	1.87294	1.09522	-0.25940	-0.05494	4.19626	0.26306	0.99732	-0.07317	0.00096	0.07318	0.99731	-0.00453	-0.00062	0.00459	0.99999	
72	0.36000	-1.82930	0.17121	0.39911	0.00658	0.02389	-0.77178	1.93204	0.99991	0.01347	-0.00042	-0.01347	0.99991	0.00011	0.00042	-0.00011	1.00000		-0.04445	1.88460	1.09240	-0.27035	-0.05867	4.19469	0.26104	0.99732	-0.07315	0.00102	0.07315	0.99731	-0.00472	-0.00068	0.00478	0.99999	
73	0.36500	-1.87003	0.20626	0.37302	0.00659	0.03073	-0.77233	1.92973	0.99991	0.01348	-0.00054	-0.01348	0.99991	0.00011	0.00054	-0.00011	1.00000		-0.07440	1.91944	1.06672	-0.27851	-0.05843	4.19589	0.25566	0.99732	-0.07317	0.00102	0.07317	0.99731	-0.00486	-0.00066	0.00492	0.99999	
74	0.37000	-1.86914	0.21411	0.40484	0.00414	0.03586	-0.77109	1.93354	0.99991	0.01346	-0.00063	-0.01346	0.99991	0.00007	0.00063	-0.00006	1.00000		-0.04428	1.95838	1.05998	-0.28501	-0.06333	4.19285	0.27364	0.99732	-0.07311	0.00111	0.07312	0.99731	-0.00497	-0.00074	0.00504	0.99999	
75	0.37500	-1.88087	0.21135	0.40495	0.00159	0.04108	-0.77813	1.91884	0.99991	0.01358	-0.00072	-0.01358	0.99991	0.00003	0.00072	-0.00002	1.00000		-0.02921	2.03689	1.05024	-0.28465	-0.06843	4.19247	0.25648	0.99732	-0.07311	0.00119	0.07311	0.99731	-0.00497	-0.00083	0.00504	0.99999	
76	0.38000	-1.87615	0.22831	0.40183	-0.00052	0.04509	-0.78057	1.92163	0.99991	0.01362	-0.00079	-0.01362	0.99991	-0.00001	0.00079	0.00002	1.00000		-0.05125	2.05940	1.06013	-0.29360	-0.07004	4.19020	0.28228	0.99733	-0.07307	0.00122	0.07307	0.99731	-0.00512	-0.00084	0.00520	0.99999	
77	0.38500	-1.85236	0.25033	0.38565	-0.00272	0.04057	-0.77662	1.90677	0.99991	0.01355	-0.00071	-0.01355	0.99991	-0.00005	0.00071	0.00006	1.00000		-0.04092	2.12501	1.04749	-0.29568	-0.07448	4.18821	0.27339	0.99733	-0.07303	0.00130	0.07304	0.99732	-0.00516	-0.00092	0.00524	0.99999	
78	0.39000	-1.83325	0.21263	0.39178	-0.01407	0.04138	-0.78399	1.89057	0.99991	0.01368	-0.00072	-0.01368	0.99991	-0.00025	0.00072	0.00026	1.00000		-0.01970	2.17687	1.02550	-0.30053	-0.07927	4.18810	0.26903	0.99733	-0.07303	0.00138	0.07304	0.99732	-0.00525	-0.00100	0.00533	0.99999	
79	0.39500	-1.82336	0.23868	0.39923	-0.01808	0.03816	-0.78291	1.88503	0.99991	0.01366	-0.00067	-0.01366	0.99991	-0.00032	0.00066	0.00032	1.00000		-0.05222	2.22650	1.00015	-0.30405	-0.08029	4.18776	0.27098	0.99733	-0.07303	0.00140	0.07303	0.99732	-0.00531	-0.00101	0.00539	0.99998	
80	0.40000	-1.87283	0.25858	0.39684	-0.01805	0.04901	-0.78320	1.89290	0.99991	0.01367	-0.00086	-0.01367	0.99991	-0.00032	0.00085	0.00033	1.00000		0.00494	2.28549	0.98426	-0.30374	-0.08663	4.18507	0.26922	0.99733	-0.07298	0.00151	0.07299	0.99732	-0.00530	-0.00112	0.00540	0.99998	
81	0.40500	-1.85733	0.25781	0.38427	-0.02618	0.04829	-0.78195	1.86750	0.99991	0.01365	-0.00084	-0.01365	0.99991	-0.00046	0.00084	0.00047	1.00000		-0.01664	2.32953	0.96751	-0.30695	-0.08765	4.18808	0.27655	0.99733	-0.07303	0.00153	0.07304	0.99731	-0.00536	-0.00113	0.00545	0.99998	
82	0.41000	-1.85089	0.27676	0.36241	-0.02890	0.04693	-0.78056	1.87698	0.99991	0.01362	-0.00082	-0.01362	0.99991	-0.00050	0.00081	0.00052	1.00000		-0.01891	2.37802	0.95953	-0.30893	-0.09398	4.18647	0.26200	0.99733	-0.07300	0.00164	0.07301	0.99732	-0.00539	-0.00124	0.00550	0.99998	
83	0.41500	-1.79741	0.27908	0.35564	-0.02984	0.04409	-0.78362	1.87222	0.99991	0.01368	-0.00077	-0.01368	0.99991	-0.00052	0.00076	0.00053	1.00000		0.01174	2.44800	0.93313	-0.30812	-0.09745	4.18168	0.26811	0.99734	-0.07292	0.00170	0.07293	0.99732	-0.00538	-0.00130	0.00549	0.99998	
84	0.42000	-1.81115	0.29155	0.33010	-0.03707	0.04616	-0.78088	1.87509	0.99991	0.01363	-0.00081	-0.01363	0.99991	-0.00065	0.00080	0.00066	1.00000		0.00182	2.51320	0.90184	-0.30546	-0.10226	4.18352	0.26903	0.99733	-0.07295	0.00178	0.07296	0.99732	-0.00533	-0.00139	0.00545	0.99998	
85	0.42500	-1.80830	0.32415	0.32036	-0.03412	0.04818	-0.78767	1.85648	0.99991	0.01375	-0.00084	-0.01375	0.99991	-0.00060	0.00083	0.00061	1.00000		0.02235	2.57224	0.89543	-0.30556	-0.10578	4.18057	0.27317	0.99734	-0.07290	0.00185	0.07291	0.99732	-0.00533	-0.00145	0.00545	0.99998	
86	0.43000	-1.79441	0.31956	0.32517	-0.04086	0.04794	-0.78469	1.88118	0.99991	0.01369	-0.00084	-0.01370	0.99991	-0.00071	0.00083	0.00072	1.00000		0.02893	2.65547	0.87610	-0.30021	-0.11002	4.17847	0.26385	0.99734	-0.07286	0.00192	0.07287	0.99733	-0.00524	-0.00153	0.00537	0.99998	
87	0.43500	-1.82483	0.33964	0.31247	-0.04420	0.05204	-0.78698	1.85085	0.99991	0.01373	-0.00091	-0.01374	0.99991	-0.00077	0.00090	0.00078	1.00000		0.01256	2.70899	0.85052	-0.29998	-0.11083	4.17689	0.26897	0.99734	-0.07284	0.00193	0.07285	0.99733	-0.00524	-0.00155	0.00536	0.99998	
88	0.44000	-1.79856	0.34544	0.28820	-0.04446	0.05414	-0.79337	1.83174	0.99990	0.01385	-0.00095	-0.01385	0.99990	-0.00078	0.00093	0.00079	1.00000		0.03689	2.78219	0.82693	-0.29419	-0.11491	4.17794	0.27798	0.99734	-0.07285	0.00201	0.07286	0.99733	-0.00513	-0.00163	0.00527	0.99998	
89	0.44500	-1.77333	0.33600	0.30075	-0.05121	0.04929	-0.79034	1.84714	0.99990	0.01379	-0.00086	-0.01379	0.99990	-0.00089	0.00085	0.00091	1.00000		0.04150	2.83431	0.80858	-0.29205	-0.11804	4.17293	0.28341	0.99735	-0.07277	0.00206	0.07278	0.99734	-0.00510	-0.00168	0.00523	0.99998	
90	0.45000	-1.80560	0.35389	0.28974	-0.05543	0.06184	-0.79092	1.84330	0.99990	0.01380	-0.00108	-0.01380	0.99990	-0.00097	0.00107	0.00098	1.00000		0.09080	2.91888	0.79803	-0.28339	-0.12446	4.17315	0.26483	0.99735	-0.07277	0.00217	0.07278	0.99734	-0.00495	-0.00181	0.00509	0.99999	
91	0.45500	-1.75229	0.34530	0.25835	-0.06088	0.05259	-0.78945	1.84021	0.99990	0.01378	-0.00092	-0.01378	0.99990	-0.00106	0.00090	0.00108	1.00000		0.08346	2.97243	0.78126	-0.27913	-0.12891	4.17247	0.27737	0.99735	-0.07276	0.00225	0.07277	0.99734	-0.00487	-0.00189	0.00502	0.99999	
92	0.46000	-1.77723	0.36389	0.28904	-0.06412	0.05644	-0.79145	1.82503	0.99990	0.01381	-0.00099	-0.01381	0.99990	-0.00112	0.00097	0.00113	1.00000		0.06642	3.06379	0.76893	-0.27011	-0.13106	4.17192	0.26543	0.99735	-0.07275	0.00229	0.07276	0.99734	-0.00471	-0.00194	0.00487	0.99999	
93	0.46500	-1.78330	0.39687	0.24787	-0.06462	0.05544	-0.79257	1.82715	0.99990	0.01383	-0.00097	-0.01383	0.99990	-0.00113	0.00095	0.00114	1.00000		0.10238	3.12713	0.74197	-0.26396	-0.13596	4.16951	0.27089	0.99735	-0.07271	0.00237	0.07272	0.99734	-0.00461	-0.00203	0.00477	0.99999	
94	0.47000	-1.76321	0.38509	0.23344	-0.06921	0.05644	-0.79024	1.83147	0.99990	0.01379	-0.00099	-0.01379	0.99990	-0.00121	0.00097	0.00122	1.00000		0.10977	3.21975	0.72388	-0.25342	-0.14038	4.17207	0.28307	0.99735	-0.07275	0.00245	0.07276	0.99734	-0.00442	-0.00212	0.00459	0.99999	
95	0.47500	-1.75367	0.41459	0.23046	-0.06855	0.06027	-0.78970	1.81683	0.99990	0.01378	-0.00105	-0.01378	0.99990	-0.00120	0.00104	0.00121	1.00000		0.09861	3.28347	0.70718	-0.24529	-0.13924	4.17090	0.26252	0.99735	-0.07273	0.00243	0.07274	0.99734	-0.00428	-0.00211	0.00445	0.99999	
96	0.48000	-1.76001	0.41516	0.21154	-0.07191	0.05984	-0.78832	1.82989	0.99990	0.01376	-0.00104	-0.01376	0.99990	-0.00126	0.00103	0.00127	1.00000		0.12487	3.35385	0.68168	-0.23550	-0.14410	4.17046	0.26569	0.99735	-0.07272	0.00252	0.07273	0.99734	-0.00411	-0.00221	0.00428	0.99999	
97	0.48500	-1.72706	0.41361	0.18817	-0.07545	0.05788	-0.79336	1.80493	0.99990	0.01385	-0.00101	-0.01385	0.99990	-0.00132	0.00099	0.00133	1.00000		0.12903	3.43724	0.64739	-0.22522	-0.14511	4.17128	0.26922	0.99735	-0.07274	0.00253	0.07275	0.99734	-0.00393	-0.00224	0.00410	0.99999	
98	0.49000	-1.71573	0.43457	0.17888	-0.07428	0.05730	-0.79290	1.82027	0.99990	0.01384	-0.00100	-0.01384	0.99990	-0.00130	0.00098	0.00131	1.00000		0.10699	3.51714	0.65048	-0.21427	-0.14862	4.17164	0.25533	0.99735	-0.07274	0.00259	0.07275	0.99734	-0.00374	-0.00231	0.00392	0.99999	
99	0.49500	-1.71699	0.42695	0.15555	-0.07747	0.05926	-0.79189	1.82733	0.99990	0.01382	-0.00103	-0.01382	0.99990	-0.00135	0.00102	0.00137	1.00000		0.13445	3.58568	0.62322	-0.20346	-0.15073	4.16949	0.26057	0.99735	-0.07271	0.00263	0.07272	0.99735	-0.00355	-0.00237	0.00373	0.99999	
100	0.50000	-1.73456	0.45329	0.15342	-0.07488	0.06103	-0.79288	1.82128	0.99990	0.01384	-0.00107	-0.01384	0.99990	-0.00131	0.00105	0.00132	1.00000		0.13662	3.66712	0.60296	-0.19235	-0.15176	4.16712	0.26595	0.99735	-0.07267	0.00265	0.07267	0.99735	-0.00336	-0.00240	0.00354	0.99999	
101	0.50500	-1.73059	0.46748	0.13393	-0.07487	0.06600	-0.79502	1.82213	0.99990	0.01388	-0.00115	-0.01388	0.99990	-0.00131	0.00113	0.00132	1.00000		0.19571	3.75223	0.58156	-0.17788	-0.15872	4.16962	0.25460	0.99735	-0.07271	0.00277	0.07272	0.99735	-0.00310	-0.00254	0.00330	0.99999	
102	0.51000	-1.74754	0.46962	0.14114	-0.07519	0.06850	-0.79403	1.82622	0.99990	0.01386	-0.00120	-0.01386	0.99990	-0.00131	0.00118	0.00133	1.00000		0.19229	3.83422	0.55220	-0.16625	-0.15729	4.16536	0.26468	0.99735	-0.07263	0.00275	0.07264	0.99735	-0.00290	-0.00253	0.00309	0.99999	
103	0.51500	-1.69764	0.46445	0.11317	-0.07876	0.06516	-0.79558	1.82295	0.99990	0.01389	-0.00114	-0.01389	0.99990	-0.00137	0.00112	0.00139	1.00000		0.15868	3.92672	0.51617	-0.15180	-0.15557	4.16607	0.26079	0.99735	-0.07265	0.00272	0.07265	0.99735	-0.00265	-0.00252	0.00284	0.99999	
104	0.52000	-1.71931	0.47670	0.09019	-0.07393	0.06876	-0.79845	1.81729	0.99990	0.01394	-0.00120	-0.01394	0.99990	-0.00129	0.00118	0.00131	1.00000		0.16493	4.00115	0.50842	-0.13591	-0.15930	4.16836	0.26710	0.99735	-0.07269	0.00278	0.07269	0.99735	-0.00237	-0.00260	0.00257	0.99999	
105	0.52500	-1.73601	0.48180	0.08563	-0.07369	0.06734	-0.79606	1.81888	0.99990	0.01389	-0.00118	-0.01389	0.99990	-0.00129	0.00116	0.00130	1.00000		0.16496	4.08956	0.49025	-0.12139	-0.15848	4.16544	0.26900	0.99735	-0.07264	0.00277	0.07264	0.99736	-0.00212	-0.00260	0.00231	0.99999	
106	0.53000	-1.68065	0.46842	0.06033	-0.07735	0.06157	-0.79865	1.80348	0.99990	0.01394	-0.00107	-0.01394	0.99990	-0.00135	0.00106	0.00136	1.00000		0.18664	4.16790	0.46976	-0.10860	-0.15928	4.16717	0.26409	0.99735	-0.07267	0.00278	0.07267	0.99735	-0.00190	-0.00263	0.00209	0.99999	
107	0.53500	-1.69055	0.49063	0.03750	-0.07153	0.06590	-0.79656	1.80029	0.99990	0.01390	-0.00115	-0.01390	0.99990	-0.00125	0.00113	0.00126	1.00000		0.20422	4.25154	0.44520	-0.09216	-0.15986	4.16650	0.26815	0.99735	-0.07265	0.00279	0.07266	0.99736	-0.00161	-0.00267	0.00181	0.99999	
108	0.54000	-1.66968	0.49007	0.02480	-0.07237	0.06294	-0.80055	1.80897	0.99990	0.01397	-0.00110	-0.01397	0.99990	-0.00126	0.00108	0.00128	1.00000		0.20855	4.32929	0.42652	-0.07738	-0.15975	4.16780	0.26273	0.99735	-0.07268	0.00279	0.07268	0.99735	-0.00135	-0.00268	0.00155	1.00000	
109	0.54500	-1.69820	0.47338	0.01706	-0.07189	0.06591	-0.79559	1.80824	0.99990	0.01389	-0.00115	-0.01389	0.99990	-0.00125	0.00113	0.00127	1.00000		0.21928	4.38536	0.42296	-0.06496	-0.16130	4.16670	0.26423	0.99735	-0.07266	0.00282	0.07266	0.99736	-0.00113	-0.00273	0.00134	1.00000	
110	0.55000	-1.64446	0.48075	-0.00220	-0.06815	0.06184	-0.79659	1.79466	0.99990	0.01390	-0.00108	-0.01390	0.99990	-0.00119	0.00106	0.00120	1.00000		0.18715	4.47786	0.38156	-0.04743	-0.16008	4.16715	0.26738	0.99735	-0.07267	0.00279	0.07267	0.99736	-0.00083	-0.00273	0.00103	1.00000	
111	0.55500	-1.62221	0.48643	-0.02098	-0.06445	0.05658	-0.79895	1.80045	0.99990	0.01394	-0.00099	-0.01394	0.99990	-0.00112	0.00097	0.00114	1.00000		0.23895	4.56791	0.36303	-0.03076	-0.15931	4.16923	0.26995	0.99735	-0.07270	0.00278	0.07270	0.99735	-0.00054	-0.00273	0.00074	1.00000	
112	0.56000	-1.65466	0.49211	-0.03330	-0.05956	0.06089	-0.80271	1.78424	0.99990	0.01401	-0.00106	-0.01401	0.99990	-0.00104	0.00105	0.00105	1.00000		0.23967	4.64876	0.33526	-0.01423	-0.15888	4.16863	0.26308	0.99735	-0.07269	0.00277	0.07269	0.99735	-0.00025	-0.00275	0.00045	1.00000	
113	0.56500	-1.63817	0.46768	-0.05515	-0.05957	0.06262	-0.80417	1.78636	0.99990	0.01403	-0.00109	-0.01404	0.99990	-0.00104	0.00108	0.00105	1.00000		0.21664	4.69464	0.31449	-0.00348	-0.15807	4.17075	0.26273	0.99735	-0.07273	0.00276	0.07273	0.99735	-0.00006	-0.00275	0.00026	1.00000	
114	0.57000	-1.60699	0.47879	-0.06489	-0.05051	0.05923	-0.80561	1.77951	0.99990	0.01406	-0.00103	-0.01406	0.99990	-0.00088	0.00102	0.00090	1.00000		0.23175	4.74752	0.29927	0.01020	-0.15597	4.16478	0.27233	0.99736	-0.07262	0.00272	0.07262	0.99736	0.00018	-0.00273	0.00002	1.00000	
115	0.57500	-1.59715	0.49428	-0.07809	-0.04674	0.05700	-0.80730	1.78608	0.99990	0.01409	-0.00099	-0.01409	0.99990	-0.00082	0.00098	0.00083	1.00000		0.25738	4.83157	0.27655	0.02669	-0.15914	4.16961	0.26936	0.99735	-0.07271	0.00278	0.07271	0.99735	0.00047	-0.00280	-0.00026	1.00000	
116	0.58000	-1.61947	0.47112	-0.09488	-0.04345	0.06404	-0.81023	1.78579	0.99990	0.01414	-0.00112	-0.01414	0.99990	-0.00076	0.00111	0.00077	1.00000		0.24221	4.91193	0.25865	0.04296	-0.15607	4.16918	0.25694	0.99735	-0.07270	0.00272	0.07270	0.99735	0.00075	-0.00277	-0.00055	1.00000	
117	0.58500	-1.59145	0.45992	-0.11322	-0.03930	0.05782	-0.80938	1.77925	0.99990	0.01413	-0.00101	-0.01413	0.99990	-0.00069	0.00100	0.00070	1.00000		0.27278	4.97347	0.24297	0.05800	-0.15773	4.16730	0.27026	0.99735	-0.07267	0.00275	0.07267	0.99736	0.00101	-0.00282	-0.00081	1.00000	
118	0.59000	-1.60883	0.45098	-0.11574	-0.03473	0.05761	-0.80738	1.79067	0.99990	0.01409	-0.00101	-0.01409	0.99990	-0.00061	0.00100	0.00062	1.00000		0.26562	5.05081	0.23869	0.07435	-0.15585	4.17088	0.26121	0.99735	-0.07273	0.00272	0.07273	0.99735	0.00130	-0.00281	-0.00110	1.00000	
119	0.59500	-1.59786	0.44746	-0.14255	-0.02740	0.05279	-0.80992	1.77764	0.99990	0.01414	-0.00092	-0.01414	0.99990	-0.00048	0.00091	0.00049	1.00000		0.25097	5.10397	0.20158	0.08591	-0.15313	4.16865	0.25822	0.99735	-0.07269	0.00267	0.07269	0.99735	0.00150	-0.00277	-0.00130	1.00000	
120	0.60000	-1.54352	0.42388	-0.14072	-0.02342	0.04914	-0.81133	1.75641	0.99990	0.01416	-0.00086	-0.01416	0.99990	-0.00041	0.00085	0.00042	1.00000		0.28607	5.15471	0.19829	0.10190	-0.15404	4.17060	0.25832	0.99735	-0.07273	0.00269	0.07272	0.99735	0.00178	-0.00281	-0.00158	0.99999	
121	0.60500	-1.53927	0.41923	-0.14531	-0.01791	0.04785	-0.81072	1.75285	0.99990	0.01415	-0.00084	-0.01415	0.99990	-0.00031	0.00083	0.00032	1.00000		0.24845	5.20707	0.17360	0.11298	-0.14442	4.16789	0.27923	0.99735	-0.07268	0.00252	0.07267	0.99735	0.00197	-0.00266	-0.00178	0.99999	
122	0.61000	-1.53061	0.41868	-0.18291	-0.00910	0.04792	-0.81708	1.76746	0.99990	0.01426	-0.00084	-0.01426	0.99990	-0.00016	0.00083	0.00017	1.00000		0.26872	5.26357	0.15772	0.12655	-0.14582	4.16859	0.26512	0.99735	-0.07269	0.00255	0.07269	0.99735	0.00221	-0.00270	-0.00202	0.99999	
123	0.61500	-1.53077	0.38391	-0.18727	-0.00722	0.04134	-0.81533	1.74800	0.99990	0.01423	-0.00072	-0.01423	0.99990	-0.00013	0.00072	0.00014	1.00000		0.26861	5.33573	0.14551	0.14306	-0.14340	4.17387	0.25369	0.99734	-0.07278	0.00250	0.07278	0.99735	0.00250	-0.00268	-0.00231	0.99999	
124	0.62000	-1.51465	0.38620	-0.20777	0.00213	0.03987	-0.82129	1.73111	0.99990	0.01433	-0.00070	-0.01433	0.99990	0.00004	0.00070	-0.00003	1.00000		0.23845	5.37449	0.11434	0.15426	-0.13703	4.17120	0.25263	0.99735	-0.07274	0.00239	0.07273	0.99735	0.00269	-0.00258	-0.00251	0.99999	
125	0.62500	-1.49550	0.38298	-0.22170	0.00988	0.03916	-0.81946	1.71567	0.99990	0.01430	-0.00068	-0.01430	0.99990	0.00017	0.00069	-0.00016	1.00000		0.26509	5.43543	0.11184	0.16777	-0.13446	4.17095	0.27589	0.99735	-0.07273	0.00235	0.07273	0.99735	0.00293	-0.00255	-0.00275	0.99999	
126	0.63000	-1.45941	0.34864	-0.22881	0.01637	0.03581	-0.82177	1.71989	0.99990	0.01434	-0.00062	-0.01434	0.99990	0.00029	0.00063	-0.00028	1.00000		0.29745	5.47839	0.10090	0.18082	-0.13471	4.17206	0.24893	0.99735	-0.07275	0.00235	0.07274	0.99735	0.00316	-0.00257	-0.00298	0.99999	
127	0.63500	-1.48207	0.35615	-0.25632	0.02504	0.03318	-0.82031	1.71328	0.99990	0.01432	-0.00058	-0.01432	0.99990	0.00044	0.00059	-0.00043	1.00000		0.26897	5.51564	0.08688	0.19220	-0.13180	4.17307	0.25972	0.99735	-0.07277	0.00230	0.07276	0.99734	0.00335	-0.00254	-0.00318	0.99999	
128	0.64000	-1.43927	0.34642	-0.25518	0.03431	0.02746	-0.82296	1.69855	0.99990	0.01436	-0.00048	-0.01436	0.99990	0.00060	0.00049	-0.00059	1.00000		0.26420	5.52765	0.07823	0.19966	-0.12645	4.17476	0.26397	0.99734	-0.07280	0.00221	0.07279	0.99734	0.00348	-0.00245	-0.00331	0.99999	
129	0.64500	-1.42663	0.33532	-0.27987	0.04223	0.02646	-0.82491	1.70341	0.99990	0.01440	-0.00046	-0.01440	0.99990	0.00074	0.00047	-0.00073	1.00000		0.23974	5.57770	0.05563	0.21136	-0.12404	4.17214	0.27085	0.99735	-0.07275	0.00216	0.07274	0.99734	0.00369	-0.00243	-0.00352	0.99999	
130	0.65000	-1.40722	0.30997	-0.28341	0.04889	0.02454	-0.82325	1.70821	0.99990	0.01437	-0.00043	-0.01437	0.99990	0.00085	0.00044	-0.00085	1.00000		0.24993	5.62683	0.04351	0.22474	-0.12215	4.17651	0.25559	0.99734	-0.07283	0.00213	0.07282	0.99734	0.00392	-0.00241	-0.00376	0.99999	
131	0.65500	-1.38196	0.30790	-0.28293	0.06074	0.02296	-0.83052	1.67714	0.99989	0.01449	-0.00040	-0.01449	0.99989	0.00106	0.00042	-0.00105	1.00000		0.28091	5.68150	0.04645	0.23821	-0.11855	4.17800	0.26574	0.99734	-0.07286	0.00207	0.07285	0.99733	0.00416	-0.00237	-0.00400	0.99999	
132	0.66000	-1.36086	0.30332	-0.29948	0.07198	0.01809	-0.83694	1.66962	0.99989	0.01461	-0.00032	-0.01461	0.99989	0.00126	0.00033	-0.00125	1.00000		0.23842	5.70595	0.01457	0.24567	-0.11333	4.17847	0.26961	0.99734	-0.07286	0.00198	0.07285	0.99733	0.00429	-0.00229	-0.00413	0.99999	
133	0.66500	-1.36541	0.29687	-0.29852	0.08259	0.01745	-0.83261	1.67767	0.99989	0.01453	-0.00030	-0.01453	0.99989	0.00144	0.00033	-0.00144	1.00000		0.24299	5.72812	0.02523	0.25555	-0.11107	4.17843	0.24906	0.99734	-0.07286	0.00194	0.07285	0.99733	0.00446	-0.00226	-0.00431	0.99999	
134	0.67000	-1.33549	0.29872	-0.31402	0.09350	0.00874	-0.83448	1.68624	0.99989	0.01456	-0.00015	-0.01456	0.99989	0.00163	0.00018	-0.00163	1.00000		0.27568	5.75457	0.02775	0.26561	-0.10854	4.17789	0.26989	0.99734	-0.07285	0.00189	0.07284	0.99733	0.00464	-0.00223	-0.00449	0.99999	
135	0.67500	-1.34644	0.28038	-0.32713	0.10183	0.00892	-0.83450	1.68141	0.99989	0.01456	-0.00016	-0.01456	0.99989	0.00178	0.00018	-0.00177	1.00000		0.24930	5.78275	0.02923	0.27197	-0.10594	4.17449	0.26296	0.99735	-0.07279	0.00185	0.07278	0.99734	0.00475	-0.00219	-0.00460	0.99999	
136	0.68000	-1.30674	0.28694	-0.33865	0.11371	0.00639	-0.83637	1.67153	0.99989	0.01460	-0.00011	-0.01460	0.99989	0.00198	0.00014	-0.00198	1.00000		0.25951	5.77753	0.03070	0.27855	-0.10318	4.17857	0.26391	0.99734	-0.07287	0.00180	0.07286	0.99733	0.00486	-0.00215	-0.00472	0.99999	
137	0.68500	-1.28257	0.26082	-0.33744	0.12024	-0.00214	-0.83972	1.66766	0.99989	0.01466	0.00004	-0.01466	0.99989	0.00210	-0.00001	-0.00210	1.00000		0.25188	5.79932	0.03121	0.28620	-0.09691	4.18165	0.27478	0.99734	-0.07292	0.00169	0.07291	0.99733	0.00500	-0.00205	-0.00486	0.99999	
138	0.69000	-1.29406	0.23177	-0.32030	0.12771	0.00037	-0.84180	1.65672	0.99989	0.01469	-0.00001	-0.01469	0.99989	0.00223	0.00004	-0.00223	1.00000		0.26579	5.79582	0.01419	0.29073	-0.09510	4.17809	0.27402	0.99734	-0.07286	0.00166	0.07285	0.99733	0.00507	-0.00203	-0.00494	0.99999	
139	0.69500	-1.28061	0.23686	-0.32859	0.13836	-0.00185	-0.84263	1.63553	0.99989	0.01471	0.00003	-0.01471	0.99989	0.00241	0.00000	-0.00242	1.00000		0.25529	5.82822	0.03388	0.30084	-0.09313	4.18000	0.26130	0.99734	-0.07289	0.00163	0.07288	0.99733	0.00525	-0.00200	-0.00512	0.99998	
140	0.70000	-1.18532	0.20167	-0.34864	0.14508	-0.01726	-0.84425	1.63198	0.99989	0.01473	0.00030	-0.01474	0.99989	0.00253	-0.00026	-0.00254	1.00000		0.26007	5.81428	0.02221	0.30386	-0.08647	4.18007	0.26699	0.99734	-0.07289	0.00151	0.07288	0.99733	0.00530	-0.00189	-0.00518	0.99998	
