NO_OF_FRAMES	12030
NO_OF_CAMERAS	8
NO_OF_BODIES	2
FREQUENCY	200
NO_OF_ANALOG	0
ANALOG_FREQUENCY	0
DESCRIPTION	--
TIME_STAMP	2013-07-05, 14:13:38	192832.02796335
DATA_INCLUDED	6D
BODY_NAMES	Ice 2 V2	Ice 3
Frame	Time	Ice 2 V2 X	Y	Z	Roll	Pitch	Yaw	Residual	Rot[0]	Rot[1]	Rot[2]	Rot[3]	Rot[4]	Rot[5]	Rot[6]	Rot[7]	Rot[8]	Ice 3 X	Y	Z	Roll	Pitch	Yaw	Residual	Rot[0]	Rot[1]	Rot[2]	Rot[3]	Rot[4]	Rot[5]	Rot[6]	Rot[7]	Rot[8]	
1	0.00500	2.95220	23.38846	1.90181	0.22959	0.05904	-2.19004	2.83060	0.99927	0.03821	-0.00103	-0.03821	0.99926	0.00401	0.00118	-0.00396	0.99999		2.13274	6.44807	0.32107	-0.04360	-0.27811	-17.71618	0.42132	0.95256	0.30430	0.00485	-0.30430	0.95258	-0.00076	-0.00486	-0.00075	0.99999	
2	0.01000	2.70682	23.46267	1.97811	0.18696	0.04618	-2.12256	2.62039	0.99931	0.03704	-0.00081	-0.03703	0.99931	0.00326	0.00093	-0.00323	0.99999		2.10267	6.53193	0.32915	-0.02961	-0.28593	-17.72723	0.41654	0.95251	0.30448	0.00499	-0.30448	0.95252	-0.00052	-0.00491	-0.00103	0.99999	
3	0.01500	2.64346	23.46174	1.98237	0.17207	0.05576	-2.11579	2.60901	0.99932	0.03692	-0.00097	-0.03692	0.99931	0.00300	0.00108	-0.00297	1.00000		2.07985	6.52171	0.35505	-0.02954	-0.29730	-17.72652	0.41848	0.95251	0.30447	0.00519	-0.30447	0.95252	-0.00052	-0.00510	-0.00109	0.99999	
4	0.02000	2.65359	23.43663	1.99341	0.16064	0.06429	-2.11305	2.58838	0.99932	0.03687	-0.00112	-0.03687	0.99932	0.00280	0.00122	-0.00276	1.00000		2.13939	6.44440	0.44613	-0.03977	-0.31253	-17.71768	0.41555	0.95255	0.30432	0.00545	-0.30432	0.95257	-0.00069	-0.00541	-0.00100	0.99998	
5	0.02500	2.62378	23.37958	2.01669	0.14119	0.06984	-2.10344	2.57479	0.99933	0.03670	-0.00122	-0.03670	0.99932	0.00246	0.00131	-0.00242	1.00000		2.12874	6.43174	0.48461	-0.03816	-0.32328	-17.71687	0.43014	0.95256	0.30431	0.00564	-0.30431	0.95257	-0.00067	-0.00558	-0.00108	0.99998	
6	0.03000	2.56660	23.34406	2.02740	0.12758	0.07658	-2.10123	2.54747	0.99933	0.03667	-0.00134	-0.03666	0.99933	0.00223	0.00142	-0.00218	1.00000		2.15128	6.44543	0.50822	-0.03453	-0.33502	-17.72005	0.41525	0.95254	0.30436	0.00585	-0.30436	0.95256	-0.00060	-0.00575	-0.00121	0.99998	
7	0.03500	2.55575	23.32207	2.05297	0.11857	0.08741	-2.10289	2.55002	0.99933	0.03669	-0.00153	-0.03669	0.99932	0.00207	0.00160	-0.00201	1.00000		2.16685	6.41932	0.57333	-0.03269	-0.34775	-17.72121	0.41552	0.95253	0.30438	0.00607	-0.30438	0.95255	-0.00057	-0.00596	-0.00130	0.99998	
8	0.04000	2.49837	23.29472	2.06547	0.10440	0.09647	-2.09203	2.51332	0.99933	0.03650	-0.00168	-0.03650	0.99933	0.00182	0.00175	-0.00176	1.00000		2.13851	6.42122	0.59905	-0.02632	-0.35507	-17.71936	0.41867	0.95254	0.30435	0.00620	-0.30435	0.95256	-0.00046	-0.00604	-0.00145	0.99998	
9	0.04500	2.47127	23.26798	2.07009	0.09670	0.10782	-2.08982	2.50924	0.99933	0.03647	-0.00188	-0.03646	0.99933	0.00169	0.00194	-0.00162	1.00000		2.17723	6.41776	0.65610	-0.02233	-0.36699	-17.72146	0.40521	0.95253	0.30438	0.00641	-0.30439	0.95255	-0.00039	-0.00622	-0.00158	0.99998	
10	0.05000	2.45508	23.22795	2.09476	0.08582	0.11683	-2.08701	2.50785	0.99933	0.03642	-0.00204	-0.03641	0.99934	0.00150	0.00209	-0.00142	1.00000		2.21277	6.41311	0.70686	-0.01802	-0.37598	-17.72037	0.41607	0.95253	0.30437	0.00656	-0.30437	0.95255	-0.00031	-0.00635	-0.00170	0.99998	
11	0.05500	2.40918	23.20255	2.08896	0.07674	0.12530	-2.08427	2.48995	0.99934	0.03637	-0.00219	-0.03637	0.99934	0.00134	0.00223	-0.00126	1.00000		2.18638	6.41608	0.74528	-0.01183	-0.38389	-17.72041	0.40630	0.95253	0.30437	0.00670	-0.30437	0.95255	-0.00021	-0.00645	-0.00184	0.99998	
12	0.06000	2.41169	23.16539	2.10405	0.07095	0.13383	-2.08199	2.46545	0.99934	0.03633	-0.00234	-0.03633	0.99934	0.00124	0.00238	-0.00115	1.00000		2.19174	6.39627	0.81246	-0.00708	-0.39214	-17.72004	0.41187	0.95253	0.30436	0.00684	-0.30437	0.95256	-0.00012	-0.00656	-0.00197	0.99998	
13	0.06500	2.41395	23.12644	2.10224	0.06146	0.13620	-2.08179	2.45962	0.99934	0.03633	-0.00238	-0.03632	0.99934	0.00107	0.00241	-0.00099	1.00000		2.20779	6.39594	0.86094	-0.00132	-0.40238	-17.72270	0.39860	0.95252	0.30440	0.00702	-0.30441	0.95254	-0.00002	-0.00670	-0.00212	0.99998	
14	0.07000	2.35808	23.11009	2.10878	0.05812	0.15070	-2.07401	2.45403	0.99934	0.03619	-0.00263	-0.03619	0.99934	0.00101	0.00267	-0.00092	1.00000		2.21034	6.35679	0.90269	0.00197	-0.40581	-17.72032	0.41205	0.95253	0.30436	0.00708	-0.30437	0.95255	0.00003	-0.00674	-0.00219	0.99997	
15	0.07500	2.32797	23.06735	2.12154	0.05263	0.16146	-2.06979	2.43593	0.99934	0.03612	-0.00282	-0.03611	0.99935	0.00092	0.00285	-0.00082	1.00000		2.20670	6.33782	0.95490	0.00754	-0.41046	-17.71852	0.40868	0.95254	0.30433	0.00716	-0.30434	0.95256	0.00013	-0.00678	-0.00231	0.99997	
16	0.08000	2.31819	23.03797	2.12262	0.05064	0.17500	-2.07172	2.42473	0.99934	0.03615	-0.00305	-0.03615	0.99935	0.00088	0.00308	-0.00077	0.99999		2.23133	6.31445	1.01600	0.01183	-0.41652	-17.71936	0.41406	0.95253	0.30435	0.00727	-0.30436	0.95256	0.00021	-0.00686	-0.00241	0.99997	
17	0.08500	2.27737	23.00288	2.12649	0.04782	0.18547	-2.06758	2.41706	0.99934	0.03608	-0.00324	-0.03608	0.99935	0.00083	0.00327	-0.00072	0.99999		2.22185	6.32847	1.07429	0.02007	-0.42255	-17.71947	0.41491	0.95253	0.30435	0.00737	-0.30436	0.95256	0.00035	-0.00692	-0.00258	0.99997	
18	0.09000	2.23222	22.97963	2.13717	0.04845	0.19430	-2.06394	2.40970	0.99935	0.03601	-0.00339	-0.03601	0.99935	0.00085	0.00342	-0.00072	0.99999		2.23296	6.29180	1.12314	0.02312	-0.42967	-17.71968	0.40910	0.95253	0.30435	0.00750	-0.30436	0.95256	0.00040	-0.00702	-0.00267	0.99997	
19	0.09500	2.23765	22.94092	2.13230	0.04877	0.20578	-2.06068	2.40426	0.99935	0.03596	-0.00359	-0.03595	0.99935	0.00085	0.00362	-0.00072	0.99999		2.23821	6.25845	1.18889	0.02878	-0.43034	-17.71540	0.42466	0.95255	0.30428	0.00751	-0.30429	0.95258	0.00050	-0.00700	-0.00276	0.99997	
20	0.10000	2.19221	22.91085	2.13472	0.04830	0.21476	-2.05916	2.39079	0.99935	0.03593	-0.00375	-0.03593	0.99935	0.00084	0.00378	-0.00071	0.99999		2.22375	6.25899	1.23685	0.03612	-0.43399	-17.71780	0.41277	0.95254	0.30432	0.00757	-0.30433	0.95257	0.00063	-0.00702	-0.00291	0.99997	
21	0.10500	2.20969	22.88939	2.14205	0.05217	0.22614	-2.05945	2.39620	0.99935	0.03594	-0.00395	-0.03593	0.99935	0.00091	0.00398	-0.00077	0.99999		2.24411	6.21847	1.27673	0.03922	-0.43521	-17.71794	0.41463	0.95254	0.30432	0.00760	-0.30434	0.95256	0.00068	-0.00703	-0.00296	0.99997	
22	0.11000	2.17620	22.85539	2.13219	0.05421	0.23623	-2.05197	2.38322	0.99935	0.03581	-0.00412	-0.03580	0.99936	0.00095	0.00415	-0.00080	0.99999		2.24118	6.20007	1.34658	0.04435	-0.43640	-17.71861	0.41386	0.95254	0.30433	0.00762	-0.30435	0.95256	0.00077	-0.00702	-0.00306	0.99997	
23	0.11500	2.12192	22.81124	2.12242	0.05566	0.24647	-2.05522	2.37773	0.99935	0.03586	-0.00430	-0.03586	0.99936	0.00097	0.00433	-0.00082	0.99999		2.21119	6.18339	1.40053	0.05179	-0.43679	-17.71540	0.43108	0.95255	0.30428	0.00762	-0.30430	0.95258	0.00090	-0.00699	-0.00318	0.99997	
24	0.12000	2.15064	22.79304	2.12323	0.06247	0.25498	-2.05732	2.37873	0.99935	0.03590	-0.00445	-0.03589	0.99936	0.00109	0.00449	-0.00093	0.99999		2.22093	6.15882	1.45379	0.05796	-0.43724	-17.71602	0.42925	0.95255	0.30429	0.00763	-0.30431	0.95257	0.00101	-0.00696	-0.00329	0.99997	
25	0.12500	2.15683	22.76093	2.11508	0.06996	0.26287	-2.05877	2.36918	0.99934	0.03592	-0.00459	-0.03592	0.99935	0.00122	0.00463	-0.00106	0.99999		2.22732	6.11557	1.51556	0.05890	-0.43639	-17.71462	0.42206	0.95256	0.30427	0.00762	-0.30428	0.95258	0.00103	-0.00694	-0.00330	0.99997	
26	0.13000	2.11063	22.72224	2.10106	0.07322	0.27328	-2.05891	2.35553	0.99934	0.03593	-0.00477	-0.03592	0.99935	0.00128	0.00481	-0.00111	0.99999		2.20213	6.08534	1.54307	0.06307	-0.43162	-17.71692	0.41037	0.95254	0.30431	0.00753	-0.30432	0.95257	0.00110	-0.00684	-0.00334	0.99997	
27	0.13500	2.12044	22.68118	2.10260	0.07934	0.28261	-2.05710	2.35375	0.99934	0.03589	-0.00493	-0.03589	0.99935	0.00138	0.00498	-0.00121	0.99999		2.21717	6.05435	1.61128	0.06672	-0.43167	-17.71587	0.41836	0.95255	0.30429	0.00753	-0.30431	0.95257	0.00116	-0.00682	-0.00340	0.99997	
28	0.14000	2.08734	22.67574	2.09422	0.09007	0.29007	-2.05805	2.34937	0.99934	0.03591	-0.00506	-0.03590	0.99935	0.00157	0.00512	-0.00139	0.99999		2.22036	6.03484	1.65715	0.07305	-0.42827	-17.71309	0.42702	0.95257	0.30424	0.00747	-0.30426	0.95259	0.00127	-0.00673	-0.00349	0.99997	
29	0.14500	2.07254	22.64500	2.06862	0.09869	0.29737	-2.05416	2.35915	0.99934	0.03584	-0.00519	-0.03584	0.99936	0.00172	0.00525	-0.00154	0.99999		2.18163	5.99299	1.69415	0.07586	-0.42075	-17.71700	0.42535	0.95255	0.30431	0.00734	-0.30432	0.95257	0.00132	-0.00659	-0.00350	0.99997	
30	0.15000	2.05694	22.62445	2.06380	0.10868	0.30997	-2.05451	2.33816	0.99934	0.03585	-0.00541	-0.03584	0.99936	0.00190	0.00547	-0.00170	0.99998		2.20040	5.97208	1.77306	0.08085	-0.41810	-17.71569	0.41588	0.95255	0.30429	0.00730	-0.30430	0.95257	0.00141	-0.00652	-0.00356	0.99997	
31	0.15500	2.03959	22.59615	2.04432	0.11650	0.31368	-2.05679	2.34861	0.99934	0.03589	-0.00547	-0.03588	0.99935	0.00203	0.00554	-0.00184	0.99998		2.16196	5.96309	1.79832	0.08394	-0.41119	-17.71593	0.40021	0.95255	0.30429	0.00718	-0.30431	0.95257	0.00147	-0.00639	-0.00358	0.99997	
32	0.16000	2.02528	22.56270	2.02396	0.12919	0.32285	-2.06081	2.36140	0.99934	0.03596	-0.00563	-0.03595	0.99935	0.00225	0.00571	-0.00205	0.99998		2.15380	5.89972	1.84747	0.08520	-0.40441	-17.71327	0.41221	0.95257	0.30425	0.00706	-0.30426	0.95259	0.00149	-0.00627	-0.00356	0.99997	
33	0.16500	2.04742	22.54650	2.01861	0.14187	0.32946	-2.06498	2.36889	0.99933	0.03603	-0.00575	-0.03602	0.99935	0.00248	0.00584	-0.00227	0.99998		2.16290	5.88469	1.88585	0.09004	-0.39789	-17.71334	0.41534	0.95257	0.30425	0.00694	-0.30426	0.95259	0.00157	-0.00614	-0.00361	0.99997	
34	0.17000	2.02677	22.51708	1.96494	0.15099	0.33331	-2.06447	2.36249	0.99933	0.03602	-0.00582	-0.03601	0.99935	0.00264	0.00591	-0.00242	0.99998		2.12212	5.85898	1.91823	0.09053	-0.39156	-17.71473	0.41592	0.95256	0.30427	0.00683	-0.30429	0.95258	0.00158	-0.00603	-0.00358	0.99998	
35	0.17500	2.26659	22.42959	1.88891	0.20367	0.35934	-2.13980	2.58216	0.99928	0.03734	-0.00627	-0.03732	0.99930	0.00355	0.00640	-0.00332	0.99997		2.14113	5.80248	1.95943	0.08973	-0.38116	-17.71329	0.41568	0.95257	0.30425	0.00665	-0.30426	0.95259	0.00157	-0.00586	-0.00352	0.99998	
36	0.18000	2.25306	22.43377	1.85651	0.21859	0.36661	-2.13906	2.57154	0.99928	0.03732	-0.00640	-0.03730	0.99930	0.00382	0.00654	-0.00357	0.99997		2.14800	5.78380	2.00024	0.09297	-0.37312	-17.71180	0.42753	0.95258	0.30422	0.00651	-0.30424	0.95259	0.00162	-0.00571	-0.00353	0.99998	
37	0.18500	2.25343	22.40728	1.81383	0.23350	0.37349	-2.14410	2.58801	0.99928	0.03741	-0.00652	-0.03739	0.99929	0.00408	0.00667	-0.00383	0.99997		2.15164	5.75638	2.03005	0.09362	-0.36351	-17.71028	0.42431	0.95259	0.30420	0.00634	-0.30421	0.95260	0.00163	-0.00555	-0.00349	0.99998	
38	0.19000	2.22903	22.46221	1.76607	0.26318	0.38621	-2.15224	2.61138	0.99927	0.03755	-0.00674	-0.03752	0.99929	0.00459	0.00691	-0.00434	0.99997		2.10004	5.72330	2.07125	0.09600	-0.35091	-17.71121	0.41659	0.95258	0.30421	0.00612	-0.30423	0.95260	0.00168	-0.00532	-0.00346	0.99998	
39	0.19500	2.21134	22.46299	1.73592	0.27916	0.39469	-2.16149	2.61928	0.99926	0.03772	-0.00689	-0.03768	0.99928	0.00487	0.00707	-0.00461	0.99996		2.06850	5.69325	2.09954	0.09532	-0.33980	-17.71208	0.42977	0.95258	0.30423	0.00593	-0.30424	0.95259	0.00166	-0.00514	-0.00339	0.99998	
40	0.20000	2.22693	22.45585	1.68512	0.29567	0.39464	-2.16244	2.62567	0.99926	0.03773	-0.00689	-0.03770	0.99928	0.00516	0.00708	-0.00490	0.99996		2.08372	5.64599	2.10712	0.09343	-0.32988	-17.71129	0.41798	0.95259	0.30422	0.00576	-0.30423	0.95260	0.00163	-0.00499	-0.00330	0.99998	
41	0.20500	2.26071	22.44724	1.64811	0.31234	0.39807	-2.16879	2.64508	0.99926	0.03784	-0.00695	-0.03781	0.99927	0.00545	0.00715	-0.00518	0.99996		2.03068	5.61368	2.12891	0.09346	-0.31538	-17.71126	0.42319	0.95259	0.30422	0.00550	-0.30423	0.95260	0.00163	-0.00475	-0.00323	0.99998	
42	0.21000	2.27228	22.44320	1.63351	0.32956	0.40265	-2.17044	2.65188	0.99926	0.03787	-0.00703	-0.03783	0.99927	0.00575	0.00724	-0.00548	0.99996		2.03988	5.57889	2.15585	0.09151	-0.30337	-17.70766	0.42455	0.95261	0.30416	0.00529	-0.30417	0.95262	0.00160	-0.00456	-0.00313	0.99998	
43	0.21500	2.27681	22.41881	1.57229	0.34265	0.40155	-2.17212	2.65662	0.99926	0.03790	-0.00701	-0.03786	0.99927	0.00598	0.00723	-0.00571	0.99996		2.00993	5.56009	2.16329	0.09220	-0.29151	-17.70992	0.43067	0.95260	0.30419	0.00509	-0.30421	0.95261	0.00161	-0.00436	-0.00308	0.99999	
44	0.22000	2.27516	22.43106	1.55755	0.35767	0.40563	-2.17743	2.66591	0.99925	0.03799	-0.00708	-0.03795	0.99926	0.00624	0.00731	-0.00597	0.99996		1.96238	5.51176	2.17725	0.08687	-0.27544	-17.70851	0.43080	0.95261	0.30417	0.00481	-0.30418	0.95261	0.00152	-0.00412	-0.00291	0.99999	
45	0.22500	2.28405	22.42565	1.51322	0.37475	0.40621	-2.18243	2.70276	0.99925	0.03808	-0.00709	-0.03803	0.99926	0.00654	0.00733	-0.00627	0.99995		1.95296	5.49692	2.19223	0.08841	-0.26191	-17.71040	0.42735	0.95260	0.30420	0.00457	-0.30421	0.95260	0.00154	-0.00389	-0.00286	0.99999	
46	0.23000	2.31202	22.42933	1.45757	0.39190	0.40737	-2.18626	2.69856	0.99925	0.03815	-0.00711	-0.03810	0.99925	0.00684	0.00737	-0.00656	0.99995		1.94806	5.43483	2.18560	0.08214	-0.24679	-17.71261	0.41209	0.95259	0.30424	0.00431	-0.30425	0.95259	0.00143	-0.00367	-0.00268	0.99999	
47	0.23500	2.33549	22.40955	1.41797	0.40529	0.40100	-2.18830	2.71254	0.99925	0.03818	-0.00700	-0.03813	0.99925	0.00707	0.00726	-0.00680	0.99995		1.92411	5.40667	2.21208	0.08033	-0.23421	-17.70940	0.41924	0.95260	0.30419	0.00409	-0.30419	0.95261	0.00140	-0.00347	-0.00258	0.99999	
48	0.24000	2.36695	22.42781	1.38146	0.42343	0.40087	-2.19486	2.71930	0.99924	0.03830	-0.00700	-0.03825	0.99924	0.00739	0.00727	-0.00712	0.99995		1.91490	5.38599	2.21429	0.07867	-0.22250	-17.70851	0.42616	0.95261	0.30417	0.00388	-0.30418	0.95261	0.00137	-0.00328	-0.00249	0.99999	
49	0.24500	2.35712	22.43915	1.31209	0.44001	0.39992	-2.19268	2.73156	0.99924	0.03826	-0.00698	-0.03821	0.99924	0.00768	0.00727	-0.00741	0.99995		1.86893	5.34685	2.19793	0.07295	-0.20484	-17.71041	0.41360	0.95260	0.30420	0.00358	-0.30421	0.95260	0.00127	-0.00302	-0.00230	0.99999	
50	0.25000	2.37957	22.43791	1.28261	0.45598	0.40148	-2.19924	2.74166	0.99924	0.03837	-0.00701	-0.03832	0.99923	0.00796	0.00731	-0.00768	0.99994		1.85523	5.31268	2.18731	0.06826	-0.18889	-17.70736	0.42206	0.95262	0.30415	0.00330	-0.30416	0.95262	0.00119	-0.00278	-0.00214	0.99999	
51	0.25500	2.36537	22.42857	1.23754	0.46763	0.39479	-2.20457	2.74528	0.99924	0.03847	-0.00689	-0.03841	0.99923	0.00816	0.00720	-0.00789	0.99994		1.81203	5.28569	2.19063	0.06474	-0.17395	-17.70598	0.42124	0.95263	0.30413	0.00304	-0.30414	0.95263	0.00113	-0.00255	-0.00200	0.99999	
52	0.26000	2.38890	22.42127	1.18943	0.47785	0.39168	-2.20091	2.76622	0.99924	0.03840	-0.00684	-0.03835	0.99923	0.00834	0.00715	-0.00807	0.99994		1.77882	5.25255	2.16893	0.06084	-0.15923	-17.70671	0.42545	0.95262	0.30414	0.00278	-0.30415	0.95262	0.00106	-0.00232	-0.00186	1.00000	
53	0.26500	2.41933	22.45475	1.12525	0.49566	0.38515	-2.20717	2.76654	0.99924	0.03851	-0.00672	-0.03845	0.99922	0.00865	0.00705	-0.00839	0.99994		1.76080	5.22648	2.15519	0.05587	-0.14461	-17.70724	0.41722	0.95262	0.30415	0.00252	-0.30416	0.95262	0.00098	-0.00211	-0.00170	1.00000	
54	0.27000	2.42216	22.45877	1.07674	0.51105	0.38149	-2.20787	2.78985	0.99924	0.03852	-0.00666	-0.03846	0.99922	0.00892	0.00700	-0.00866	0.99994		1.75063	5.20510	2.14092	0.05116	-0.12951	-17.70788	0.42152	0.95262	0.30416	0.00226	-0.30417	0.95262	0.00089	-0.00188	-0.00154	1.00000	
55	0.27500	2.57360	22.21427	0.76199	0.46337	0.34440	-2.20141	2.82816	0.99924	0.03841	-0.00601	-0.03836	0.99923	0.00809	0.00632	-0.00785	0.99995		1.79818	5.03321	2.20560	0.01933	-0.11820	-17.71016	0.45379	0.95261	0.30420	0.00206	-0.30420	0.95261	0.00034	-0.00186	-0.00095	1.00000	
56	0.28000	2.58224	22.23430	0.69765	0.47998	0.33950	-2.20184	2.82710	0.99924	0.03842	-0.00593	-0.03837	0.99923	0.00838	0.00624	-0.00814	0.99995		1.75132	5.00203	2.17851	0.01374	-0.09983	-17.71035	0.46982	0.95261	0.30420	0.00174	-0.30421	0.95261	0.00024	-0.00159	-0.00076	1.00000	
57	0.28500	2.54706	22.35599	0.58684	0.51482	0.34766	-2.21492	2.85809	0.99923	0.03865	-0.00607	-0.03859	0.99921	0.00899	0.00641	-0.00874	0.99994		1.74732	4.95900	2.15964	0.00573	-0.09020	-17.70916	0.47283	0.95261	0.30418	0.00157	-0.30419	0.95261	0.00010	-0.00147	-0.00057	1.00000	
58	0.29000	2.60358	22.35541	0.52300	0.52445	0.34009	-2.21695	2.88026	0.99923	0.03868	-0.00594	-0.03863	0.99921	0.00915	0.00629	-0.00892	0.99994		1.70626	4.94804	2.12649	0.00130	-0.07142	-17.71258	0.47069	0.95259	0.30424	0.00125	-0.30424	0.95259	0.00002	-0.00118	-0.00040	1.00000	
59	0.29500	2.61496	22.36038	0.47064	0.53233	0.33271	-2.21954	2.87814	0.99923	0.03873	-0.00581	-0.03867	0.99921	0.00929	0.00616	-0.00906	0.99994		1.68190	4.92059	2.08900	-0.00729	-0.05735	-17.71134	0.46910	0.95260	0.30422	0.00100	-0.30422	0.95260	-0.00013	-0.00099	-0.00018	1.00000	
60	0.30000	2.62306	22.36941	0.41073	0.54271	0.32425	-2.22411	2.90090	0.99923	0.03881	-0.00566	-0.03875	0.99920	0.00947	0.00602	-0.00925	0.99994		1.65242	4.89233	2.05047	-0.01202	-0.04477	-17.71272	0.46702	0.95259	0.30424	0.00078	-0.30424	0.95259	-0.00021	-0.00081	-0.00004	1.00000	
61	0.30500	2.65502	22.39061	0.37038	0.55460	0.31581	-2.23133	2.93119	0.99923	0.03893	-0.00551	-0.03888	0.99920	0.00968	0.00588	-0.00946	0.99994		1.64251	4.87279	2.02998	-0.01769	-0.02897	-17.71299	0.48319	0.95259	0.30425	0.00051	-0.30425	0.95259	-0.00031	-0.00058	0.00014	1.00000	
62	0.31000	2.66537	22.38377	0.30890	0.55861	0.30628	-2.23503	2.94787	0.99922	0.03900	-0.00535	-0.03894	0.99919	0.00975	0.00572	-0.00953	0.99994		1.59375	4.84266	1.96957	-0.02655	-0.01589	-17.71050	0.47674	0.95261	0.30421	0.00028	-0.30421	0.95261	-0.00046	-0.00041	0.00036	1.00000	
63	0.31500	2.67801	22.39752	0.25840	0.56783	0.29944	-2.23074	2.94572	0.99923	0.03892	-0.00523	-0.03887	0.99920	0.00991	0.00561	-0.00970	0.99994		1.56501	4.81307	1.91669	-0.03153	0.00073	-17.71187	0.48384	0.95260	0.30423	-0.00001	-0.30423	0.95260	-0.00055	-0.00016	0.00053	1.00000	
64	0.32000	2.67194	22.43009	0.19013	0.57262	0.29045	-2.23692	2.96727	0.99923	0.03903	-0.00507	-0.03898	0.99919	0.00999	0.00546	-0.00979	0.99994		1.54583	4.78769	1.85644	-0.04286	0.01336	-17.71190	0.48093	0.95260	0.30423	-0.00023	-0.30423	0.95260	-0.00075	-0.00001	0.00078	1.00000	
65	0.32500	2.72023	22.41755	0.13663	0.57796	0.27803	-2.23926	2.98437	0.99922	0.03907	-0.00485	-0.03902	0.99919	0.01009	0.00524	-0.00989	0.99994		1.52750	4.74923	1.80454	-0.04959	0.02675	-17.71068	0.48768	0.95260	0.30421	-0.00047	-0.30421	0.95260	-0.00087	0.00018	0.00097	1.00000	
66	0.33000	2.72796	22.42580	0.09784	0.58490	0.27076	-2.24797	3.00188	0.99922	0.03922	-0.00473	-0.03917	0.99918	0.01021	0.00512	-0.01002	0.99994		1.48697	4.74061	1.75357	-0.05613	0.04107	-17.71411	0.48794	0.95259	0.30427	-0.00072	-0.30427	0.95259	-0.00098	0.00038	0.00115	1.00000	
67	0.33500	2.76264	22.45316	0.02925	0.58817	0.25741	-2.25074	2.99014	0.99922	0.03927	-0.00449	-0.03922	0.99918	0.01027	0.00489	-0.01008	0.99994		1.43273	4.72628	1.68708	-0.06363	0.05497	-17.71350	0.48745	0.95259	0.30426	-0.00096	-0.30426	0.95259	-0.00111	0.00058	0.00135	1.00000	
68	0.34000	2.77488	22.48527	-0.03896	0.59946	0.24897	-2.25430	3.02262	0.99922	0.03933	-0.00435	-0.03929	0.99917	0.01046	0.00475	-0.01028	0.99994		1.42441	4.71604	1.63889	-0.06633	0.06536	-17.71216	0.49571	0.95260	0.30423	-0.00114	-0.30424	0.95260	-0.00116	0.00073	0.00145	1.00000	
69	0.34500	2.79011	22.45342	-0.06767	0.59245	0.23572	-2.24929	3.01466	0.99922	0.03925	-0.00411	-0.03920	0.99918	0.01034	0.00452	-0.01017	0.99994		1.38972	4.70579	1.58768	-0.07312	0.07501	-17.71378	0.49239	0.95259	0.30426	-0.00131	-0.30426	0.95259	-0.00128	0.00086	0.00161	1.00000	
70	0.35000	2.81899	22.49336	-0.12908	0.59618	0.22660	-2.25543	3.04351	0.99922	0.03935	-0.00395	-0.03931	0.99917	0.01041	0.00436	-0.01024	0.99994		1.34573	4.79913	1.46265	-0.06117	0.09264	-17.72204	0.47128	0.95254	0.30440	-0.00162	-0.30440	0.95254	-0.00107	0.00122	0.00151	1.00000	
71	0.35500	2.84529	22.50389	-0.18698	0.59749	0.21217	-2.25227	3.03267	0.99922	0.03930	-0.00370	-0.03926	0.99917	0.01043	0.00411	-0.01027	0.99994		1.33193	4.77371	1.39924	-0.06849	0.10045	-17.72079	0.47601	0.95255	0.30438	-0.00175	-0.30438	0.95255	-0.00120	0.00131	0.00167	1.00000	
72	0.36000	2.80404	22.50648	-0.21188	0.59711	0.20618	-2.25582	3.04928	0.99922	0.03936	-0.00360	-0.03932	0.99917	0.01042	0.00401	-0.01027	0.99994		1.32406	4.75812	1.33988	-0.07645	0.11108	-17.72378	0.47972	0.95253	0.30443	-0.00194	-0.30443	0.95253	-0.00133	0.00144	0.00186	1.00000	
73	0.36500	2.84709	22.52279	-0.27030	0.59550	0.19499	-2.25890	3.06554	0.99922	0.03941	-0.00340	-0.03938	0.99917	0.01039	0.00381	-0.01025	0.99994		1.27425	4.77598	1.27179	-0.07788	0.11977	-17.72519	0.47068	0.95253	0.30445	-0.00209	-0.30445	0.95253	-0.00136	0.00158	0.00193	1.00000	
74	0.37000	2.85397	22.55723	-0.33466	0.59609	0.18146	-2.25806	3.07465	0.99922	0.03940	-0.00317	-0.03937	0.99917	0.01040	0.00357	-0.01027	0.99994		1.27251	4.76255	1.20676	-0.08391	0.12700	-17.72356	0.48259	0.95253	0.30442	-0.00222	-0.30443	0.95253	-0.00146	0.00167	0.00207	1.00000	
75	0.37500	2.91827	22.54982	-0.36855	0.58847	0.16698	-2.25372	3.07401	0.99922	0.03932	-0.00291	-0.03929	0.99917	0.01027	0.00332	-0.01015	0.99994		1.25041	4.73732	1.14139	-0.09227	0.13674	-17.72370	0.48775	0.95253	0.30443	-0.00239	-0.30443	0.95253	-0.00161	0.00178	0.00226	1.00000	
76	0.38000	2.89427	22.58655	-0.41179	0.58952	0.15888	-2.25529	3.07554	0.99922	0.03935	-0.00277	-0.03932	0.99917	0.01029	0.00318	-0.01017	0.99994		1.20378	4.75517	1.06018	-0.09537	0.14539	-17.72631	0.47155	0.95252	0.30447	-0.00254	-0.30447	0.95252	-0.00166	0.00191	0.00236	1.00000	
77	0.38500	2.95720	22.59845	-0.45423	0.58526	0.14138	-2.25643	3.08236	0.99922	0.03937	-0.00247	-0.03934	0.99917	0.01021	0.00287	-0.01011	0.99994		1.23718	4.74311	1.02169	-0.10064	0.14918	-17.72683	0.47077	0.95252	0.30448	-0.00260	-0.30448	0.95252	-0.00176	0.00195	0.00247	1.00000	
78	0.39000	2.94761	22.60817	-0.51079	0.57784	0.12832	-2.25131	3.09375	0.99923	0.03928	-0.00224	-0.03926	0.99918	0.01008	0.00263	-0.00999	0.99995		1.18975	4.72313	0.93651	-0.10684	0.15871	-17.72756	0.48792	0.95251	0.30449	-0.00277	-0.30450	0.95251	-0.00186	0.00207	0.00262	0.99999	
79	0.39500	2.96146	22.64514	-0.57184	0.57181	0.11708	-2.24896	3.09506	0.99923	0.03924	-0.00204	-0.03922	0.99918	0.00998	0.00243	-0.00989	0.99995		1.12194	4.74908	0.86444	-0.10859	0.16747	-17.72915	0.47543	0.95250	0.30452	-0.00292	-0.30452	0.95250	-0.00190	0.00221	0.00270	0.99999	
80	0.40000	2.97064	22.65005	-0.59929	0.56382	0.10353	-2.24820	3.08993	0.99923	0.03923	-0.00181	-0.03921	0.99918	0.00984	0.00219	-0.00976	0.99995		1.12715	4.71560	0.77755	-0.11437	0.17617	-17.72833	0.49313	0.95251	0.30450	-0.00307	-0.30451	0.95251	-0.00200	0.00232	0.00284	0.99999	
81	0.40500	2.97139	22.67923	-0.64786	0.55637	0.09155	-2.24635	3.10673	0.99923	0.03920	-0.00160	-0.03918	0.99919	0.00971	0.00198	-0.00964	0.99995		1.11290	4.72401	0.70943	-0.11880	0.17783	-17.72685	0.49261	0.95251	0.30448	-0.00310	-0.30448	0.95251	-0.00207	0.00233	0.00292	0.99999	
82	0.41000	2.97368	22.69886	-0.68601	0.54952	0.07995	-2.24469	3.08531	0.99923	0.03917	-0.00140	-0.03915	0.99919	0.00959	0.00177	-0.00953	0.99995		1.12976	4.71555	0.64059	-0.12273	0.18397	-17.72828	0.49960	0.95251	0.30450	-0.00321	-0.30451	0.95251	-0.00214	0.00241	0.00302	0.99999	
83	0.41500	2.99232	22.69047	-0.73206	0.53800	0.06897	-2.23914	3.10444	0.99924	0.03907	-0.00120	-0.03906	0.99919	0.00939	0.00157	-0.00934	0.99996		1.07712	4.71392	0.55885	-0.12438	0.19070	-17.73006	0.50331	0.95250	0.30453	-0.00333	-0.30454	0.95250	-0.00217	0.00251	0.00308	0.99999	
84	0.42000	3.00569	22.73042	-0.76692	0.53047	0.05498	-2.24740	3.10985	0.99923	0.03921	-0.00096	-0.03920	0.99919	0.00926	0.00132	-0.00921	0.99996		1.10181	4.73605	0.48476	-0.12783	0.19218	-17.73154	0.48655	0.95249	0.30456	-0.00335	-0.30456	0.95249	-0.00223	0.00252	0.00315	0.99999	
85	0.42500	3.02448	22.75216	-0.80495	0.51828	0.04407	-2.23793	3.09076	0.99924	0.03905	-0.00077	-0.03904	0.99920	0.00905	0.00112	-0.00901	0.99996		1.07284	4.73397	0.40659	-0.13086	0.19708	-17.73417	0.48559	0.95247	0.30460	-0.00344	-0.30461	0.95248	-0.00228	0.00258	0.00322	0.99999	
86	0.43000	3.03901	22.75389	-0.83546	0.50599	0.03505	-2.23773	3.09813	0.99924	0.03905	-0.00061	-0.03904	0.99920	0.00883	0.00096	-0.00880	0.99996		1.09190	4.72393	0.32500	-0.13451	0.19939	-17.73066	0.49914	0.95249	0.30454	-0.00348	-0.30455	0.95249	-0.00235	0.00260	0.00330	0.99999	
87	0.43500	3.07351	22.79472	-0.87374	0.49551	0.02237	-2.23458	3.08717	0.99924	0.03899	-0.00039	-0.03899	0.99920	0.00865	0.00073	-0.00863	0.99996		1.04603	4.74494	0.24502	-0.13571	0.20519	-17.73242	0.51410	0.95248	0.30457	-0.00358	-0.30458	0.95248	-0.00237	0.00269	0.00335	0.99999	
88	0.44000	3.04886	22.79614	-0.90529	0.48134	0.01139	-2.23096	3.09337	0.99924	0.03893	-0.00020	-0.03892	0.99921	0.00840	0.00053	-0.00839	0.99996		1.02726	4.73377	0.15067	-0.13810	0.21133	-17.73503	0.49967	0.95247	0.30461	-0.00369	-0.30462	0.95247	-0.00241	0.00278	0.00342	0.99999	
89	0.44500	3.06201	22.81443	-0.91909	0.46924	0.00438	-2.23084	3.08293	0.99924	0.03893	-0.00008	-0.03892	0.99921	0.00819	0.00040	-0.00818	0.99997		1.04996	4.74982	0.07260	-0.14063	0.20708	-17.73380	0.48885	0.95248	0.30459	-0.00361	-0.30460	0.95248	-0.00245	0.00269	0.00344	0.99999	
90	0.45000	3.02606	22.85337	-0.94713	0.45788	-0.00179	-2.22626	3.08627	0.99925	0.03885	0.00003	-0.03884	0.99921	0.00799	0.00028	-0.00799	0.99997		1.03113	4.76715	0.01749	-0.13987	0.21048	-17.73671	0.49406	0.95246	0.30464	-0.00367	-0.30465	0.95246	-0.00244	0.00276	0.00344	0.99999	
91	0.45500	3.03050	22.86092	-0.99172	0.44219	-0.00786	-2.22248	3.10149	0.99925	0.03878	0.00014	-0.03878	0.99922	0.00772	0.00016	-0.00772	0.99997		1.02452	4.75075	-0.07452	-0.14182	0.20851	-17.73487	0.49502	0.95247	0.30461	-0.00364	-0.30462	0.95247	-0.00248	0.00271	0.00347	0.99999	
92	0.46000	3.05459	22.82048	-0.97566	0.41417	-0.02280	-2.21176	3.07198	0.99925	0.03859	0.00040	-0.03859	0.99923	0.00723	-0.00012	-0.00724	0.99997		1.04850	4.77520	-0.14831	-0.13948	0.21302	-17.73549	0.50093	0.95247	0.30462	-0.00372	-0.30463	0.95247	-0.00243	0.00280	0.00345	0.99999	
93	0.46500	2.80229	22.95300	-0.96487	0.37578	-0.04227	-2.14864	2.87097	0.99930	0.03749	0.00074	-0.03750	0.99928	0.00656	-0.00049	-0.00658	0.99998		1.02435	4.79421	-0.23467	-0.13752	0.21177	-17.73399	0.51688	0.95247	0.30460	-0.00370	-0.30461	0.95248	-0.00240	0.00279	0.00341	0.99999	
94	0.47000	3.10815	22.81404	-0.99240	0.37594	-0.04421	-2.20568	3.05710	0.99926	0.03849	0.00077	-0.03849	0.99924	0.00656	-0.00052	-0.00659	0.99998		1.07035	4.79612	-0.29656	-0.13713	0.21045	-17.73396	0.50217	0.95247	0.30460	-0.00367	-0.30461	0.95248	-0.00239	0.00277	0.00340	0.99999	
95	0.47500	3.10278	22.73632	-0.95141	0.33651	-0.06128	-2.19237	3.03272	0.99927	0.03825	0.00107	-0.03826	0.99925	0.00587	-0.00084	-0.00591	0.99998		1.05026	4.83655	-0.35964	-0.13365	0.20789	-17.73598	0.50111	0.95246	0.30463	-0.00363	-0.30464	0.95247	-0.00233	0.00275	0.00333	0.99999	
96	0.48000	2.91726	22.84552	-0.92195	0.29349	-0.08510	-2.12705	2.85105	0.99931	0.03712	0.00149	-0.03712	0.99930	0.00512	-0.00129	-0.00517	0.99999		1.02037	4.84253	-0.43352	-0.13257	0.20907	-17.73795	0.50291	0.95245	0.30466	-0.00365	-0.30467	0.95245	-0.00231	0.00277	0.00332	0.99999	
97	0.48500	2.95983	22.81409	-0.92911	0.26982	-0.09348	-2.12233	2.84784	0.99931	0.03703	0.00163	-0.03704	0.99930	0.00471	-0.00146	-0.00477	0.99999		1.04792	4.88297	-0.52094	-0.12621	0.20762	-17.73598	0.51189	0.95246	0.30463	-0.00362	-0.30464	0.95247	-0.00220	0.00278	0.00320	0.99999	
98	0.49000	2.95934	22.86512	-0.93190	0.25748	-0.09848	-2.12072	2.85409	0.99931	0.03701	0.00172	-0.03701	0.99930	0.00449	-0.00155	-0.00455	0.99999		1.03562	4.92137	-0.58261	-0.12112	0.20812	-17.73943	0.50344	0.95245	0.30469	-0.00363	-0.30470	0.95245	-0.00211	0.00282	0.00312	0.99999	
99	0.49500	2.96943	22.83083	-0.90923	0.23236	-0.10181	-2.11722	2.85076	0.99932	0.03694	0.00178	-0.03695	0.99931	0.00406	-0.00163	-0.00412	0.99999		1.04420	4.94412	-0.65202	-0.11536	0.20397	-17.74098	0.50474	0.95244	0.30471	-0.00356	-0.30472	0.95244	-0.00201	0.00278	0.00300	0.99999	
100	0.50000	2.97720	22.87211	-0.92822	0.21999	-0.10905	-2.11641	2.85411	0.99932	0.03693	0.00190	-0.03694	0.99931	0.00384	-0.00176	-0.00391	0.99999		1.03488	5.09466	-0.77393	-0.09142	0.20330	-17.74581	0.49510	0.95241	0.30479	-0.00355	-0.30480	0.95242	-0.00160	0.00289	0.00260	0.99999	
101	0.50500	2.99389	22.89066	-0.91010	0.20386	-0.11387	-2.10915	2.84386	0.99932	0.03680	0.00199	-0.03681	0.99932	0.00356	-0.00186	-0.00363	0.99999		1.04759	5.11880	-0.82161	-0.08710	0.20121	-17.74803	0.49932	0.95240	0.30483	-0.00351	-0.30484	0.95240	-0.00152	0.00288	0.00252	0.99999	
102	0.51000	2.97260	22.93121	-0.92769	0.19322	-0.11516	-2.10641	2.84300	0.99932	0.03676	0.00201	-0.03676	0.99932	0.00337	-0.00188	-0.00344	0.99999		1.06362	5.12877	-0.88517	-0.08222	0.19779	-17.74727	0.48969	0.95240	0.30482	-0.00345	-0.30482	0.95241	-0.00144	0.00285	0.00242	0.99999	
103	0.51500	2.97444	22.93229	-0.92134	0.17501	-0.11442	-2.10143	2.83920	0.99933	0.03667	0.00200	-0.03667	0.99932	0.00305	-0.00188	-0.00313	0.99999		1.06786	5.16237	-0.92637	-0.07971	0.19487	-17.74685	0.49738	0.95241	0.30481	-0.00340	-0.30482	0.95241	-0.00139	0.00282	0.00236	0.99999	
104	0.52000	2.94001	22.95710	-0.91737	0.16064	-0.11474	-2.10380	2.82875	0.99932	0.03671	0.00200	-0.03672	0.99932	0.00280	-0.00190	-0.00288	0.99999		1.11305	5.18661	-0.97559	-0.07427	0.18995	-17.74697	0.49053	0.95241	0.30481	-0.00332	-0.30482	0.95241	-0.00130	0.00276	0.00225	0.99999	
105	0.52500	2.93849	22.97147	-0.90104	0.14427	-0.11358	-2.09261	2.79495	0.99933	0.03651	0.00198	-0.03652	0.99933	0.00252	-0.00189	-0.00259	0.99999		1.10771	5.21030	-1.03239	-0.07023	0.18358	-17.74916	0.49040	0.95240	0.30485	-0.00320	-0.30485	0.95240	-0.00123	0.00268	0.00214	0.99999	
106	0.53000	2.92949	23.00421	-0.89759	0.13322	-0.11262	-2.09557	2.79750	0.99933	0.03657	0.00197	-0.03657	0.99933	0.00233	-0.00188	-0.00240	1.00000		1.17050	5.23792	-1.07786	-0.06494	0.17586	-17.74732	0.49280	0.95241	0.30482	-0.00307	-0.30482	0.95241	-0.00113	0.00258	0.00202	0.99999	
107	0.53500	2.90545	23.00747	-0.88397	0.11661	-0.11146	-2.08694	2.78574	0.99933	0.03642	0.00195	-0.03642	0.99933	0.00204	-0.00187	-0.00210	1.00000		1.15698	5.25139	-1.10935	-0.05985	0.17349	-17.75244	0.48245	0.95238	0.30490	-0.00303	-0.30491	0.95238	-0.00104	0.00257	0.00192	0.99999	
108	0.54000	2.90517	23.02511	-0.86238	0.10425	-0.11077	-2.08284	2.78044	0.99934	0.03634	0.00193	-0.03635	0.99934	0.00182	-0.00187	-0.00189	1.00000		1.17917	5.27250	-1.14109	-0.05469	0.16549	-17.75068	0.48513	0.95239	0.30487	-0.00289	-0.30488	0.95239	-0.00095	0.00246	0.00179	1.00000	
109	0.54500	2.91189	23.02673	-0.84235	0.08435	-0.11347	-2.07517	2.75808	0.99934	0.03621	0.00198	-0.03621	0.99934	0.00147	-0.00193	-0.00154	1.00000		1.22380	5.31979	-1.17599	-0.04656	0.15849	-17.74831	0.49726	0.95240	0.30484	-0.00277	-0.30484	0.95240	-0.00081	0.00239	0.00162	1.00000	
110	0.55000	2.86631	23.01686	-0.81406	0.06547	-0.11181	-2.07157	2.77547	0.99934	0.03615	0.00195	-0.03615	0.99935	0.00114	-0.00191	-0.00121	1.00000		1.23830	5.35669	-1.20118	-0.03768	0.15380	-17.75137	0.49175	0.95239	0.30489	-0.00268	-0.30489	0.95239	-0.00066	0.00236	0.00144	1.00000	
111	0.55500	2.91937	23.00724	-0.78094	0.04821	-0.11880	-2.06267	2.74373	0.99935	0.03599	0.00207	-0.03599	0.99935	0.00084	-0.00204	-0.00092	1.00000		1.26454	5.36797	-1.21694	-0.03303	0.14686	-17.75007	0.49037	0.95239	0.30486	-0.00256	-0.30487	0.95239	-0.00058	0.00227	0.00133	1.00000	
112	0.56000	2.88817	23.04471	-0.76693	0.03948	-0.11345	-2.05995	2.73849	0.99935	0.03595	0.00198	-0.03595	0.99935	0.00069	-0.00195	-0.00076	1.00000		1.28230	5.38472	-1.24570	-0.02873	0.13959	-17.75213	0.48921	0.95238	0.30490	-0.00244	-0.30490	0.95238	-0.00050	0.00217	0.00122	1.00000	
113	0.56500	2.84933	23.03958	-0.74601	0.02498	-0.10721	-2.05465	2.71783	0.99936	0.03585	0.00187	-0.03585	0.99936	0.00044	-0.00185	-0.00050	1.00000		1.30372	5.40240	-1.27354	-0.02314	0.13486	-17.75335	0.50002	0.95238	0.30492	-0.00235	-0.30492	0.95238	-0.00040	0.00212	0.00110	1.00000	
114	0.57000	2.82028	23.04091	-0.68741	0.01109	-0.10031	-2.04947	2.74027	0.99936	0.03576	0.00175	-0.03576	0.99936	0.00019	-0.00174	-0.00026	1.00000		1.34308	5.43385	-1.29675	-0.01705	0.12373	-17.75080	0.50149	0.95239	0.30488	-0.00216	-0.30488	0.95239	-0.00030	0.00197	0.00094	1.00000	
115	0.57500	2.82269	23.06091	-0.64268	0.00182	-0.10081	-2.04860	2.71149	0.99936	0.03575	0.00176	-0.03575	0.99936	0.00003	-0.00176	-0.00009	1.00000		1.38320	5.47089	-1.31257	-0.00919	0.11516	-17.75072	0.50883	0.95239	0.30488	-0.00201	-0.30488	0.95239	-0.00016	0.00187	0.00077	1.00000	
116	0.58000	2.78913	23.06245	-0.61149	-0.00620	-0.09172	-2.04620	2.69492	0.99936	0.03571	0.00160	-0.03571	0.99936	-0.00011	-0.00160	0.00005	1.00000		1.41551	5.48064	-1.31404	-0.00415	0.10624	-17.75249	0.49526	0.95238	0.30491	-0.00185	-0.30491	0.95238	-0.00007	0.00174	0.00063	1.00000	
117	0.58500	2.83201	23.07068	-0.56917	-0.01946	-0.09164	-2.03423	2.69443	0.99937	0.03550	0.00160	-0.03550	0.99937	-0.00034	-0.00161	0.00028	1.00000		1.42001	5.52053	-1.32374	0.00442	0.09988	-17.75570	0.51061	0.95236	0.30496	-0.00174	-0.30496	0.95237	0.00008	0.00168	0.00046	1.00000	
118	0.59000	2.80637	23.06950	-0.53786	-0.02827	-0.08909	-2.03367	2.68043	0.99937	0.03549	0.00155	-0.03549	0.99937	-0.00049	-0.00157	0.00044	1.00000		1.43073	5.54620	-1.32467	0.00974	0.09032	-17.75370	0.50456	0.95237	0.30493	-0.00158	-0.30493	0.95238	0.00017	0.00155	0.00032	1.00000	
119	0.59500	2.87499	22.92124	-0.41198	-0.06919	-0.10950	-2.02322	2.67239	0.99937	0.03530	0.00191	-0.03530	0.99938	-0.00121	-0.00195	0.00114	1.00000		1.47397	5.57940	-1.31992	0.01670	0.08136	-17.75467	0.49616	0.95237	0.30494	-0.00142	-0.30494	0.95237	0.00029	0.00144	0.00016	1.00000	
120	0.60000	2.86338	22.91738	-0.36487	-0.07921	-0.10258	-2.02211	2.67064	0.99938	0.03529	0.00179	-0.03528	0.99938	-0.00138	-0.00184	0.00132	1.00000		1.50216	5.59175	-1.32646	0.02267	0.07132	-17.75512	0.50348	0.95237	0.30495	-0.00124	-0.30495	0.95237	0.00040	0.00131	0.00000	1.00000	
121	0.60500	2.85779	22.92461	-0.31852	-0.08505	-0.09748	-2.01884	2.68063	0.99938	0.03523	0.00170	-0.03523	0.99938	-0.00148	-0.00175	0.00142	1.00000		1.55273	5.62563	-1.32408	0.02670	0.05868	-17.75649	0.49504	0.95236	0.30497	-0.00102	-0.30497	0.95236	0.00047	0.00112	-0.00013	1.00000	
122	0.61000	2.83059	22.92824	-0.25974	-0.09021	-0.09012	-2.01870	2.67484	0.99938	0.03523	0.00157	-0.03522	0.99938	-0.00157	-0.00163	0.00152	1.00000		1.57618	5.65885	-1.30386	0.03234	0.04458	-17.75745	0.48740	0.95236	0.30499	-0.00078	-0.30499	0.95236	0.00056	0.00091	-0.00030	1.00000	
123	0.61500	2.82807	22.93896	-0.20075	-0.09155	-0.08679	-2.01379	2.66284	0.99938	0.03514	0.00151	-0.03514	0.99938	-0.00160	-0.00157	0.00154	1.00000		1.61119	5.67257	-1.29164	0.03951	0.03261	-17.75740	0.49254	0.95236	0.30499	-0.00057	-0.30499	0.95236	0.00069	0.00075	-0.00048	1.00000	
124	0.62000	2.82054	22.92092	-0.15307	-0.09636	-0.08238	-2.01359	2.65913	0.99938	0.03514	0.00144	-0.03513	0.99938	-0.00168	-0.00150	0.00163	1.00000		1.61592	5.68340	-1.29004	0.04242	0.02661	-17.75771	0.49892	0.95235	0.30499	-0.00046	-0.30499	0.95235	0.00074	0.00067	-0.00056	1.00000	
125	0.62500	2.84090	22.94176	-0.08618	-0.09502	-0.07665	-2.01429	2.65837	0.99938	0.03515	0.00134	-0.03515	0.99938	-0.00166	-0.00140	0.00161	1.00000		1.66984	5.71160	-1.26716	0.04663	0.01292	-17.76021	0.50023	0.95234	0.30503	-0.00023	-0.30503	0.95234	0.00081	0.00046	-0.00071	1.00000	
126	0.63000	2.81217	22.93350	-0.00728	-0.09757	-0.07040	-2.00915	2.64560	0.99938	0.03506	0.00123	-0.03506	0.99938	-0.00170	-0.00129	0.00166	1.00000		1.68152	5.73967	-1.24616	0.05201	0.00098	-17.75984	0.50965	0.95234	0.30503	-0.00002	-0.30503	0.95234	0.00091	0.00029	-0.00086	1.00000	
127	0.63500	2.78424	22.93920	0.05535	-0.09699	-0.05885	-2.01335	2.64998	0.99938	0.03513	0.00103	-0.03513	0.99938	-0.00169	-0.00109	0.00166	1.00000		1.76812	5.79443	-1.21118	0.05919	-0.01501	-17.75832	0.50427	0.95235	0.30500	0.00026	-0.30500	0.95235	0.00103	0.00007	-0.00106	1.00000	
128	0.64000	2.71954	22.94021	0.11132	-0.09389	-0.05233	-2.01337	2.64187	0.99938	0.03513	0.00091	-0.03513	0.99938	-0.00164	-0.00097	0.00161	1.00000		1.73752	5.78794	-1.18828	0.05985	-0.02553	-17.76132	0.50000	0.95234	0.30505	0.00045	-0.30505	0.95233	0.00104	-0.00011	-0.00113	1.00000	
129	0.64500	2.74431	22.93807	0.18285	-0.09091	-0.05122	-2.01276	2.64897	0.99938	0.03512	0.00089	-0.03512	0.99938	-0.00159	-0.00095	0.00155	1.00000		1.78800	5.81456	-1.15607	0.06439	-0.04038	-17.76020	0.50311	0.95234	0.30503	0.00070	-0.30503	0.95234	0.00112	-0.00033	-0.00129	1.00000	
130	0.65000	2.73162	22.94029	0.24078	-0.08815	-0.04414	-2.01141	2.64426	0.99938	0.03510	0.00077	-0.03510	0.99938	-0.00154	-0.00082	0.00151	1.00000		1.82333	5.84373	-1.10623	0.06724	-0.05532	-17.76243	0.50310	0.95233	0.30507	0.00097	-0.30507	0.95233	0.00117	-0.00056	-0.00141	1.00000	
131	0.65500	2.69965	22.91716	0.31786	-0.08347	-0.03638	-2.01257	2.63667	0.99938	0.03512	0.00063	-0.03512	0.99938	-0.00146	-0.00069	0.00143	1.00000		1.83355	5.87411	-1.07187	0.07036	-0.06562	-17.76291	0.50094	0.95233	0.30508	0.00115	-0.30508	0.95233	0.00123	-0.00072	-0.00152	1.00000	
132	0.66000	2.68606	22.90994	0.39261	-0.08024	-0.02928	-2.01404	2.64267	0.99938	0.03514	0.00051	-0.03514	0.99938	-0.00140	-0.00056	0.00138	1.00000		1.89061	5.90079	-1.02592	0.07429	-0.08166	-17.76441	0.49819	0.95232	0.30510	0.00143	-0.30511	0.95232	0.00130	-0.00096	-0.00167	1.00000	
133	0.66500	2.66015	22.90314	0.47066	-0.07423	-0.02263	-2.01359	2.63799	0.99938	0.03514	0.00040	-0.03514	0.99938	-0.00130	-0.00044	0.00128	1.00000		1.93754	5.91569	-0.96938	0.07728	-0.09705	-17.76327	0.49280	0.95232	0.30508	0.00169	-0.30509	0.95232	0.00135	-0.00120	-0.00180	1.00000	
134	0.67000	2.65938	22.92191	0.52692	-0.06430	-0.02116	-2.01611	2.64833	0.99938	0.03518	0.00037	-0.03518	0.99938	-0.00112	-0.00041	0.00111	1.00000		1.96289	5.94788	-0.92388	0.07953	-0.11211	-17.76812	0.48523	0.95230	0.30516	0.00196	-0.30517	0.95230	0.00139	-0.00144	-0.00192	1.00000	
135	0.67500	2.62398	22.92186	0.60669	-0.05434	-0.01279	-2.01795	2.63684	0.99938	0.03521	0.00022	-0.03521	0.99938	-0.00095	-0.00026	0.00094	1.00000		1.98997	5.98465	-0.85586	0.08306	-0.12920	-17.76722	0.49173	0.95230	0.30515	0.00226	-0.30515	0.95230	0.00145	-0.00171	-0.00207	1.00000	
136	0.68000	2.66119	22.89221	0.67198	-0.04805	-0.01393	-2.01829	2.63331	0.99938	0.03522	0.00024	-0.03522	0.99938	-0.00084	-0.00027	0.00083	1.00000		2.04142	5.98318	-0.81277	0.08308	-0.14260	-17.76560	0.49099	0.95231	0.30512	0.00249	-0.30513	0.95231	0.00145	-0.00193	-0.00214	1.00000	
137	0.68500	2.58455	22.89761	0.75213	-0.03678	-0.00560	-2.02357	2.65008	0.99938	0.03531	0.00010	-0.03531	0.99938	-0.00064	-0.00012	0.00064	1.00000		2.04286	6.01727	-0.76297	0.08349	-0.15724	-17.76524	0.49250	0.95231	0.30512	0.00274	-0.30512	0.95231	0.00146	-0.00217	-0.00222	1.00000	
138	0.69000	2.55320	22.90317	0.82569	-0.02354	0.00143	-2.02503	2.65987	0.99938	0.03534	-0.00003	-0.03534	0.99938	-0.00041	0.00001	0.00041	1.00000		2.07483	6.05619	-0.68724	0.08522	-0.17675	-17.77005	0.47561	0.95228	0.30520	0.00308	-0.30520	0.95229	0.00149	-0.00248	-0.00236	0.99999	
139	0.69500	2.58067	22.85328	0.90094	-0.01746	0.00185	-2.02621	2.65967	0.99937	0.03536	-0.00003	-0.03536	0.99937	-0.00030	0.00002	0.00031	1.00000		2.12746	6.05430	-0.61620	0.08390	-0.18949	-17.76786	0.48108	0.95230	0.30516	0.00331	-0.30517	0.95230	0.00146	-0.00270	-0.00240	0.99999	
140	0.70000	2.54640	22.86089	0.98940	-0.00668	0.00048	-2.02774	2.67053	0.99937	0.03538	-0.00001	-0.03538	0.99937	-0.00012	0.00000	0.00012	1.00000		2.14586	5.99149	-0.51758	0.06819	-0.20762	-17.76723	0.49092	0.95230	0.30515	0.00362	-0.30515	0.95230	0.00119	-0.00309	-0.00224	0.99999	
